-1.523	47	33
-1.527	47	35
-1.51	38	25
-1.605	50	34
-1.502	31	25
-1.535	55	43
-1.536	40	23
-1.509	41	27
-1.516	46	32
-1.562	30	18
-1.495	27	15
-1.545	46	34
-1.519	42	30
-1.522	49	37
-1.557	32	20
-1.546	54	34
-1.538	30	18
-1.511	41	29
-1.504	34	22
-1.521	46	24
-1.539	46	35
-1.532	31	19
-1.448	33	21
-1.518	30	19
-1.514	52	35
-1.453	39	26
-1.514	46	26
-1.563	31	20
-1.499	37	24
-1.546	58	40
-1.535	34	22
-1.513	42	21
-1.569	28	16
-1.483	25	18
-1.517	30	18
-1.535	52	39
-1.513	58	37
-1.509	30	25
-1.589	40	28
-1.575	49	29
-1.589	53	37
-1.518	32	27
-1.521	26	14
-1.582	43	31
-1.517	51	38
-1.518	40	29
-1.528	35	23
-1.568	49	35
-1.512	26	14
-1.515	28	16
-1.526	32	20
-1.504	57	42
-1.529	68	41
-1.572	45	35
-1.516	35	23
-1.557	34	22
-1.549	38	27
-1.597	46	33
-1.488	30	18
-1.516	36	24
-1.503	43	31
-1.516	41	27
-1.507	37	22
-1.513	39	29
-1.508	63	38
-1.511	28	16
-1.512	56	40
-1.514	30	18
-1.528	36	23
-1.532	38	26
-1.503	32	21
-1.514	46	24
-1.508	36	24
-1.506	42	30
-1.517	35	26
-1.521	33	21
-1.523	38	26
-1.532	51	35
-1.581	31	19
-1.53	29	17
-1.492	39	28
-1.537	25	13
-1.498	37	22
-1.559	37	25
-1.58	40	28
-1.463	44	27
-1.508	32	20
-1.549	31	19
-1.501	41	28
-1.603	40	27
-1.525	37	25
-1.537	55	40
-1.524	52	39
-1.515	43	30
-1.506	36	23
-1.534	26	14
-1.524	30	18
-1.532	52	32
-1.55	39	27
-1.526	62	28
-1.519	53	33
-1.583	87	56
-1.435	27	15
-1.568	37	25
-1.459	44	31
-1.529	44	27
-0.27	25	14
-1.531	32	24
-1.57	74	44
-1.538	31	19
-1.537	52	35
-1.584	27	15
-1.519	47	35
-1.523	36	24
-1.527	34	23
-0.044	28	20
-1.532	71	43
-1.513	35	22
-1.526	54	32
-1.486	27	16
-1.516	38	26
-1.495	41	21
-1.532	58	36
-1.493	34	22
-1.55	69	49
-1.5	32	20
-1.505	35	28
-1.528	26	14
-1.555	35	23
-1.554	44	31
-1.495	32	21
-1.57	34	22
-1.588	38	26
-1.509	56	39
-1.536	30	18
-1.515	33	21
-1.543	36	22
-1.503	27	15
-1.5	26	26
-1.508	28	16
0.118	58	40
-1.501	30	19
-1.531	49	33
-1.554	29	17
-1.524	47	24
-1.528	37	25
-1.523	33	21
-1.503	59	31
-1.575	47	32
-1.514	42	24
-1.524	28	16
-1.567	38	26
-1.538	38	26
-1.526	56	34
-1.472	37	26
-1.51	39	33
-1.518	46	30
-1.589	46	28
-1.526	53	36
-1.522	44	31
-1.504	32	20
-1.524	31	19
-1.537	43	30
-1.541	34	22
-1.487	45	34
-1.519	35	24
-1.537	64	43
-1.42	36	26
-1.576	47	30
-1.508	30	26
-1.517	67	50
-1.511	43	27
-1.494	34	23
-1.545	29	17
-1.541	66	52
-1.533	31	19
-1.446	25	13
-1.511	35	23
-1.521	34	22
-1.542	29	17
-1.527	38	25
-1.583	39	27
-1.586	45	26
-1.532	40	25
-1.526	40	28
-1.522	40	30
-1.53	45	30
-1.262	24	12
-1.548	37	26
-1.529	41	23
-1.529	35	23
-0.07	27	15
-1.539	38	26
-1.502	42	31
-1.519	50	33
-1.523	33	21
-1.596	62	42
-1.522	42	28
-1.526	28	16
-1.506	29	18
-1.578	35	23
-1.515	21	9
-1.535	46	32
-1.553	40	27
-1.526	34	22
-1.421	29	17
-1.538	39	27
-1.57	29	17
-1.539	52	39
-1.533	39	25
-1.523	43	26
-1.517	33	21
-1.516	30	23
-1.54	43	29
-1.53	29	17
-1.52	46	27
-1.51	24	19
-1.532	39	27
-1.528	50	38
-1.554	43	29
-1.547	40	28
-1.515	28	16
-1.513	49	34
-1.505	26	14
-1.583	56	35
-1.5	41	29
-1.507	54	43
-1.513	34	22
-1.567	35	24
-1.515	30	18
-1.519	54	39
-1.495	41	30
-1.523	34	22
-1.54	31	19
-1.513	39	23
-1.572	37	25
-1.486	24	20
-1.483	29	17
-1.524	40	24
-1.483	25	13
-1.508	46	34
-1.525	38	26
-1.535	36	23
-1.549	28	16
-1.58	64	48
-1.521	43	26
-1.518	32	21
-1.519	39	27
-1.509	26	20
-1.551	37	26
-1.531	45	33
-1.547	33	21
-1.519	30	18
-1.52	53	32
-1.583	58	39
-1.449	40	30
-1.477	37	23
-1.518	25	13
-1.43	32	20
-1.527	55	39
-1.577	38	26
-1.504	36	25
-1.544	49	32
-1.526	53	31
-1.52	33	21
-1.509	30	18
-1.523	36	24
-1.514	29	18
-1.519	52	30
-1.503	39	26
-1.455	44	26
-1.546	30	18
-1.507	19	19
-1.497	42	29
-1.513	72	41
-1.543	49	29
-1.517	47	30
-1.553	44	31
-1.458	26	14
-1.537	45	30
-1.498	37	25
-1.575	51	37
-1.527	35	23
-1.379	30	18
-1.526	52	37
-1.532	51	37
-1.521	46	27
-1.517	41	29
-1.576	60	36
-1.499	28	22
-1.522	41	22
-1.492	28	17
-1.565	30	22
-1.45	55	38
-1.557	41	29
-1.495	29	18
-1.537	31	19
-1.57	49	31
-0.167	49	33
-1.536	57	31
-1.52	59	41
-1.503	48	35
-1.467	34	22
-1.528	48	35
-1.508	29	24
-1.492	48	35
-1.586	41	29
-1.518	48	32
-1.499	51	36
-1.522	43	30
-1.506	43	27
-1.521	52	33
-1.51	27	15
-1.536	50	25
-1.588	37	25
-1.527	43	32
-1.499	25	25
-1.485	30	20
-1.525	36	24
-1.531	41	28
-1.53	29	17
-1.518	42	28
-1.53	43	29
-1.586	41	22
-1.541	46	24
-1.497	29	17
-1.55	49	30
-1.524	69	47
-1.509	35	23
-1.562	28	16
-1.585	59	44
-1.512	64	32
-1.504	34	23
-1.579	42	28
-1.506	34	22
-1.467	35	24
-1.498	37	25
-1.566	37	25
-1.524	44	29
-1.509	50	28
-1.556	38	26
-1.578	59	37
0.697	23	11
-1.526	55	39
-1.513	43	31
-1.553	44	32
-1.571	44	29
-1.57	44	29
-1.523	81	44
-1.53	48	25
-1.555	28	16
-1.545	51	27
-1.525	29	18
-1.579	30	18
-1.528	35	23
-1.557	47	31
-1.556	30	18
-1.519	35	24
-1.58	62	42
-1.518	49	28
-1.556	31	19
-1.492	31	20
-1.532	56	36
-1.526	40	28
-1.525	74	37
-1.527	49	27
-1.555	42	32
-1.515	38	26
-1.529	52	28
-1.557	38	25
0.963	23	12
-1.533	30	18
-1.514	26	21
-1.524	39	26
-1.577	32	20
-1.51	48	36
-1.527	52	31
-1.486	34	24
0.955	69	43
-1.523	30	18
-0.357	27	15
-1.558	39	28
-1.551	46	34
-1.52	39	27
-1.506	39	27
-1.515	39	27
-0.936	33	22
-1.576	44	31
-1.476	32	21
-1.58	64	42
-1.517	57	35
-1.563	53	31
-1.495	34	22
-1.435	46	31
-1.558	35	23
-1.551	77	46
-1.531	55	37
-1.525	33	21
-1.534	55	32
-1.523	37	25
-1.457	34	22
-1.523	33	21
-1.531	33	22
-1.544	60	46
-1.505	48	37
-1.553	43	29
-1.582	44	30
-1.519	34	20
-1.585	36	24
-1.535	53	34
-1.541	38	23
-1.524	37	25
-1.519	36	20
-1.548	76	50
-1.547	27	15
-1.517	35	21
-1.524	39	28
-1.529	41	27
-1.527	34	23
-1.525	56	37
-1.553	62	41
-1.402	24	12
-1.518	33	21
-1.522	43	31
-1.549	39	26
-1.577	35	21
-1.528	40	28
-1.532	39	27
-1.577	35	23
-1.554	34	22
-1.528	33	21
-1.518	61	34
-1.55	56	36
-1.51	43	31
-1.536	52	36
-1.515	23	17
-1.511	29	18
-1.525	39	27
-1.519	34	22
-1.497	41	25
-1.56	48	33
-1.534	32	20
-1.579	69	46
-1.528	55	33
-1.538	41	28
-1.587	73	37
-1.461	55	38
-1.591	63	41
-1.562	42	26
-1.535	39	25
-1.524	35	24
-1.482	44	31
-1.486	58	35
-1.525	35	23
-1.497	29	17
-1.559	43	28
-1.516	31	19
-1.511	49	26
-1.528	31	19
-1.553	53	36
-1.557	29	17
-1.555	55	33
-1.517	17	17
-1.469	33	21
-1.518	66	47
-1.315	30	19
-1.585	44	25
-1.52	44	31
-1.447	25	13
-1.583	49	37
-1.498	31	19
-1.551	40	28
-1.568	53	31
-1.525	30	18
-1.455	41	27
-1.522	35	23
-1.562	28	16
-1.509	37	26
-1.502	31	19
-1.575	26	14
-1.507	52	37
-1.53	45	34
-1.519	36	24
-1.561	34	22
-1.518	35	30
-1.497	29	23
-1.506	43	30
-1.532	42	30
-1.559	49	30
-1.53	49	34
-1.522	39	27
-1.539	32	20
-1.542	44	32
-1.514	52	31
-1.486	28	16
-1.549	65	39
-1.514	37	25
-1.544	58	38
-1.554	34	22
-1.541	37	25
-1.518	31	22
-1.505	25	25
-1.572	60	45
-1.517	45	30
-1.587	45	27
-1.535	36	24
-1.575	32	24
-1.56	46	34
-1.566	40	23
-1.516	39	23
-1.533	43	27
-1.508	66	41
-1.528	32	20
-1.584	30	18
-1.516	28	16
-1.566	40	28
-1.516	25	13
-1.509	32	20
-1.535	34	22
-1.523	30	18
-1.538	47	34
-1.558	45	24
-1.48	27	15
-1.478	43	31
-1.531	53	36
-1.532	31	19
-1.51	39	28
-1.533	37	25
-1.513	42	29
-1.532	41	29
-1.53	55	40
-1.524	46	34
-1.503	38	26
-1.564	38	26
-1.533	57	43
-1.545	32	20
-1.533	44	25
-1.518	36	24
-1.512	32	20
-1.518	30	18
-1.528	38	23
-1.513	41	29
-1.524	28	16
-1.498	35	23
-1.582	37	25
-1.51	24	12
-1.525	53	34
-1.524	52	30
-1.499	41	27
-1.517	49	37
-1.339	33	26
-1.571	46	31
-1.53	34	22
-1.568	38	25
-1.539	47	33
-1.503	31	20
-1.505	39	28
-1.523	58	32
-1.527	39	26
-1.564	34	22
-1.507	46	31
-1.494	43	22
-1.501	31	19
-1.506	57	46
-1.346	38	26
-1.549	31	19
-1.591	43	31
-1.52	50	38
-1.53	31	19
-1.572	43	30
-1.589	43	30
-1.541	56	35
-1.523	27	15
-1.524	58	36
-1.518	48	26
-1.516	33	20
-1.572	37	25
-1.531	42	31
-1.5	38	27
-1.536	31	24
-1.531	46	31
-1.564	70	38
-1.517	30	18
-1.526	43	31
-1.508	64	44
-1.515	45	30
-1.528	47	32
-1.521	35	23
-1.525	55	34
-1.519	59	40
-1.552	38	26
-1.554	52	30
-1.503	47	31
-1.523	43	31
-1.518	40	28
-1.534	31	19
-1.506	24	17
-1.506	48	36
-1.522	29	17
-1.534	39	26
-1.532	30	20
-1.512	36	24
-1.54	67	39
-1.553	28	16
-1.522	37	24
-1.515	45	34
-1.533	32	20
-1.522	48	27
-1.521	41	30
-1.515	64	49
-1.521	33	22
-1.564	38	31
-1.553	28	16
-1.576	30	18
-1.518	52	33
-1.502	35	24
-1.544	37	25
-1.536	30	23
-1.493	28	22
-1.549	90	45
-1.514	33	21
-1.514	40	28
-1.507	37	25
-1.533	51	40
-1.561	27	22
-1.541	26	21
-1.482	36	25
-1.555	28	24
-1.51	33	21
-1.576	41	29
-1.515	42	26
-1.521	36	22
-0.744	31	19
-1.527	40	28
-1.506	35	22
-1.549	45	28
-1.571	46	28
-1.514	30	19
-1.498	25	13
-1.524	38	26
-1.525	30	18
-1.508	33	21
-1.525	53	30
-1.51	36	24
-1.5	31	19
-1.532	43	30
-1.515	67	46
-1.524	31	19
-1.584	33	21
-1.526	29	17
-1.526	47	34
-1.537	50	37
-1.519	39	27
-1.525	40	25
-1.532	54	31
-1.55	44	31
-1.602	60	38
-1.525	55	32
-1.569	32	20
-1.501	50	36
-1.513	30	18
-1.545	19	19
-1.559	39	24
-1.525	42	26
-1.506	29	17
-1.527	53	39
-1.532	85	64
-1.574	26	21
-1.539	27	15
-1.528	42	27
-1.516	32	20
-1.532	41	25
-1.562	64	34
-1.517	33	21
-1.532	41	26
-1.519	31	20
-1.544	28	22
-1.473	46	33
-1.562	40	26
-1.473	27	15
-1.538	42	35
-1.502	45	23
-1.434	37	26
-1.511	38	27
-1.523	38	26
-1.509	52	31
-1.566	28	16
-1.509	24	24
-1.542	29	17
-1.518	32	26
-1.482	26	15
-1.588	45	32
-1.569	35	23
-1.58	36	25
-1.575	29	17
-1.479	40	26
-1.606	54	35
-1.526	42	30
-1.567	39	27
-1.49	31	21
-1.513	32	20
-1.498	35	23
-1.503	44	30
-1.57	32	22
1.629	35	14
-1.527	24	12
-1.542	32	20
-1.517	32	21
-1.527	26	14
-1.516	41	30
-0.965	40	28
-1.519	29	17
-1.555	28	16
-1.567	35	23
-1.564	57	35
-1.516	56	38
-1.539	35	23
-1.502	61	41
-1.539	37	25
-1.511	39	28
-1.537	40	28
-1.521	38	26
-1.523	40	29
-1.518	31	19
-1.504	37	22
-1.518	58	36
0.187	27	18
-1.501	35	25
-1.51	28	16
-1.501	43	31
-1.544	49	34
-1.521	59	42
-1.529	32	20
-1.525	43	30
-1.567	35	27
-1.458	29	17
-1.525	60	41
-1.542	42	30
-1.575	33	22
-1.535	40	28
-1.54	57	34
-1.562	61	38
-1.519	46	30
-1.527	63	33
-1.454	28	17
-1.532	44	28
-0.614	37	23
-1.519	33	21
-1.527	38	26
-1.577	44	27
-1.532	31	19
-1.553	33	21
-1.513	40	28
-1.523	35	24
-1.515	34	22
-1.529	30	18
-1.505	25	13
-1.578	44	31
-1.511	30	18
-1.509	33	21
-1.444	39	26
-1.523	36	24
-1.43	27	15
-1.466	33	21
-1.498	34	23
-1.543	34	22
-1.527	64	40
-1.527	43	31
-1.438	27	15
-1.527	78	58
-1.522	53	42
-1.493	32	20
-1.367	35	24
-1.533	31	20
-1.524	67	45
-1.417	24	13
-1.507	28	17
-1.514	43	22
-1.503	33	21
-1.582	52	38
-1.566	46	33
-1.529	75	47
-1.535	32	20
-1.521	41	30
-1.521	36	24
-1.509	31	19
-1.494	34	24
-1.406	32	21
-1.497	41	35
-1.524	35	23
-1.541	45	33
-1.492	31	19
-1.549	42	30
-1.532	33	21
-1.533	27	21
-1.516	39	25
-1.574	51	36
-1.517	38	27
-1.584	37	25
-1.529	44	24
-1.552	43	26
-1.477	31	20
-1.522	52	32
-1.506	31	19
-1.547	61	38
-1.52	32	21
-1.536	28	16
-1.515	40	24
-1.515	44	26
-1.584	36	24
-1.534	32	20
-1.563	30	18
-1.542	52	33
-1.509	55	43
-1.521	39	23
-1.523	32	20
-1.425	28	16
-1.501	51	41
-1.455	27	16
-1.505	28	17
-1.534	61	41
-1.515	50	30
-1.516	46	25
-0.737	59	48
-1.398	35	24
-1.507	45	31
-0.252	35	22
-1.586	51	36
-1.518	40	26
-1.574	38	26
-1.547	51	28
-1.518	43	27
-1.584	53	36
-1.564	28	16
-1.522	46	28
-1.532	46	32
-1.502	28	17
-1.523	44	26
-1.525	58	34
-1.534	35	21
-1.532	50	31
-1.499	35	23
-1.534	47	31
-1.515	44	33
-1.499	32	20
-1.506	31	19
-1.539	50	28
-1.549	44	33
-1.526	51	33
-1.52	37	25
-1.494	31	19
-1.515	41	29
-1.526	39	27
-1.552	31	25
-1.518	48	31
-1.516	47	32
-1.526	59	40
-1.537	47	35
-1.529	36	24
-1.494	28	18
-1.516	44	33
-1.547	39	27
-1.532	37	25
-1.575	30	18
-1.528	36	24
-1.535	28	16
-1.508	30	18
-1.54	41	30
-1.578	43	31
-1.524	31	19
-1.511	44	31
-1.517	37	25
-1.522	37	26
-1.504	38	26
-1.557	46	32
-1.51	27	15
-1.506	39	27
-1.548	42	30
-1.523	37	25
-1.517	31	19
-1.582	74	50
-1.52	43	27
-1.518	42	28
-1.53	45	34
-1.534	44	29
-1.523	32	20
-1.501	25	20
-1.569	35	23
-1.568	47	34
-1.503	31	19
-1.531	35	23
-1.585	55	33
-1.582	52	37
-1.51	30	19
-1.555	37	25
-1.521	47	30
-1.526	51	33
-1.576	39	27
-1.53	42	29
-1.582	41	29
-1.497	30	19
-1.523	43	31
-1.532	44	27
-1.518	47	30
-1.534	51	31
-1.525	35	23
-1.52	49	28
-1.522	35	23
-1.519	30	18
-1.559	29	18
-1.54	29	17
-1.538	40	26
-1.515	46	27
-1.508	36	24
-1.511	27	15
-1.513	51	31
-1.367	28	17
-1.525	33	21
-1.58	27	15
-1.568	52	39
-1.547	42	30
-1.504	43	31
-1.557	32	20
-1.558	42	30
-1.509	39	27
-1.556	29	18
-1.508	31	19
-1.522	50	35
-1.541	44	31
-1.489	17	17
-1.573	39	27
-1.439	45	27
-1.576	47	28
-1.544	56	37
-1.479	33	21
-1.503	32	25
-1.532	37	26
-1.544	43	22
-1.512	27	15
-1.578	41	23
-1.47	72	46
-1.508	26	22
-1.491	52	37
-1.551	55	36
-1.522	41	26
-1.569	48	28
-1.53	49	31
-1.531	39	27
-1.529	32	20
-1.564	37	25
-1.466	28	17
-1.519	38	26
-1.531	50	31
-1.467	36	24
-1.521	42	30
-1.567	48	34
-1.524	45	33
-1.525	33	21
-1.514	54	43
-0.732	39	21
-1.404	27	16
-1.527	70	42
-1.525	34	22
-1.546	57	31
-1.52	31	19
-1.548	37	25
-1.499	30	18
-1.553	42	31
-1.52	28	16
-1.511	36	24
-1.513	37	26
-1.5	24	20
-1.535	71	40
-1.091	27	16
-1.497	45	24
-1.545	45	33
-1.582	29	17
-1.59	55	41
-1.579	40	27
-1.549	54	34
-1.504	42	29
-1.577	40	29
-1.585	38	26
-1.532	29	17
-1.53	46	29
-1.531	43	25
-1.508	32	21
-1.547	20	20
-1.531	35	24
-1.523	42	28
-1.542	47	36
-1.529	75	58
-1.588	55	36
-1.519	39	27
-1.515	25	14
-1.454	36	22
-1.536	44	25
-1.512	40	28
-1.489	26	21
-1.517	28	16
-1.531	30	18
-1.514	44	32
-1.515	37	25
-1.534	32	20
-1.535	41	26
-0.915	29	17
-1.512	37	25
-1.568	34	23
-1.558	41	29
-1.505	33	22
-1.527	36	24
-1.529	31	19
-1.542	26	14
-1.53	29	24
-1.539	46	34
-1.52	30	25
-1.568	40	28
-0.578	37	24
-1.566	54	38
-1.544	50	35
-1.574	65	42
-1.52	59	35
-1.538	35	23
-1.496	33	21
-1.513	25	13
-1.521	20	20
-1.511	25	14
-1.516	37	25
-1.506	46	33
-1.556	55	41
-1.514	32	21
-1.57	38	26
0.523	27	16
-1.54	36	24
-1.516	39	25
-1.483	31	20
-1.598	44	32
-1.538	33	21
-1.574	38	27
-1.472	31	21
-1.275	47	38
-1.508	31	19
-1.538	60	42
-1.385	23	11
-1.509	37	25
-1.52	35	23
-1.525	45	30
-1.534	35	23
-1.516	19	19
1.348	24	12
-1.511	44	33
-1.523	41	29
-1.543	27	15
-1.5	27	16
-1.511	40	20
-1.508	29	19
-1.572	36	23
-1.518	27	15
-1.583	50	35
-1.533	34	22
-1.516	45	25
-1.517	41	29
-1.478	29	19
-1.508	30	18
-1.54	49	34
-1.59	59	38
-1.536	44	31
-1.527	26	14
-1.565	51	32
-1.544	43	26
-1.502	40	29
-1.482	29	17
-1.528	29	17
-1.551	42	30
-1.541	31	26
-1.53	49	32
-1.533	25	13
-1.531	31	19
-1.538	52	36
-1.515	59	36
-1.484	29	18
-1.532	34	22
-1.515	38	26
-1.555	43	32
-1.56	62	37
-1.535	36	24
-1.522	38	27
-1.52	44	23
-1.529	60	43
-1.528	42	21
-1.532	45	29
-1.515	46	34
-1.519	45	33
-1.532	39	27
-1.523	41	28
-1.522	32	20
-1.528	31	19
-1.574	40	28
-1.533	89	66
-1.52	36	24
-1.501	45	25
-1.579	34	22
-1.527	44	28
-1.539	42	29
-1.558	34	22
-1.558	38	26
-1.504	49	30
-0.069	23	13
-1.481	30	20
-1.557	33	21
-1.57	33	21
-1.516	32	20
-1.48	43	25
-1.542	28	16
-1.511	26	14
-1.531	36	23
-1.479	44	32
-1.531	45	22
-1.581	36	24
-1.547	30	18
-1.569	44	32
-1.524	46	33
-1.493	27	15
-1.52	54	35
-1.524	19	19
-1.507	28	16
-1.553	37	24
-1.336	44	29
-1.533	47	30
-1.494	30	18
-1.54	46	29
-1.484	38	26
-1.515	35	23
-1.519	30	18
-1.532	37	22
-1.488	38	25
-1.516	27	15
-1.524	57	36
-1.505	29	21
-1.571	23	16
-1.538	56	32
-1.523	39	26
-1.492	28	16
-1.582	33	21
-1.567	32	20
-1.54	33	21
-1.519	35	23
-1.553	39	27
-1.592	48	26
-1.51	33	21
-1.527	31	19
-1.523	45	24
-1.538	37	25
-1.529	48	34
-1.516	27	15
-1.476	22	16
-1.549	34	22
-1.544	70	43
-1.523	34	22
-1.523	28	16
-1.535	45	30
-1.522	63	37
-1.525	34	20
-1.57	36	25
-1.518	34	22
-1.526	46	27
-1.521	60	40
-1.525	39	27
-1.53	29	17
-1.542	51	33
-1.514	32	20
-1.567	42	30
-1.599	56	38
-1.526	30	18
-1.539	48	28
-1.525	47	33
-1.56	45	30
-1.536	52	33
-1.54	49	37
-1.526	47	34
-1.509	29	19
-1.508	37	25
-1.511	40	29
-1.528	38	26
-1.487	30	19
-0.869	28	17
-1.526	78	46
-1.528	56	34
-1.521	29	17
-1.536	53	33
-1.573	60	45
-1.586	39	25
-1.526	38	25
-1.522	35	23
-1.525	50	28
-1.519	48	31
-1.53	47	33
-1.517	51	35
-1.535	52	39
-1.528	63	47
-1.522	59	41
-1.509	32	20
-1.511	37	25
-1.586	62	36
-1.508	89	59
-1.523	36	22
-1.547	38	26
-1.519	35	23
-1.494	26	14
-1.489	30	19
-1.496	25	13
-1.537	46	34
-1.519	61	43
-1.468	29	17
-1.537	70	39
-1.549	39	25
-1.517	47	34
-1.518	25	19
-1.535	34	19
-1.561	53	36
-1.513	40	26
-1.502	30	18
1.235	28	17
-1.524	45	30
-1.564	35	23
-1.539	35	23
-1.544	33	22
-1.494	26	14
-1.565	47	36
-1.439	32	20
-1.516	41	29
-1.51	41	29
1.492	20	10
-1.497	31	23
-1.503	33	21
-1.566	34	22
-1.518	38	26
-1.516	25	13
-1.492	26	14
-1.519	28	17
-1.505	39	28
-1.551	50	32
-1.534	33	21
-1.544	49	35
-1.53	51	36
-1.542	44	31
-1.505	33	21
-1.518	28	16
-1.552	27	15
-1.583	37	26
-1.527	45	25
-1.5	24	12
-1.505	33	21
-1.523	48	36
-1.517	43	31
-1.543	31	19
-1.53	35	23
-1.576	42	27
-1.473	33	21
-1.516	84	65
-1.502	24	19
-1.546	36	24
-1.526	61	49
-1.528	27	15
-1.498	39	27
-1.6	47	34
-1.579	56	42
-1.523	30	25
-1.477	29	18
1.473	41	29
-1.534	46	29
-1.552	48	28
-1.531	33	21
-1.531	39	27
-1.518	29	23
-1.561	38	27
-1.594	37	25
-1.512	35	23
-1.507	25	13
-1.537	46	29
-1.533	25	13
-1.535	68	38
-1.553	50	27
-1.556	47	27
-1.515	53	33
-1.578	34	22
-1.592	42	23
-1.524	53	33
-1.564	37	25
-1.509	28	16
-0.869	30	18
-1.529	40	28
-1.527	52	40
-1.575	44	32
-1.534	40	27
-1.519	57	43
-1.215	54	38
-1.525	29	22
-1.537	41	29
-1.542	50	31
-1.515	34	23
-1.526	49	31
-1.533	56	33
-1.512	43	29
-1.522	40	28
-1.531	31	19
-1.558	32	20
-1.51	20	20
-1.52	85	55
-1.379	29	18
-1.566	52	33
-1.515	29	17
-1.546	45	30
-1.536	36	24
-1.487	33	21
-1.507	47	36
-1.516	62	46
-1.407	26	14
-1.572	37	25
-1.513	26	14
-1.519	55	32
-1.525	36	24
-1.519	34	22
-1.511	30	18
-1.524	44	31
-1.564	47	36
-1.496	38	25
-1.514	37	25
-1.519	51	31
-1.444	28	16
-1.503	49	29
-1.483	30	18
-1.531	49	37
-1.528	46	32
0.455	35	18
-1.493	30	18
-1.528	33	21
-1.511	31	19
-1.475	29	17
-1.514	33	21
-1.522	29	17
-1.534	31	20
-1.509	28	16
-1.536	50	27
-1.582	30	18
-1.515	33	31
-1.511	46	29
0.094	24	12
-1.534	29	17
-1.527	44	30
-1.526	33	21
-1.514	32	21
1.456	32	20
-1.526	42	33
-1.521	31	19
-1.513	29	23
-1.551	33	21
-1.539	33	21
-1.51	33	21
-1.511	49	31
-1.53	42	30
-1.564	50	39
-1.516	33	21
-1.541	44	33
-1.533	39	27
-1.538	35	23
-1.501	51	29
-1.514	34	30
-1.491	27	27
-1.527	27	15
0.495	28	17
-1.507	49	37
-1.532	40	24
-1.516	38	26
-1.54	28	16
-1.541	57	40
-1.49	46	35
-1.519	32	20
-1.522	31	19
-1.501	35	23
-1.519	39	26
-1.536	40	25
-1.527	64	40
-1.552	29	17
-1.452	28	16
-1.507	34	22
1.009	21	10
-1.524	36	24
-1.511	31	19
-1.554	42	25
-1.528	56	33
-1.532	43	31
-1.523	45	33
-1.565	44	22
-1.555	49	36
-1.574	28	16
-1.502	38	26
-1.539	30	18
-1.524	58	34
-1.522	44	32
-1.527	37	25
-1.518	33	21
-1.523	40	28
-1.513	33	21
-1.595	57	37
-1.553	40	27
-1.505	29	19
-1.54	31	20
-1.547	39	25
-1.513	47	32
-1.52	53	43
-1.521	30	18
-1.504	32	20
0.799	26	14
-1.496	27	17
-1.579	34	23
-1.531	49	37
-1.376	28	16
-1.579	56	35
-1.54	32	20
-1.533	26	14
-1.56	48	32
-1.511	40	26
-1.525	50	36
-1.525	34	22
-1.539	31	19
-1.555	49	32
-1.503	50	34
-1.582	49	36
-1.542	52	38
-1.551	46	32
-1.532	58	31
-1.518	53	42
-1.539	41	26
-1.517	30	18
-1.51	51	37
-1.533	46	29
-1.52	39	27
-1.515	60	36
-1.501	16	16
-1.498	29	18
-1.506	42	33
-1.356	44	27
-1.596	35	23
-1.519	30	19
-1.521	59	38
-1.517	58	36
-1.464	34	19
-1.594	27	15
-1.583	32	20
-0.628	27	15
-1.544	36	24
-1.524	29	17
-1.515	32	20
-1.519	43	25
-1.504	22	14
-1.536	32	20
-1.477	28	16
-1.543	28	16
-1.521	38	26
-1.526	30	18
-1.523	50	37
-1.517	36	25
-1.541	44	32
-1.561	49	35
-1.513	46	24
-1.557	33	21
-1.517	30	24
0.86	19	8
-1.552	38	23
-1.584	36	25
-1.528	44	30
-1.514	47	34
-1.514	33	21
-1.52	50	37
-1.53	42	27
-1.537	30	18
-1.506	33	21
-1.524	53	32
-1.55	47	31
-1.521	35	23
-1.523	27	15
-1.563	31	19
-1.514	34	22
-1.53	51	39
-1.536	33	21
-1.519	37	25
-1.502	39	27
-1.523	55	33
-1.504	38	27
-1.507	56	37
-1.525	46	34
-1.507	24	18
-1.5	36	25
-1.551	36	24
-1.516	38	25
-1.522	47	31
-1.551	33	20
1.466	43	24
-1.538	44	25
-1.538	36	24
-1.522	40	28
-1.503	31	20
-1.549	60	35
-0.569	39	25
-1.607	42	30
-1.52	25	13
-1.579	38	25
-1.498	27	22
-1.527	40	31
-1.529	36	24
-1.521	66	39
-1.493	24	18
-1.514	26	15
-1.525	33	21
-1.511	30	18
-1.507	32	20
-1.519	33	21
-1.51	27	15
-1.52	46	34
-1.547	51	38
-1.514	33	21
-1.576	30	18
-1.526	29	17
-1.49	38	33
-1.54	34	22
-1.527	44	31
-1.504	36	26
-1.55	50	31
-1.509	33	22
-1.548	41	31
-1.533	35	23
-1.524	40	27
-1.569	38	26
-1.575	43	30
-1.527	35	23
-1.516	29	17
-1.59	37	25
-1.553	56	35
-1.519	36	24
-1.55	45	30
-0.308	25	13
-1.556	66	49
-1.525	64	42
-1.537	56	35
-1.513	29	17
-1.566	38	28
-1.522	39	29
-1.506	34	22
-1.573	51	39
-1.445	25	14
-1.541	55	39
-1.519	43	30
-1.525	44	31
-1.519	65	45
-1.537	28	16
-1.522	37	25
-1.546	38	26
-1.498	50	36
-1.532	43	31
-1.474	27	15
-1.525	37	26
-1.349	31	19
-1.563	39	27
-1.541	26	14
-1.522	31	19
-1.514	31	19
-1.528	33	21
-1.537	33	21
-1.528	35	23
-1.583	65	43
-1.532	31	19
-1.559	42	30
-1.508	33	21
-1.52	33	21
-1.531	40	28
-1.529	32	20
-1.517	34	23
-1.582	34	22
-1.569	32	20
-1.544	56	42
-1.539	54	42
-1.509	50	32
-1.529	31	19
-1.515	33	21
-1.526	45	32
-1.508	43	31
-1.549	43	30
-1.518	42	32
-1.419	42	28
-1.54	50	38
-1.509	57	34
-1.516	36	25
-1.52	75	50
-1.518	52	34
-1.504	52	34
-1.502	34	22
-1.553	33	21
-1.555	60	37
-1.52	46	35
-1.525	40	25
-1.475	37	25
-1.578	36	25
-1.523	48	28
1.584	20	9
-1.53	27	15
-1.529	40	29
-1.552	50	34
-1.518	51	32
-1.568	39	25
-1.552	50	28
-1.531	62	43
-1.559	49	35
-1.551	34	22
-1.514	25	16
-1.518	35	22
-1.508	36	24
-1.521	25	13
-1.563	32	20
-1.515	37	25
-1.619	50	33
-1.374	30	21
-1.502	37	25
-1.506	24	12
-1.558	43	31
-1.499	43	36
-1.517	54	31
-1.53	36	24
-1.516	29	18
-1.502	29	17
-1.55	31	19
-1.519	38	26
-1.539	39	28
-1.545	40	28
-1.525	52	31
-1.53	31	21
-1.512	28	16
-1.559	40	28
-1.51	46	24
-1.521	48	36
-1.526	37	26
-1.523	37	25
-1.503	32	20
-1.584	55	37
-1.53	47	35
-1.59	59	39
-1.527	44	31
-1.531	46	32
-1.539	50	28
-1.506	37	22
-1.481	29	19
-1.506	39	22
-1.53	49	34
-1.529	30	18
-1.526	36	22
-1.483	35	23
-1.552	54	38
-1.532	64	45
-1.504	15	15
-1.53	34	22
-1.551	42	26
-1.505	27	15
-1.513	24	12
-1.573	38	26
-1.515	39	27
-1.522	32	20
-1.532	48	33
-1.514	41	29
-1.575	33	21
-1.51	29	29
-1.525	58	42
-1.51	69	36
-1.541	53	41
-1.511	40	28
-1.546	50	38
-1.488	38	22
-1.499	39	27
-1.539	48	36
-1.52	47	32
-1.542	55	40
-1.521	31	19
-1.567	46	32
-1.566	30	18
-1.515	33	22
-1.521	57	28
-1.539	49	30
-1.519	39	27
-1.514	31	19
-1.5	24	18
-1.562	48	34
-1.509	49	33
-1.525	38	26
-1.482	27	15
-1.474	27	16
-1.532	38	26
-1.513	39	27
-1.522	57	34
-1.504	38	22
-1.513	43	26
-1.516	41	29
-1.504	39	27
-1.516	28	17
-1.547	45	32
-1.541	37	25
-1.512	43	30
-1.517	47	35
-1.522	38	26
-1.497	33	21
-1.495	46	32
-1.561	47	35
-1.51	31	19
-1.531	65	48
-1.513	51	39
-1.512	39	26
-1.516	60	38
-1.564	32	20
-1.522	34	20
-1.504	31	19
-1.545	41	26
-1.567	50	27
-1.577	40	32
-1.565	37	25
-1.531	38	26
-1.521	58	38
-0.068	30	19
-1.543	43	32
-1.519	60	38
-1.554	48	31
-1.527	39	24
-1.518	34	24
-1.54	58	35
-1.575	35	23
-1.519	44	32
-1.595	56	39
-1.498	35	23
-1.583	31	19
-1.516	40	29
-1.533	32	21
-1.588	69	56
-1.528	48	26
-1.528	49	30
-1.523	55	27
-1.537	51	34
-1.564	30	18
-1.521	36	23
-1.52	51	37
-1.56	41	26
-1.51	35	23
-1.523	55	44
-1.508	44	31
-1.524	31	19
-1.528	41	29
-1.516	34	25
-1.457	55	40
-1.509	34	22
-1.502	32	20
-1.556	48	35
-1.491	32	22
-1.575	40	28
-1.528	40	28
-1.496	43	30
-1.509	29	17
-1.506	33	22
-1.535	44	29
-1.504	36	24
-1.535	35	22
-1.587	62	39
-1.514	38	26
-1.52	39	26
-1.525	28	16
-1.52	37	25
-1.481	26	20
-1.575	47	29
0.704	20	9
-1.504	44	24
-1.532	62	34
-1.534	34	22
-1.524	39	23
-1.5	30	19
-1.529	32	20
-0.044	26	15
-1.579	40	28
-1.517	43	31
-1.495	40	28
-1.508	35	23
-1.501	42	27
-1.56	42	29
-1.5	28	17
-1.528	66	46
-1.512	62	40
-1.582	37	24
-1.534	54	34
-1.501	37	25
-1.549	38	26
-1.578	29	17
-1.531	45	34
-0.619	28	16
-1.506	36	24
-1.493	33	21
-1.539	45	28
-1.513	28	16
-1.548	48	31
-1.533	35	23
-1.497	33	21
-1.548	36	24
-1.496	47	35
-1.499	15	15
-1.531	32	20
-1.52	34	22
-1.516	67	58
-1.489	28	16
-1.493	37	24
-1.522	35	25
-1.534	45	26
-1.58	40	21
-1.498	41	29
-1.518	37	25
-1.544	42	30
-1.475	35	23
-1.505	29	17
-1.549	52	39
-1.508	36	25
0.856	20	8
-1.491	55	32
-1.555	67	38
-1.518	42	32
-1.527	43	28
-1.542	33	22
-1.529	36	24
-1.511	37	25
-1.523	23	11
-1.524	59	41
-1.5	28	16
-1.531	40	28
-1.51	32	20
-1.503	32	20
-1.581	54	37
-1.514	70	48
-1.541	32	20
-1.517	41	28
-1.532	44	26
-1.56	55	30
-1.517	46	26
-1.576	42	30
-1.52	57	42
-1.512	29	17
-1.597	31	19
-1.335	59	47
-1.537	30	18
-1.471	36	25
-1.506	33	21
-1.554	31	19
-1.56	40	27
-1.514	55	34
-1.503	38	26
-1.576	31	19
-1.528	60	36
-1.59	59	40
-1.537	34	21
-1.525	31	19
-1.476	36	23
-1.587	34	22
-1.506	30	18
-1.505	30	18
-1.51	36	23
-1.507	32	27
-1.521	28	16
-1.534	26	14
-1.505	29	17
-1.513	28	16
-1.527	38	26
-1.514	24	13
-1.587	32	20
-1.525	28	16
-1.527	51	36
-1.517	30	19
-1.566	39	27
-1.553	35	23
-1.528	39	27
-1.521	49	38
-1.514	28	16
-1.521	26	15
-1.527	35	23
-1.514	37	25
-1.522	41	26
-1.515	48	31
-1.507	35	23
-1.509	41	26
-1.539	43	27
-1.545	31	19
-1.547	30	18
-1.518	56	32
-1.534	55	42
-1.575	84	57
-1.506	50	41
-1.527	28	16
-1.522	47	32
-1.517	49	32
-1.51	33	21
-1.485	32	20
-1.523	52	37
-1.533	33	21
-1.522	38	26
-1.514	47	34
-1.525	59	39
-1.527	41	27
-1.519	58	37
-1.558	50	36
-1.503	28	16
-1.529	34	23
-1.514	39	27
-1.593	33	21
-1.524	44	29
-1.532	41	24
-1.515	41	28
-1.514	30	18
-1.506	58	44
-1.591	36	24
-1.577	33	21
-1.499	71	51
-1.519	33	22
-1.517	47	29
-1.584	60	33
-0.686	43	32
-1.503	37	25
-1.514	42	27
-1.565	50	34
-1.505	40	28
-1.572	34	23
-0.83	26	15
-1.522	36	24
-1.509	38	27
-1.542	46	34
-1.554	36	24
-1.512	42	29
-1.538	54	37
-1.538	48	32
-1.513	60	48
-1.576	35	28
-1.478	52	38
-1.535	54	39
-1.528	47	31
-1.514	25	20
-1.507	43	26
-1.533	25	13
-1.532	36	24
-1.534	39	27
-0.637	35	23
-1.533	52	36
-1.522	41	24
-1.502	34	24
-1.563	50	29
-1.507	36	24
-1.56	37	25
-1.526	35	23
-1.525	33	21
-1.524	37	25
-1.517	33	21
-1.516	29	17
-1.521	41	29
-1.524	43	29
-1.503	28	18
-1.488	29	17
-1.535	32	27
-1.541	36	23
-1.558	42	29
-1.509	40	28
-1.566	29	17
-1.574	34	22
-1.524	47	35
-1.527	56	41
-1.495	32	20
-1.181	45	24
-1.499	45	26
-1.518	49	36
-1.562	28	16
-1.522	38	23
-1.496	34	23
-1.557	51	31
-1.571	38	25
1.828	26	15
-1.531	47	27
-1.501	30	22
-1.582	40	24
-1.593	55	32
-0.464	31	19
-1.507	32	21
-1.512	28	17
-1.519	35	22
-1.541	26	15
-1.535	76	50
-1.465	29	17
-1.548	37	25
-1.51	35	23
-1.531	38	26
-1.561	46	32
-1.527	47	31
-1.499	50	38
-1.514	41	29
-1.524	44	31
-1.516	50	31
-1.503	37	25
-1.514	35	23
-1.528	42	27
-1.516	48	32
-1.519	39	27
-1.548	44	31
-1.541	41	29
-1.512	38	22
-1.505	49	33
-1.518	34	23
-1.512	49	36
-1.549	29	18
-1.538	38	26
-1.531	37	22
-1.525	41	22
-1.498	30	18
-1.511	30	18
-1.504	33	21
-1.508	43	29
-1.482	42	20
-1.502	26	14
-1.534	44	25
-1.561	34	22
-1.535	43	30
-1.572	35	23
-1.565	45	33
-1.528	30	18
-1.504	33	21
-1.522	58	46
-1.516	39	27
-1.521	26	14
-1.482	36	26
-1.596	59	41
-1.507	30	18
-1.519	39	26
-1.511	33	21
-1.531	56	40
-1.519	55	38
-1.551	66	44
-1.258	34	24
-1.533	34	22
-1.519	47	33
-1.525	52	37
-1.528	32	20
-1.527	64	46
-1.523	41	29
-1.511	46	29
-1.495	37	23
-1.522	45	31
-1.517	46	33
-1.525	57	38
-1.499	42	31
-0.834	39	28
-1.541	50	34
-1.563	52	34
0.18	23	11
-1.528	45	31
-1.52	42	28
-1.517	63	48
-1.508	36	24
-1.513	37	23
-0.053	52	32
-1.576	32	20
-1.568	28	16
-1.536	47	28
-1.544	38	26
-1.513	34	22
-1.489	42	27
1.472	33	21
-1.52	28	17
-1.53	66	36
-1.534	41	28
-1.526	39	27
-1.485	34	22
-1.1	36	24
-1.507	34	23
-1.586	29	17
-1.506	55	35
-1.509	29	18
-1.528	42	26
-1.544	47	32
-1.493	32	21
-1.587	63	41
-1.588	58	37
-1.59	48	35
-1.516	44	32
-1.52	45	26
-1.388	28	16
-1.528	41	29
-1.534	48	25
-1.545	37	25
-1.5	29	17
-1.549	50	33
-1.572	44	33
-1.556	32	20
-1.538	47	25
-1.54	43	31
-1.377	24	12
-1.521	40	25
-1.535	31	27
-1.494	50	36
-1.514	31	20
-1.515	36	23
-1.509	39	28
-1.537	56	30
-1.568	26	14
-1.523	35	23
-1.56	41	29
-1.527	43	28
-1.536	49	36
-1.517	33	23
-1.53	58	39
-1.47	26	15
-1.525	31	20
-1.531	33	21
-1.173	24	13
-1.516	45	28
-1.479	31	19
-1.518	34	22
-1.53	37	26
-1.503	49	34
-1.23	43	24
-1.517	40	23
-1.515	28	16
-1.529	36	24
-1.516	29	17
-1.496	25	18
-1.585	33	21
-1.527	31	19
-1.511	49	35
-1.535	36	24
-1.262	33	22
-1.522	42	31
-1.575	28	16
-1.488	46	36
-1.512	74	47
-1.425	34	22
-1.515	24	12
-1.529	37	25
-1.509	30	18
-1.502	50	38
-1.502	38	33
-1.518	64	46
-1.544	34	22
-1.514	57	32
-1.53	31	19
-1.513	47	37
-1.526	34	22
-1.44	12	12
-1.524	63	35
-1.536	38	26
-1.505	38	27
-1.507	35	24
-1.518	38	19
-1.507	33	22
-1.486	27	15
-1.485	33	23
-1.506	45	27
-1.541	20	20
-1.579	41	27
-1.498	35	23
-1.518	45	25
-1.522	37	25
-1.568	32	20
-1.515	43	26
-1.531	46	27
-1.492	83	47
-1.491	31	21
-1.305	26	14
-0.257	30	18
-1.572	36	25
-1.517	32	20
-0.668	27	18
-1.517	35	23
-1.555	39	26
-1.524	59	37
-1.517	31	19
-1.541	44	23
-1.512	29	17
-1.495	35	23
-1.519	51	38
-1.516	56	45
-1.51	34	23
-1.522	53	33
-1.5	52	40
-1.509	38	26
-1.558	27	15
-1.511	52	32
-1.534	27	15
-1.444	39	20
-1.547	64	39
-1.517	34	23
-1.58	49	31
-1.496	49	37
-1.496	27	15
-1.528	42	30
-1.549	38	29
-1.54	36	24
-1.577	42	28
-1.459	30	20
-1.561	35	23
-1.507	52	34
-1.521	34	22
-1.522	46	27
-1.53	49	26
-1.519	38	27
-1.559	35	24
-1.495	31	25
-1.57	39	27
-1.535	41	29
-1.481	63	37
-1.526	59	40
-1.544	29	17
-1.491	27	17
-1.518	31	19
-1.51	33	22
-1.537	33	21
-1.579	31	19
-1.497	30	21
-1.558	28	16
-1.527	26	14
-1.524	48	32
-1.542	49	30
-1.581	51	39
-1.578	25	13
-1.495	41	29
-1.563	40	26
-1.522	36	24
-1.566	39	25
-1.528	32	20
-1.558	33	21
-1.189	79	55
-1.49	51	39
-1.512	32	20
-1.558	24	24
-1.488	37	25
-1.48	28	17
-1.507	44	31
-1.544	63	35
-1.542	37	26
0.503	29	20
-1.523	50	35
-1.525	33	21
-1.516	33	21
-1.532	34	22
-1.522	32	20
-1.516	49	35
-1.472	33	21
-1.514	61	41
-1.525	44	23
-1.513	46	25
-1.527	40	27
-1.541	47	31
-1.511	38	26
-1.5	58	36
-1.499	31	19
-1.5	53	38
-1.561	30	18
-1.407	29	17
-1.584	56	33
-1.54	52	35
-1.521	45	31
-1.523	36	22
-1.528	31	19
-1.531	36	24
-1.583	51	31
-1.511	46	28
-1.538	52	32
-1.502	35	23
-1.589	63	42
-1.507	35	24
-1.498	42	30
-1.525	74	44
-1.505	42	27
-1.505	24	18
-1.551	31	19
-1.532	40	25
-1.51	41	22
-1.523	44	28
-1.517	33	28
-1.524	37	25
-1.476	33	22
-1.527	32	20
-1.517	28	17
-1.518	40	28
-1.543	54	38
-1.561	53	31
-1.515	56	30
-1.545	49	30
-1.474	23	17
-1.523	31	19
-1.565	37	25
-1.586	39	25
-1.491	23	18
-1.539	25	25
-1.533	69	36
0.362	18	7
-1.538	49	38
-1.497	33	22
-1.505	40	29
-1.524	52	34
-1.525	51	36
-1.519	44	32
-1.54	57	38
-1.536	38	26
-1.597	60	36
-1.521	28	17
-1.534	32	20
-1.518	63	52
-1.515	33	21
-1.532	27	15
-1.503	31	21
-1.468	42	22
-1.525	44	33
-1.527	35	23
-1.494	24	12
-1.525	44	32
-1.523	36	19
-1.535	31	19
-1.522	34	22
-1.581	36	25
-1.428	26	14
-1.488	33	21
-1.551	44	30
-1.463	44	31
-1.499	33	22
-1.513	41	29
-1.587	55	35
-1.477	52	31
-1.552	54	38
-1.506	44	31
-1.568	46	33
-1.531	40	28
-1.507	25	13
-1.481	32	22
-1.513	32	20
-1.572	66	40
-1.526	66	51
-1.517	28	16
-1.498	37	21
-1.495	32	21
-1.512	35	23
-1.525	35	23
-1.526	33	21
-1.542	27	21
-1.558	39	27
-1.514	22	16
-1.528	33	21
-1.493	47	34
-1.518	52	32
-1.502	39	28
1.504	21	14
-1.517	41	29
-1.595	52	36
-1.546	46	27
-1.519	46	28
-1.523	30	18
-1.529	42	24
-1.588	47	27
-1.521	38	27
-1.52	37	25
-1.521	55	37
-1.522	44	27
-1.584	52	33
-1.584	41	23
-1.543	56	39
-1.525	57	34
-1.517	39	27
-1.513	30	18
-1.492	38	25
-1.528	50	37
-1.541	34	22
-1.512	43	37
-1.471	30	18
-1.451	43	32
-1.532	77	52
-1.574	34	23
-1.555	40	28
-1.525	37	25
-1.488	33	21
-1.5	46	35
-1.57	30	18
-1.533	49	35
-1.528	36	22
1.013	22	11
-1.461	35	23
-1.429	24	12
-1.514	29	17
-1.526	26	21
-1.523	37	25
-1.586	45	27
-1.522	54	39
-1.49	34	20
-1.525	31	19
-1.527	48	25
-1.566	31	19
-1.527	39	27
-1.527	58	44
-1.511	28	22
-1.534	45	27
-1.539	28	20
-1.512	51	29
-1.504	22	18
-1.537	38	26
-1.522	42	24
-1.526	40	21
-1.506	42	25
-1.499	48	27
-1.459	38	27
-1.524	37	22
-1.591	55	35
-1.531	42	30
-1.427	33	20
-1.527	44	28
-1.535	37	29
-1.596	60	36
-1.511	43	31
-1.513	37	24
-1.5	47	29
-1.527	52	29
-1.511	40	20
-1.524	42	30
-1.499	47	24
-1.551	42	29
-1.528	51	31
-1.555	59	47
-1.467	60	41
-1.494	55	32
-1.514	40	29
-1.499	27	15
-1.517	31	20
-1.507	44	36
-1.521	54	37
-1.525	28	26
-1.529	42	30
-1.57	45	26
-1.523	39	27
-1.566	40	28
-1.542	33	20
-1.504	28	16
-1.478	40	29
-1.574	33	21
-1.537	44	24
-1.507	34	22
-1.519	43	31
-1.517	50	32
-1.525	26	16
-1.532	52	30
-1.518	25	13
-1.508	28	16
-1.521	30	18
-1.518	40	24
-1.554	31	19
-1.571	41	29
-1.569	51	39
-1.529	28	16
-1.555	40	28
-1.517	28	16
-1.545	54	31
-1.525	37	25
-1.519	56	42
-1.505	50	32
-1.582	43	30
-1.499	32	20
-1.468	26	15
-1.504	41	29
-1.511	31	20
-1.492	44	27
-1.591	53	32
-1.541	31	20
-1.512	46	28
-1.454	43	31
-1.521	60	42
-1.571	32	20
-1.52	44	27
-1.508	49	36
-1.518	60	37
-1.519	41	28
-1.533	49	35
-1.538	47	27
-1.52	47	35
-1.502	30	18
-1.556	46	40
-1.52	45	26
-1.501	29	17
-1.536	42	24
-1.573	33	21
-1.504	44	33
-1.516	36	24
-1.556	37	26
-1.511	42	29
-1.564	40	29
-1.522	34	23
-1.549	83	62
-1.526	34	22
-1.489	32	21
-1.53	48	30
-1.531	47	30
-1.501	30	18
-1.533	37	25
-1.547	58	41
-1.549	31	19
-1.533	50	37
-1.496	49	35
-1.534	38	26
-1.55	46	30
-1.529	35	22
-1.515	31	19
-1.484	39	26
-1.57	41	28
-1.526	44	31
-1.5	43	31
-1.508	38	26
-1.534	47	28
-1.382	30	18
-1.53	42	30
-1.531	46	30
-1.486	35	20
-1.602	55	35
-1.535	33	21
-1.523	50	31
-1.57	42	22
-1.538	70	50
0.793	29	19
-1.513	30	19
-1.512	33	21
-1.527	48	30
-1.526	51	29
-1.474	32	20
-1.58	49	33
-1.523	34	21
-1.522	28	16
-1.52	28	16
-1.549	37	26
-1.5	44	31
-1.502	36	24
-1.521	51	34
-1.543	51	30
-1.522	28	16
-1.503	41	29
-1.421	28	17
-1.522	29	17
-1.564	43	27
-1.558	29	17
-1.516	50	33
-1.54	95	57
-1.497	33	21
-1.565	40	19
-1.528	46	31
-1.519	31	19
-1.508	17	17
-1.489	35	23
-1.541	65	50
-1.545	31	19
-1.441	32	20
-1.533	54	34
-1.552	62	47
-1.524	29	17
-1.536	39	26
-1.55	37	24
-1.518	37	25
-1.475	28	16
-1.529	48	34
-1.489	27	15
-1.524	34	22
-1.502	22	22
-1.529	33	21
-1.52	30	18
-1.549	77	51
-1.519	44	32
-1.516	43	24
-1.505	30	18
-1.561	39	26
-1.514	46	28
-1.527	50	29
-1.534	27	15
-1.524	35	23
-1.52	34	30
-1.523	30	18
-1.533	32	20
-1.525	42	23
-1.486	27	15
-1.575	57	36
-1.512	37	25
-1.497	27	15
-1.518	53	41
-1.428	38	27
-1.534	51	28
-1.513	28	16
-1.559	56	34
0.589	26	14
-1.491	28	16
-1.543	33	21
-1.51	44	32
-1.506	17	17
-1.5	48	37
-1.586	40	27
-1.567	50	28
-1.536	32	20
-1.521	30	18
-1.56	42	24
-1.519	37	24
-1.526	42	27
-1.522	39	27
-1.529	34	22
-1.523	34	22
-1.525	36	22
-1.536	40	26
-1.568	35	31
-1.521	29	18
-1.515	21	9
-1.543	35	23
-1.533	32	20
-1.539	30	18
-1.511	46	29
-1.52	56	38
-1.515	43	30
-1.511	35	23
-1.526	48	36
-1.53	45	30
-1.526	33	21
-1.551	55	37
-1.581	40	31
-1.504	43	31
-1.536	29	23
-1.513	56	44
-1.508	48	25
-1.536	41	28
-1.523	51	29
-1.511	34	27
-1.527	48	30
-1.54	34	23
-1.524	44	26
-1.585	33	21
-1.542	45	33
-1.519	54	33
-1.547	33	21
-1.528	26	26
-1.54	41	29
-1.543	48	27
-1.559	30	19
-1.506	37	26
-1.53	50	39
-1.536	51	32
-1.492	33	22
-1.563	37	25
-1.533	77	56
-1.519	29	17
-1.446	38	22
-1.527	41	29
-1.508	35	24
-1.499	46	35
-1.535	47	33
-1.549	43	31
-1.535	29	17
-1.524	41	40
-1.526	61	44
-1.545	28	16
-1.505	34	22
-1.541	38	26
-1.533	47	36
-1.528	54	37
-1.518	50	36
-1.52	35	23
-1.557	33	21
-1.492	30	18
-1.584	40	28
-1.529	63	38
-1.547	35	30
-1.522	85	54
-1.484	28	16
-1.577	39	26
-1.524	29	18
-1.525	40	22
-1.538	25	25
-1.502	36	24
-1.512	35	23
-1.541	39	26
-1.533	45	33
-0.17	25	13
-1.528	65	34
-1.513	40	29
-1.525	75	47
-1.525	34	22
-1.515	47	34
-1.538	44	33
-1.528	49	37
-1.532	37	25
-1.534	50	35
-1.525	42	31
-1.528	41	29
-1.522	60	37
-1.555	30	18
-1.529	54	34
-1.524	34	22
-1.524	55	32
-1.464	29	17
-1.583	44	28
-1.507	32	20
-1.499	34	24
-1.533	61	46
-1.517	45	26
-1.485	39	27
-1.499	40	29
-1.567	35	23
-1.589	39	32
-1.495	28	16
-1.563	38	26
-1.52	39	26
-1.527	44	31
-1.53	40	28
-1.52	75	48
-1.527	32	20
-1.577	38	26
-1.517	34	22
-1.548	50	31
-1.493	34	22
-1.583	56	28
-1.476	35	23
-1.545	40	25
-1.521	38	26
-1.569	41	24
-1.527	32	32
-1.519	33	21
-1.516	46	28
-1.448	35	23
-1.489	31	21
-1.524	46	32
-1.572	43	29
-1.489	29	17
-1.585	46	29
-1.527	44	30
-1.538	22	17
-1.515	56	42
-1.516	31	19
-1.538	47	35
-1.504	47	36
-1.513	26	15
-1.501	31	19
-1.477	30	18
-1.509	42	28
-1.528	61	40
-1.541	40	28
-1.544	32	21
-1.52	47	35
-1.484	35	23
-1.52	37	25
-1.508	48	35
-1.497	32	20
-0.944	42	29
0.629	32	19
-1.546	39	26
-1.57	26	14
-1.527	68	52
-1.571	46	34
-1.522	55	39
-1.518	30	18
-1.517	46	34
-1.513	48	35
-1.508	32	20
-1.523	33	21
-1.528	29	17
-1.522	38	24
-1.529	30	18
-1.51	32	27
-1.524	36	24
-1.52	31	19
-1.587	43	26
-1.39	28	17
-0.804	73	56
-1.505	27	15
-1.504	38	38
-1.502	37	25
-1.529	51	30
-1.578	29	17
-1.53	29	17
-1.517	34	22
-1.513	37	25
-1.51	37	26
-1.516	33	21
-1.524	40	28
-1.525	57	39
-1.537	53	32
-1.521	30	19
-0.978	37	25
-1.495	28	16
-1.515	32	20
-1.472	44	32
-1.525	61	41
-1.532	40	27
-1.504	14	14
-1.518	35	20
-1.527	60	36
-1.504	30	18
-1.493	31	19
-1.462	53	45
-1.575	51	38
-1.514	27	15
-1.521	31	19
-1.515	37	25
-1.526	31	19
-1.532	47	33
-1.52	46	31
-1.512	31	20
-1.519	40	25
-1.482	38	25
-1.575	38	26
-1.564	45	32
-1.492	38	28
1.665	21	11
-1.545	34	22
-1.537	32	20
-1.527	35	23
-1.502	35	27
-1.544	46	33
-1.527	28	16
-1.558	37	25
-1.51	52	40
-1.503	30	18
-1.523	31	19
-1.524	42	27
-1.528	33	21
-1.528	37	25
-1.586	49	35
-1.5	30	18
-1.529	30	18
-1.532	30	18
-1.573	51	33
-1.528	28	16
-1.542	62	45
-1.523	34	22
-1.564	52	35
-1.508	27	25
-1.56	49	28
-1.526	49	29
-1.519	50	30
-1.54	35	23
-1.5	66	51
-1.503	48	33
1.541	24	13
-1.508	32	20
-1.529	26	14
-1.489	26	14
-1.552	48	30
-1.539	47	33
-1.509	50	32
-1.53	52	29
-1.518	49	31
-1.516	57	36
-1.525	47	28
-1.529	47	33
-1.494	41	31
-1.503	39	27
-1.509	53	39
-1.474	32	20
-1.53	19	19
-1.549	45	28
-1.521	34	22
-0.474	30	19
-1.511	41	24
-1.491	28	16
-1.521	49	32
-1.531	48	36
-1.485	32	22
-1.525	39	27
-1.51	33	21
-1.515	28	16
-1.508	53	38
-1.53	30	18
-1.509	37	24
-1.533	40	25
-1.531	42	30
-1.574	37	21
-1.513	38	26
-1.519	33	21
-1.55	50	27
-1.546	42	28
-1.488	35	23
-1.533	39	27
-1.522	29	17
-1.53	37	25
-1.559	32	20
-1.537	26	14
-1.511	32	21
-1.556	41	29
-1.515	90	67
-0.828	28	16
-1.534	33	21
-1.52	43	25
-1.515	31	19
-1.519	34	23
-1.52	54	40
-1.507	46	23
-1.517	50	33
-1.515	28	16
-1.507	36	24
-1.542	34	22
-1.531	23	11
-1.532	53	30
-1.53	43	33
-1.533	37	25
-1.529	36	26
-1.515	38	26
-1.504	31	19
-1.594	32	20
-1.588	63	35
-1.493	26	14
-1.486	17	17
-1.532	35	23
-1.312	24	13
-1.531	40	28
-1.536	36	24
-1.509	31	19
-1.516	33	21
-1.513	27	27
-1.508	29	17
-1.508	30	20
-0.907	50	29
-1.512	39	21
-1.564	50	31
-1.542	44	32
-1.499	32	26
-1.546	31	19
-1.512	32	20
-1.534	41	27
-1.543	56	43
-1.487	34	20
-1.57	53	31
-1.508	32	20
-1.517	46	29
-1.513	33	21
-1.526	29	22
-1.518	33	21
-1.506	35	24
-1.533	25	13
-1.528	34	22
-1.528	38	26
-1.538	43	29
-1.521	34	22
-1.531	37	24
-1.567	29	18
-1.55	44	28
-1.522	55	35
-1.577	44	21
-1.53	46	34
-1.497	57	42
-1.581	44	32
-1.585	35	23
-1.529	43	26
-1.563	45	33
-1.514	28	18
-1.536	29	17
-1.551	41	29
-1.521	36	24
-1.515	41	23
-1.537	76	57
-1.521	40	27
-1.503	43	31
-1.533	56	36
-1.577	75	47
-1.504	42	28
-1.549	34	22
-1.526	34	22
-1.534	64	38
-1.535	49	26
-1.494	48	29
-1.525	44	29
-1.462	29	17
-1.513	40	24
-1.572	41	26
-1.511	35	23
-1.572	28	16
1.474	28	16
-1.493	38	26
-1.517	27	15
-1.532	52	34
-1.518	28	17
-1.541	41	29
-1.526	54	36
-1.517	39	27
-1.534	30	18
-1.537	54	34
-1.526	44	27
-1.487	35	24
-1.514	35	23
-1.496	31	21
-1.532	45	34
-1.516	33	22
-1.523	47	27
-1.525	57	41
-1.56	54	37
-1.522	28	16
-1.532	31	19
-1.503	50	37
-1.539	48	31
-1.577	57	40
-1.498	55	50
-1.529	53	38
-1.513	59	35
-1.565	33	22
-1.572	36	28
-1.514	42	26
-1.52	33	21
-1.522	58	43
-1.506	42	23
-1.557	49	29
-1.53	43	27
-1.534	38	26
-1.514	43	31
-1.509	30	18
-1.517	41	29
-1.501	36	22
-1.542	42	25
-1.554	52	38
1.452	21	10
-1.55	58	43
-1.495	33	21
-1.584	46	31
-1.537	35	23
-1.577	50	36
-1.284	25	13
-1.542	34	28
-1.508	30	18
-1.516	51	30
-1.524	53	33
-1.515	29	17
-1.517	38	30
-1.526	47	35
-1.527	28	16
-1.535	46	27
-1.536	50	27
-1.573	41	28
-1.549	42	30
-1.527	46	34
-1.551	56	40
1.564	20	9
-1.538	72	47
-1.523	30	18
-1.504	32	20
-1.554	37	25
-1.522	52	34
-1.554	29	18
-1.531	30	18
-1.598	31	19
-1.508	32	20
-1.531	55	42
-1.516	41	25
-1.521	44	30
-1.493	32	20
-1.517	26	14
-1.542	41	29
-1.511	46	39
-1.517	41	29
-1.51	32	20
-1.526	39	27
-1.518	35	24
-1.531	44	26
-1.536	39	27
-1.516	28	16
-1.547	33	19
-1.568	33	21
-1.329	32	21
-1.485	24	12
-1.56	43	32
-1.528	34	22
-1.531	34	22
-1.499	44	29
-1.52	39	25
-1.504	47	30
-1.533	43	31
-1.494	24	18
-1.585	33	21
-1.521	39	27
-1.511	44	30
-1.567	36	24
-1.524	37	24
-1.508	33	21
-1.513	52	31
-1.51	31	19
-1.553	47	32
-1.538	47	32
-1.528	72	49
-1.522	42	30
-1.587	32	20
-1.529	37	30
-1.52	31	19
-1.525	58	36
-1.515	28	16
-1.52	38	24
-1.528	32	20
-1.517	35	29
-1.526	29	17
-1.571	60	42
-1.571	52	36
-1.531	36	24
-1.581	46	31
-1.51	34	22
-1.524	44	33
0.403	26	14
-1.526	33	21
-1.534	75	42
-1.513	44	31
-1.554	32	20
-1.551	37	26
-1.502	31	19
-1.531	40	29
-1.576	29	17
-1.552	36	24
-1.57	46	34
-1.528	46	24
-1.539	39	27
-1.52	28	16
-1.512	16	16
-1.529	52	35
-1.513	39	28
-1.514	25	14
-1.562	42	28
-1.511	26	14
-1.489	31	21
-1.521	28	16
-1.575	47	34
-1.534	47	33
-1.546	35	25
-1.462	29	17
-1.536	34	22
-1.561	43	32
-1.516	34	22
-1.518	32	21
-1.487	37	25
-1.508	26	14
-1.57	42	29
-1.539	45	32
-1.553	27	22
-1.531	42	27
-1.507	27	15
-1.528	34	22
-1.529	38	24
-1.509	28	17
-1.518	30	18
-1.584	48	32
-1.546	33	22
-1.485	28	17
-1.524	33	21
-1.575	49	28
-1.514	31	19
-1.535	42	28
-1.511	27	15
-1.508	24	24
-1.506	44	31
-1.599	39	27
-1.538	37	25
-1.534	47	28
-1.566	36	24
-1.574	28	17
-1.52	43	31
-1.546	55	32
-1.517	29	17
-1.523	56	40
-1.533	42	28
-1.542	29	17
-1.511	30	18
-1.508	30	24
-1.517	27	15
-1.53	57	35
-1.518	48	33
-1.511	27	15
-1.545	58	39
-1.524	30	19
-1.502	16	16
-1.521	55	39
-1.49	43	30
-1.528	28	16
-1.575	49	37
-1.521	31	19
-1.535	35	23
-1.515	31	26
-1.59	45	28
-1.539	42	29
-1.397	35	21
-1.512	47	35
-1.521	36	24
-1.565	49	38
-1.491	43	31
-1.537	34	22
-1.527	33	22
-1.538	44	32
-1.517	49	36
-1.506	44	27
-1.508	26	14
-1.51	37	25
-1.509	35	23
-1.527	30	18
-1.563	48	34
-1.508	45	34
-1.501	44	32
-1.571	35	23
-1.522	45	33
-1.516	38	25
-1.534	51	36
-1.499	32	26
-1.546	47	32
-1.515	45	31
-1.511	52	34
-1.526	52	31
-1.593	48	34
-1.511	32	20
-1.528	51	31
-1.528	41	29
-1.541	71	43
1.474	31	19
-1.501	25	25
-1.524	38	26
-1.441	48	34
-1.513	33	26
-1.589	37	25
-1.5	34	23
-1.541	35	23
-1.528	50	36
-1.542	66	39
-1.503	42	36
-1.574	43	31
-1.574	34	22
-1.524	45	32
-1.545	38	26
-1.526	44	31
-1.538	36	24
-1.58	61	47
-1.555	52	38
-1.528	29	17
-1.531	64	36
-1.533	39	24
-1.514	27	15
-1.528	49	34
-1.514	32	20
-1.531	48	35
-1.522	36	24
-1.56	71	37
-1.519	69	51
-1.515	40	23
-1.529	15	15
-1.52	41	24
-1.514	39	31
-1.523	57	34
-1.552	53	41
-1.465	46	28
-1.519	30	18
-1.519	37	25
-1.519	28	22
-1.565	55	32
-1.301	28	18
-1.521	24	24
-1.514	34	22
-1.517	44	24
-1.513	30	18
-1.52	30	18
-1.506	39	27
-1.503	25	14
-1.522	47	33
-1.577	31	21
-1.581	56	43
-1.522	52	37
-1.598	44	31
-1.486	39	28
-1.529	29	17
-1.52	30	18
-1.493	37	26
-1.518	43	29
-1.553	28	16
-1.508	26	14
-1.513	36	25
-1.521	37	25
-1.523	39	27
-1.517	53	41
-1.528	32	20
-1.536	31	19
-1.513	48	34
-1.525	43	31
-1.494	42	30
1.205	20	11
-1.526	33	21
-1.524	56	40
-1.571	29	29
-1.51	34	22
-1.52	44	28
-1.532	38	26
-1.524	33	21
-1.526	57	35
-1.565	37	22
-1.517	36	24
-1.518	37	25
-1.529	39	24
-1.522	47	34
-1.473	33	22
-1.528	54	40
-1.558	45	32
-1.503	38	21
-1.514	40	28
-1.526	34	24
-1.518	37	25
-1.518	36	24
-1.545	38	26
-1.471	51	34
-1.514	34	22
-1.562	33	21
-1.6	50	33
-1.53	55	33
-1.527	38	26
-1.519	43	31
-1.536	38	27
-1.367	24	12
-1.539	51	29
-1.586	33	21
-1.511	38	26
-1.528	33	22
-1.533	54	35
-1.471	38	22
-1.53	36	25
-1.542	47	34
-1.486	28	17
-1.5	45	34
-1.558	37	25
-1.505	48	26
-1.494	29	18
-1.5	20	20
-1.496	37	23
-1.586	36	25
-1.519	29	23
-1.514	30	25
-1.515	47	28
-1.506	35	26
-1.529	32	20
-1.524	50	31
-1.52	35	23
-1.516	61	47
-1.501	21	15
-1.538	23	18
-1.535	26	21
-1.526	42	29
-1.473	26	14
-1.58	49	34
-1.557	42	30
-1.512	27	15
-1.509	34	22
-1.533	33	21
-1.524	42	29
-1.428	44	31
-1.54	50	30
-1.536	28	17
-1.508	42	20
-1.52	52	35
1.514	22	10
-1.497	34	22
-1.525	44	30
-1.562	50	34
-1.509	35	27
-1.525	55	41
-1.534	49	31
-1.542	40	28
-1.523	25	13
-1.515	43	30
-1.527	41	29
-1.529	42	29
-1.528	38	25
1.456	37	23
-1.569	37	25
-1.501	41	28
-1.521	70	40
-1.562	34	27
-1.55	41	33
-1.541	46	25
-1.525	49	31
-1.551	46	32
-1.509	34	22
-1.541	34	22
-1.509	43	31
-1.501	25	14
-1.521	28	16
-1.543	33	21
-1.522	29	17
-1.508	75	47
-1.585	28	16
-1.538	48	27
-1.516	33	22
-1.529	39	27
-1.512	37	26
-1.534	29	17
-1.524	52	31
-1.567	38	26
-1.531	36	24
-1.526	34	22
-1.505	41	23
-1.506	33	21
-1.561	28	16
-1.514	28	18
-1.535	28	16
-1.541	48	34
-1.5	35	23
-1.597	36	23
-1.52	52	35
-1.536	37	25
-1.528	30	18
-1.587	33	21
-1.539	51	32
-1.575	33	21
-1.531	38	26
-1.537	38	26
-1.517	27	15
-1.524	24	13
-1.542	31	19
-1.567	48	33
-1.549	68	39
-1.532	66	45
-1.515	30	18
-1.57	37	23
-1.522	42	31
-1.536	34	22
-1.54	57	42
-1.544	46	31
-1.533	38	26
-1.589	41	29
-1.522	35	23
-1.524	50	32
-1.558	69	44
-1.533	61	41
-1.516	40	28
-1.524	39	27
-1.54	54	42
-1.546	43	30
-1.529	29	17
-1.509	38	26
-1.502	30	18
-1.589	52	37
-1.522	45	33
-1.559	30	18
-1.583	39	26
-1.515	40	28
-1.531	32	26
-1.517	46	33
-1.513	59	47
-1.534	39	28
-1.589	30	18
-1.552	34	26
-1.509	62	34
1.078	25	14
-1.546	29	18
-1.548	49	33
-1.53	42	25
-1.55	38	27
-1.548	45	33
-1.524	50	27
-1.512	39	27
-1.495	27	15
-1.541	53	34
-1.28	22	10
-1.517	25	13
-1.604	31	19
-1.534	47	35
-1.517	46	34
-1.559	35	23
-1.517	40	29
-1.534	44	29
-1.515	39	25
-1.518	44	26
-1.521	56	42
-1.532	40	29
-1.525	60	38
-1.553	48	31
-1.528	30	18
-0.97	50	36
-1.521	46	28
-1.514	38	24
-1.491	27	16
-1.524	68	43
-1.553	55	40
-1.534	42	24
-1.513	42	31
-1.519	37	25
-1.485	31	19
-1.523	46	28
-1.499	28	16
-1.538	27	15
-1.513	38	26
-1.537	44	32
-1.553	26	17
-1.528	48	34
-1.505	15	15
-1.503	34	22
-1.51	43	30
-1.513	30	18
-1.565	54	41
-1.594	34	22
-1.523	67	46
-1.535	48	28
-1.521	47	36
-1.536	42	26
-1.519	34	23
-1.515	43	27
-1.522	38	26
-1.53	46	32
-1.535	47	28
-1.529	27	15
-1.485	30	18
-1.526	43	30
-1.458	26	16
-1.554	33	23
-1.514	28	16
-1.335	36	24
-1.515	39	23
-1.52	33	21
-1.521	49	33
-1.496	28	16
-1.531	46	32
-1.514	63	37
-1.518	49	26
-1.578	42	30
-1.535	47	34
-1.501	26	14
-1.514	67	45
-1.526	34	23
-1.558	69	51
-0.495	26	14
-1.517	57	36
-1.527	40	27
-1.522	46	25
-1.514	37	25
-1.515	35	23
-1.56	30	18
-1.53	55	41
-1.576	70	56
-1.513	26	20
-1.519	35	23
-1.465	41	32
-1.522	38	26
-1.557	32	20
-1.514	25	14
-1.497	34	26
-1.517	39	27
-1.496	16	16
-1.538	46	28
-1.567	30	19
-1.507	26	14
-1.53	32	20
-1.511	27	15
-1.509	40	30
-1.506	35	24
-1.543	51	29
-1.55	47	35
-1.507	26	14
-1.526	27	21
-1.438	27	15
-1.519	43	26
-1.571	34	22
-1.513	75	50
-1.515	32	22
-1.515	40	28
-1.534	39	27
-1.377	32	21
-1.579	37	21
-1.515	34	22
-1.515	32	20
-1.595	38	26
-1.574	43	26
-1.518	38	26
-1.584	55	31
-1.54	40	27
-1.523	33	22
-1.591	54	35
-1.494	34	23
-1.556	33	21
-1.513	33	27
-1.535	29	22
-1.523	51	37
-1.44	25	14
-1.517	42	29
-1.494	27	22
-1.538	35	22
-1.45	31	19
-1.513	38	26
-1.513	31	20
-1.527	58	30
1.196	19	7
-1.586	34	23
-1.502	40	28
-1.552	39	26
-1.552	38	26
-1.52	27	15
-1.55	28	16
-1.512	31	19
-1.533	47	33
-1.519	62	50
-1.493	45	24
-1.561	29	17
-1.518	31	19
-1.52	57	36
-1.514	34	22
-1.536	35	23
-1.516	37	25
-1.529	47	29
-1.531	40	24
-1.522	28	16
-1.543	29	17
-1.474	18	18
-1.516	45	33
-1.499	39	19
-1.597	56	43
-1.529	40	22
-1.591	43	29
-1.5	28	20
-1.515	32	20
-1.54	37	25
-1.505	33	21
-1.504	31	20
-1.552	42	30
-1.514	34	22
-1.506	34	23
-1.586	41	27
-1.547	41	29
-1.533	67	48
-1.53	48	26
-1.552	60	44
-1.493	35	23
-1.504	27	17
-1.51	30	19
-1.517	30	18
-1.509	38	26
-1.325	40	27
-1.511	26	14
-1.519	37	24
-1.512	38	24
-1.588	27	15
-1.531	45	32
-1.543	36	25
-1.573	33	21
-1.566	43	30
-1.526	37	25
-1.521	40	29
-1.523	39	27
-1.507	53	30
-1.513	52	39
-1.57	39	27
-1.508	30	30
-1.538	31	19
-1.506	59	41
-1.517	28	16
-1.526	40	28
-1.546	52	37
-1.261	40	27
-1.519	39	27
-1.504	26	14
-1.532	42	26
-1.527	44	27
-1.493	31	19
-1.517	32	20
-1.523	43	30
1.03	23	11
-1.559	51	37
-1.559	40	26
-1.519	52	32
-1.256	27	16
-1.517	50	38
-1.532	58	39
-1.512	42	29
-1.525	76	57
-1.501	31	31
-1.508	32	20
-1.591	45	33
-1.171	27	15
-1.515	41	25
-1.523	49	32
-1.526	57	41
-1.499	34	23
-1.514	31	19
-1.558	50	33
-1.504	54	35
-1.529	42	23
-1.506	31	17
-1.523	31	19
-1.529	66	47
-1.518	33	22
-1.565	48	30
-1.52	44	31
-1.524	40	28
-1.522	64	45
-1.511	41	29
-1.475	30	21
-1.494	40	28
-1.561	34	22
-1.559	33	23
-1.528	44	29
-1.53	35	23
-1.522	19	19
-1.511	32	20
-1.495	34	22
-1.489	43	32
-1.526	55	38
-1.518	31	19
-1.514	41	29
-1.511	12	12
-1.519	48	26
-1.506	38	26
-1.511	42	26
-1.522	27	15
-1.549	50	30
-1.503	31	20
-1.535	36	24
-1.531	33	24
-1.523	50	32
-1.518	58	45
-1.553	46	34
-1.556	45	32
-1.53	36	24
-1.5	42	22
-1.536	32	20
-1.54	29	25
-1.501	35	24
-1.541	35	29
-1.51	30	18
-1.533	47	29
-1.526	26	14
-1.573	31	20
-1.511	30	18
-1.511	29	17
-1.545	34	22
-1.519	29	17
-1.5	29	17
-1.505	30	19
-1.519	39	27
-1.552	35	23
-1.544	49	33
-1.593	58	35
-1.481	35	23
-1.512	57	43
-1.587	31	19
-1.5	42	31
-1.481	31	20
-1.502	18	18
-1.57	29	17
-1.535	27	15
-1.526	50	32
-1.534	50	39
-1.556	31	20
-1.544	45	24
-1.537	30	19
-1.513	36	24
-1.577	38	26
1.503	21	9
-1.486	26	14
-1.575	68	39
-1.511	23	23
-1.381	42	29
-1.523	26	14
-1.538	30	18
-1.556	46	32
-1.514	27	15
-1.55	59	42
-1.498	22	16
-1.498	38	25
-1.51	34	22
-1.496	30	18
1.334	23	15
-1.513	53	31
-1.509	63	42
-1.477	41	29
-1.557	32	20
-1.523	48	27
-1.542	34	22
-1.548	39	26
-1.532	28	16
-1.585	53	33
-1.515	62	39
-1.525	43	31
-1.528	33	21
-1.519	34	22
-1.551	27	15
-1.558	35	23
-1.542	39	25
-1.576	38	26
-1.502	45	33
-1.524	31	19
-1.52	53	39
-1.517	32	20
-1.501	27	16
-1.522	70	40
-1.526	27	15
-1.514	59	43
-1.562	39	27
-1.51	70	56
-1.582	53	39
-1.527	35	23
-1.543	50	34
-1.551	38	26
-1.519	32	21
-1.501	18	18
-1.525	33	21
-1.55	29	18
-1.523	46	24
-1.575	31	19
-1.537	30	18
-1.538	33	21
-1.498	16	16
-1.527	29	17
-1.531	53	34
-1.517	28	16
-1.525	55	32
-1.535	43	30
-1.501	20	20
-1.568	39	24
-1.536	47	35
-1.509	43	30
-1.523	33	21
-1.585	25	13
-1.536	43	31
-1.52	28	22
-1.424	51	32
-0.464	22	12
-1.523	73	43
-1.518	37	25
-1.512	37	26
-1.527	74	51
0.334	30	18
-1.526	47	27
-1.558	32	20
-1.528	33	22
-1.537	36	25
-1.528	57	30
-1.538	70	42
-1.506	29	18
-1.563	37	25
-1.49	36	24
-1.535	46	34
-1.517	25	19
-1.544	30	18
-1.507	28	17
-1.511	36	26
-1.538	58	37
-1.567	38	26
-1.535	45	30
-1.508	41	29
-1.489	67	47
-1.534	34	22
-1.508	45	28
-1.536	64	40
-1.541	37	23
-1.512	35	25
-1.509	27	21
-1.515	69	51
-1.516	50	31
-1.463	28	17
-1.551	32	20
-1.501	53	36
-1.517	58	39
-1.519	33	21
-1.53	55	38
-1.575	37	26
-1.506	31	25
-1.514	58	38
-1.562	53	33
-1.519	46	31
-1.447	44	32
-1.503	34	23
-1.579	30	19
-1.543	39	27
-1.521	45	31
-1.589	45	33
-1.511	38	26
-1.528	43	29
-1.52	76	40
-1.535	63	40
-1.579	65	42
-1.495	51	41
-1.493	55	29
-1.525	34	22
-1.484	36	26
-1.509	24	23
-1.529	38	26
-1.529	41	25
-1.496	61	50
-1.389	40	17
-1.503	48	29
-1.559	42	30
-1.511	26	15
-1.492	39	29
-1.532	53	38
-1.537	51	38
-1.557	32	20
-1.523	47	31
-1.522	34	22
-1.512	31	19
-1.544	49	33
-1.525	42	30
-1.509	51	32
-1.527	32	20
-1.522	82	58
-1.531	34	22
-1.424	46	34
-1.521	34	22
-1.525	29	17
-1.501	32	20
-1.579	40	28
-1.523	34	22
-1.498	59	47
-1.536	53	41
-1.509	49	29
-1.51	33	22
-1.562	32	20
-1.547	51	38
-1.558	38	26
-1.511	47	25
-1.586	44	31
-1.51	27	16
-1.526	40	28
-1.541	48	34
-1.535	34	22
-1.558	33	21
-1.517	48	43
-1.545	47	34
-1.559	30	18
-1.506	34	22
-1.559	36	24
-1.513	41	26
-1.579	27	15
-1.492	43	24
-1.457	44	32
-1.495	39	29
-1.513	53	40
-1.529	32	20
-1.504	26	15
-1.513	30	18
-1.558	43	22
-1.533	59	37
-1.533	28	16
-1.51	26	14
-1.516	28	17
-1.513	41	29
1.095	28	17
-1.586	40	28
-1.477	13	13
-1.541	56	37
-1.527	31	19
-1.559	75	46
-1.52	35	24
-1.513	33	21
-1.565	42	36
-1.512	40	24
-1.533	28	16
-1.525	39	23
-1.527	29	18
-1.517	49	37
-1.563	31	19
-1.503	40	30
-1.535	26	16
-1.509	23	11
-1.551	36	24
-1.511	27	15
-1.566	40	24
-1.527	45	31
-1.498	38	26
0.489	19	8
-1.591	51	38
-1.526	41	28
-1.533	46	27
-1.531	73	50
-1.563	48	26
-1.512	37	24
-1.527	27	15
-1.489	27	15
-1.542	62	29
-1.515	30	18
-1.561	31	19
-1.519	53	40
-1.488	28	17
-1.563	28	16
-1.524	39	27
-1.524	32	20
-1.521	43	28
-1.504	36	24
-1.577	37	25
-1.575	46	30
-1.535	28	16
-1.499	36	24
-1.515	44	23
-1.535	34	22
-1.518	38	26
-1.515	33	21
-1.514	37	25
-1.477	31	19
-1.529	31	19
-1.502	32	21
-1.54	25	13
-1.515	42	30
-1.513	38	26
-1.585	39	26
-1.51	65	42
-1.538	29	17
-1.531	44	32
-1.536	34	22
-1.524	44	28
-1.56	45	32
-1.521	32	20
-0.22	24	12
-1.489	46	35
-1.538	54	32
-1.519	35	24
-1.514	30	18
-1.527	28	17
-1.511	33	21
-1.519	44	29
-1.437	41	29
-1.506	31	20
-1.531	66	39
-1.512	39	25
-1.473	38	22
-1.525	38	25
-0.05	40	29
-1.544	37	20
-1.513	29	17
-1.541	52	34
-1.541	36	24
-1.514	33	22
-1.493	38	27
-1.535	42	30
-1.495	56	40
-1.575	44	33
-1.528	37	26
-1.532	40	23
-1.52	27	15
-1.52	43	32
-1.572	37	25
-1.514	69	40
-1.587	65	37
-1.521	35	23
-1.524	47	41
-1.53	42	30
-1.565	32	20
-1.537	60	32
-1.51	32	20
-1.534	46	34
-1.51	30	19
-1.541	36	24
-1.389	28	16
-1.496	28	17
-1.531	44	27
-1.527	34	22
-1.422	52	32
-1.582	33	21
-1.51	29	17
-1.531	36	24
-1.504	35	24
-1.481	37	25
-1.587	33	21
-1.515	48	35
-1.505	32	20
-1.519	42	28
-1.532	38	24
-1.583	46	33
-1.486	26	20
-1.083	23	12
-1.533	34	22
-1.585	55	40
-1.506	40	28
-1.512	58	47
-1.589	50	34
-1.476	50	32
-1.585	50	37
-1.485	34	23
-1.51	29	17
-1.569	41	27
-1.52	30	18
-1.525	47	31
-1.528	40	27
-1.522	61	43
-1.59	39	27
-1.553	40	22
-1.513	39	30
-1.564	59	32
-1.509	43	30
-1.537	46	32
-1.52	31	20
-1.577	43	31
-1.51	30	25
-1.518	64	50
-1.526	25	13
-1.594	37	23
-1.585	25	13
-1.576	36	24
-1.501	35	23
-1.571	41	28
-1.519	39	23
-1.383	33	21
-1.577	43	31
-1.516	38	27
-1.52	28	16
-1.511	52	40
-1.561	39	27
-1.53	34	20
-1.56	58	35
-1.532	39	27
-1.527	39	24
-1.531	34	22
-1.51	38	26
-1.505	46	32
-1.537	21	9
-1.526	45	29
-1.492	23	16
-1.518	47	36
-1.535	38	24
-1.564	74	51
-1.553	44	39
-1.511	51	34
-1.513	60	41
-1.574	71	49
-1.506	16	16
1.124	30	21
-1.524	56	33
-1.525	33	21
-1.51	42	23
-1.59	37	26
-1.53	35	23
-1.581	35	23
-1.517	32	20
-1.565	37	25
-1.519	44	27
-1.568	45	28
-1.521	36	24
-1.52	51	29
-1.519	28	16
-1.567	36	24
-1.566	28	16
-1.515	42	30
-1.527	29	17
-1.562	36	23
-1.521	36	23
-1.544	39	27
-1.507	63	42
-1.518	29	17
-1.514	23	17
-1.579	44	31
-1.519	41	23
-1.512	32	21
-1.511	43	26
-1.512	45	34
-1.493	48	31
-1.526	33	21
-1.526	53	34
-1.497	49	26
-1.544	56	36
-1.492	37	25
-1.577	50	36
-1.554	30	19
-1.555	36	25
-1.562	31	19
-1.529	52	37
-1.55	41	29
-1.521	34	22
-1.583	41	26
-1.521	54	34
-1.51	46	30
-1.52	56	37
-1.565	35	24
-1.527	39	25
-1.556	63	40
-1.529	27	15
-1.532	32	20
-1.45	29	17
-1.535	56	41
-1.537	38	26
-1.501	38	27
-1.554	52	32
-1.552	31	19
-1.559	50	28
-1.504	29	17
-1.541	48	34
-1.524	51	34
-1.523	43	39
-1.495	32	20
-1.531	49	37
-1.522	36	24
-1.531	35	24
-1.566	34	22
-1.564	37	25
-1.512	32	21
-1.544	39	27
-1.51	28	16
-1.51	46	34
-1.526	38	26
-1.559	29	18
-1.502	24	13
-1.451	34	21
-1.57	46	34
-1.575	30	18
-1.569	41	28
-1.562	35	23
-1.521	55	37
-1.516	26	14
-1.491	44	32
-1.532	34	20
-1.569	55	33
-1.512	33	22
-1.515	34	22
-1.502	34	22
-1.526	38	25
-1.538	37	25
-1.519	35	29
-1.544	31	19
-1.531	36	24
-1.53	45	33
-1.525	57	37
-1.543	61	38
-1.521	36	24
-1.535	57	36
-1.508	42	32
-1.521	37	25
-1.514	63	42
-1.497	30	18
-1.531	37	24
-1.567	33	20
-1.584	31	19
-1.521	29	17
-1.532	40	26
-1.513	33	22
-1.524	54	37
-1.562	34	22
-1.526	46	34
-1.495	47	34
-1.502	30	18
-1.504	38	26
-1.587	38	25
-1.501	34	22
-1.506	31	19
-1.549	63	43
-1.518	38	26
-1.502	31	20
-1.514	41	29
-1.513	42	25
-1.523	32	20
-1.559	29	17
-1.532	55	29
-1.518	34	22
-1.57	42	29
-1.529	36	22
-1.472	34	22
-1.56	39	31
-1.575	39	27
-1.525	47	27
-1.518	29	17
-1.505	44	33
-1.496	47	31
-1.517	28	22
-1.507	24	18
-1.501	40	25
-1.521	37	26
-1.507	45	29
-1.572	50	36
-1.573	37	25
-1.527	48	36
-1.523	44	29
-1.574	40	28
-1.511	28	16
-1.575	40	28
-1.525	38	26
-1.516	28	17
-1.531	42	25
-1.499	30	19
-1.532	35	23
-1.516	34	22
-1.587	33	21
-1.564	31	19
-1.528	52	36
-1.53	31	19
-1.585	37	26
-1.547	41	26
-1.536	48	28
-1.573	44	31
-1.501	60	36
-1.515	27	15
-1.529	36	24
-1.531	40	28
-1.584	55	34
-1.556	44	27
-1.553	33	21
-1.546	31	19
-1.577	48	31
-1.521	49	33
-1.579	41	29
-1.591	40	28
-1.561	39	27
-1.532	39	27
-1.518	47	35
-1.524	27	15
-1.566	44	25
-1.549	43	27
-1.558	54	30
-0.352	27	17
-1.564	78	62
-1.509	58	37
-1.511	35	22
-1.52	34	22
-1.595	41	25
-1.502	41	27
-1.524	50	37
-1.601	48	31
-1.516	32	20
-1.46	26	14
-1.57	48	33
-1.519	39	29
-1.551	32	22
-1.534	31	19
-1.523	40	27
-1.486	32	22
-1.532	54	35
-1.489	33	21
-1.541	39	27
-1.573	42	26
-1.514	47	29
-1.51	42	31
-1.598	30	18
-1.515	35	23
-1.567	33	21
-1.543	30	18
-1.495	31	19
-1.457	38	23
-1.515	30	18
-1.56	47	35
-1.529	36	24
-1.521	40	28
-1.164	26	14
-1.519	35	24
-1.519	35	22
-1.512	34	23
-1.466	33	21
-1.528	46	28
-1.512	38	26
-1.596	31	19
-1.524	46	28
-1.506	31	19
-1.561	32	20
-1.51	38	26
-1.531	30	18
-1.564	42	30
-1.531	43	27
-1.532	43	31
-1.531	29	17
-1.532	38	26
-1.541	41	29
-1.528	54	39
-1.528	67	34
-1.569	69	39
-1.54	40	28
-1.531	39	27
-1.511	14	14
-1.473	37	25
-1.536	28	18
-1.517	36	24
-1.516	46	41
-1.493	39	29
-1.584	59	44
-1.517	40	26
-1.529	42	30
-1.522	37	32
-1.447	66	41
-1.521	43	30
-1.532	40	28
-1.527	36	29
-1.519	38	26
-1.529	28	17
-1.524	42	30
-1.501	44	32
-1.564	35	23
-1.515	34	23
-1.554	40	27
-1.519	47	35
-1.516	34	23
-1.552	36	24
-1.523	28	16
-1.532	64	33
-1.518	29	17
-1.527	27	15
-1.541	27	15
-1.52	37	25
-1.507	31	21
-1.532	38	26
-1.547	61	45
-1.55	31	20
-1.515	47	28
-1.547	27	21
-1.529	45	33
-1.53	47	32
-1.505	47	29
-1.553	29	17
-1.561	37	25
-1.54	58	44
-1.474	26	14
-1.576	35	24
-1.531	33	21
-1.527	59	37
-1.521	35	24
-1.518	51	36
-1.527	50	39
-1.521	52	30
-1.515	28	17
-1.509	58	35
-1.529	27	15
-1.514	43	31
-1.477	43	31
-1.528	62	40
-1.532	37	25
-1.509	30	18
-1.516	30	19
-1.521	31	20
-0.744	28	16
-1.587	34	22
-1.523	34	22
-1.538	36	24
1.693	19	9
-1.524	36	22
-1.523	25	13
-1.547	57	36
-1.519	40	28
-1.522	35	25
-1.607	45	23
-1.519	34	22
-1.544	43	22
-1.526	46	33
-1.488	68	50
-1.506	32	21
-1.532	36	24
-1.568	31	19
-1.526	39	26
-1.556	53	35
-1.458	33	23
-1.524	39	23
-1.535	49	28
-1.585	34	22
-1.526	45	33
-1.325	34	22
-1.523	27	15
-1.51	32	20
-1.526	44	32
-1.52	29	17
-1.503	35	23
-1.496	33	21
-1.542	40	27
-1.521	50	28
-1.512	27	15
-1.492	42	26
-0.617	33	26
-1.531	30	18
-1.585	63	48
-1.563	45	33
-1.546	35	23
-1.414	23	11
-1.517	38	26
-1.524	51	34
-1.555	36	24
-1.563	33	22
-1.577	35	22
-1.063	22	12
-1.511	49	26
-1.548	28	16
-1.525	44	32
-1.528	34	22
-1.546	32	20
-1.534	28	16
1.584	23	12
-1.528	47	32
-1.521	35	22
-1.526	52	34
-1.528	57	36
-1.544	28	16
-1.551	36	24
-1.481	54	43
-1.527	33	22
-1.488	30	19
-1.511	53	35
-1.525	36	32
1.433	23	13
-1.579	43	31
-1.503	39	27
-1.512	37	22
-1.534	76	49
-1.585	36	24
-1.508	60	47
-1.531	56	37
-1.215	54	37
-0.053	42	24
-1.542	26	14
-1.531	55	37
-1.466	35	25
-0.92	39	31
-1.501	46	32
-1.528	24	12
-1.513	33	24
-1.54	59	42
-1.551	30	18
-1.533	56	40
-1.534	46	31
-1.565	32	20
-1.516	72	46
-1.552	33	21
-1.503	29	17
-1.583	84	55
-1.492	20	20
-1.542	45	27
-1.528	49	27
-1.517	34	22
-1.514	28	16
-1.508	42	28
-1.569	39	28
-1.572	32	20
-1.577	29	17
-1.484	45	23
-1.536	59	37
-1.533	43	31
-1.521	33	21
-1.518	36	22
-1.538	57	40
-1.56	43	26
-1.543	48	32
-1.519	38	24
-1.514	40	28
-1.533	35	23
-1.501	33	21
-1.49	30	19
-1.559	41	27
-1.477	34	22
-1.542	30	19
-1.522	61	49
-1.519	54	37
-1.582	31	19
-1.52	34	22
-1.531	38	26
-1.58	33	21
-1.513	54	38
-1.584	57	43
-1.529	49	33
-1.56	32	20
-1.498	28	17
-1.591	37	25
-1.572	47	33
-1.532	49	28
-1.498	35	24
-1.515	30	18
-1.514	28	18
-1.522	32	23
-1.537	44	26
-1.528	47	35
-1.533	40	32
-1.545	57	48
-1.601	41	29
-1.489	43	28
-1.585	35	23
-1.582	51	37
-1.52	38	26
-1.516	34	22
-1.509	27	21
-1.514	42	30
-1.52	27	20
-1.555	54	41
-1.539	53	29
-1.508	44	25
-1.512	37	25
-1.579	41	28
-1.556	51	36
-1.534	31	19
-1.514	59	34
-1.558	42	25
-1.512	34	23
-1.502	50	40
-1.518	48	32
-1.502	32	21
-1.536	35	23
-1.527	29	17
-1.535	84	45
-1.593	38	26
-1.492	45	25
-1.524	43	31
-1.522	29	17
-1.575	34	22
-1.536	34	22
-1.521	42	28
-1.518	38	21
-1.568	34	22
-1.505	41	29
-1.531	51	33
-1.508	41	31
-1.539	52	35
-1.518	40	29
-1.509	43	25
-1.524	32	22
-1.529	29	17
-1.541	29	17
-1.546	52	31
-1.473	33	22
-1.523	34	22
-1.532	39	23
-1.504	26	14
-1.502	50	33
-1.586	44	31
-1.538	59	35
-1.557	58	33
-1.5	20	20
-1.507	42	31
-1.462	25	13
-1.074	37	25
-1.52	40	29
-1.508	33	21
-1.522	34	22
0.552	29	19
-1.492	25	13
-1.509	26	14
-1.513	49	36
-1.54	68	42
-1.503	41	28
-1.524	37	22
-1.449	32	20
-1.514	36	25
-1.508	47	30
-1.503	36	25
-1.492	39	27
-1.545	46	32
-1.593	33	21
-1.532	63	46
-0.856	35	24
-1.513	31	19
-1.518	30	19
-1.529	47	35
-1.499	35	23
-1.522	28	16
-1.513	46	33
-1.52	48	26
-1.523	41	29
-1.499	27	15
0.135	27	15
-1.525	66	43
-1.492	44	32
-1.464	27	15
-1.529	60	50
-1.524	36	24
-1.503	20	20
-1.516	68	42
-1.529	35	23
-1.531	45	27
-1.521	63	35
-1.586	34	22
-0.931	51	27
-1.551	35	23
0.685	26	15
-1.475	39	27
-1.482	49	30
-1.523	40	27
-1.513	42	30
-1.52	43	31
-1.566	38	26
-1.512	30	18
-1.546	44	31
-1.511	48	34
-1.519	46	34
-1.528	42	28
-1.523	70	48
-1.563	39	27
-1.504	36	24
-1.504	41	28
-1.547	47	29
-1.525	35	23
-1.523	34	22
-1.52	44	26
-1.515	34	20
-1.52	33	21
-1.536	33	22
-1.55	36	24
-1.504	35	23
-1.541	47	30
-1.494	27	16
-1.509	38	26
-1.544	35	23
-1.378	38	26
-1.526	35	23
-1.524	38	26
-1.539	37	22
-1.546	47	30
-1.569	43	32
-1.558	44	32
-1.531	50	30
-1.5	77	63
-1.521	25	13
-1.493	49	37
-1.585	36	24
-1.523	35	23
-1.493	29	17
-1.601	34	22
-1.519	31	19
-1.501	29	17
-1.566	63	47
-1.508	89	58
-1.586	29	17
-1.588	46	30
-1.53	56	41
-1.502	37	31
-1.538	46	34
-1.525	37	22
-1.525	32	20
-1.558	45	33
-1.491	41	24
-1.526	35	23
-1.529	54	34
-1.6	44	30
-1.542	36	23
-1.504	27	15
-1.5	32	20
-1.505	45	25
-1.538	39	27
-1.501	33	21
-1.508	36	24
-1.524	36	27
-1.513	53	30
-1.532	34	22
-1.501	28	16
-1.512	49	34
-1.437	55	43
-1.523	38	26
-1.486	33	22
-1.54	63	42
-1.532	32	21
-1.526	39	28
-1.577	40	28
-1.527	29	23
-1.525	65	47
-1.524	49	27
-1.538	50	33
