-1.5002598	33	21
-1.5001027	36	24
-1.5613762	35	24
-1.5618889	63	46
-1.5001342	42	30
-1.5616805	33	22
-1.5618622	69	50
-1.5618058	52	40
-1.500282	62	34
-1.4999778	37	28
-1.5618598	33	21
-1.5003776	30	18
-1.5004332	54	33
-1.561545	40	29
-1.5607172	37	25
-1.5617316	57	46
-1.5001816	51	31
-1.5002719	62	43
-1.5003064	41	29
-1.5004097	60	36
-1.5616949	37	25
-1.5617316	45	33
-1.5002659	36	22
-1.5002195	40	28
-1.5003405	33	21
-1.5004043	59	36
-1.5002638	48	31
-1.5000483	28	16
-1.5001902	41	29
-1.5616849	34	22
-1.5602923	51	41
-1.5617297	46	34
-1.5000453	51	39
-1.5001825	34	24
-1.5001845	35	24
-1.5004081	34	22
-1.5004532	33	22
-1.500242	32	20
-1.5617696	37	25
-1.5618941	47	35
-1.500342	75	52
-1.5616307	50	39
-1.5618761	63	46
-1.5617331	43	31
-1.5618344	50	32
-1.5002015	35	23
-1.5002444	63	38
-1.5619352	46	33
-1.500263	31	19
-1.5002559	39	27
-1.5001122	31	20
-1.5619868	50	33
-1.5618644	60	44
-1.5001319	40	29
-1.5002221	34	24
-1.5001252	34	30
-1.5617889	52	39
-1.5001365	43	37
-1.5614312	33	23
-1.5002505	27	23
-1.5617249	48	37
-1.5001519	28	23
-1.5001445	50	35
-1.4999629	41	30
-1.5617941	35	24
-1.5616072	32	21
-1.5003128	48	35
-1.5002894	49	26
-1.5003364	37	24
-1.561913	73	49
-1.561983	48	35
-1.5618624	53	41
-1.5001802	36	26
-1.561902	36	31
-1.5616499	52	40
-1.5001603	37	25
-1.5620546	44	32
-1.561759	35	28
-1.5620311	49	33
-1.5617932	57	42
-1.5001312	32	20
-1.5003062	41	29
-1.5004	36	24
-1.5002487	60	40
-1.500285	45	33
-1.5617633	57	44
-1.50032	51	37
-1.561766	41	30
-1.5002608	35	23
-1.5002515	29	17
-1.5001307	41	30
-1.5619271	60	42
-1.5003286	44	32
-1.5615244	50	38
-1.5001857	32	21
-1.562037	41	29
-1.5001583	49	38
-1.5617371	51	38
-1.561853	40	28
-1.5002175	36	24
-1.5003611	49	34
-1.5003783	53	36
-1.561931	34	22
-1.5619287	81	63
-1.5621089	59	37
-1.5619011	46	34
-1.5615135	39	30
-1.5002291	42	31
-1.5003826	35	23
-1.5618885	53	41
-1.5004722	34	22
-1.56188	46	34
-1.5002572	38	27
-1.5004399	59	38
-1.5001572	41	33
-1.5001656	35	25
-1.5620368	39	27
-1.5618462	44	32
-1.5621826	63	42
-1.5618389	45	33
-1.5022474	40	29
-1.5618716	38	26
-1.5619268	39	27
-1.5001483	52	34
-1.5002019	29	17
-1.5619374	62	43
-1.5618731	55	41
-1.500407	29	17
-1.56167	77	51
-1.4999962	40	28
-1.5615733	40	29
-1.5003178	37	22
-1.5002447	46	32
-1.5618749	35	23
-1.5000789	35	24
-1.5003302	42	26
-1.5616351	41	30
-1.5002443	47	35
-1.5617192	47	35
-1.5617613	57	37
-1.5001988	27	15
-1.5003663	43	28
-1.5001997	37	33
-1.5002706	37	25
-1.5617706	41	29
-1.5620988	57	40
-1.5001521	38	28
-1.5618168	67	53
-1.5002038	55	40
-1.5615655	35	24
-1.5618672	53	42
-1.5002572	54	35
-1.500267	40	25
-1.5003563	57	39
-1.500173	39	28
-1.5003213	31	19
-1.5621121	34	22
-1.5003524	59	40
-1.5617142	59	48
-1.5617423	41	28
-1.5617256	43	33
-1.5001943	33	22
-1.5618403	38	26
-1.5619661	56	41
-1.5617212	43	32
-1.5619616	51	28
-1.561761	62	47
-1.5003692	48	29
-1.5001921	37	23
-1.5003303	32	20
-1.5620243	40	28
-1.5618125	47	35
-1.5619849	36	24
-1.5618373	66	47
-1.5001395	31	26
-1.5001365	40	30
-1.5002301	32	21
-1.5003633	36	24
-1.5616594	35	25
-1.5619496	47	35
-1.5003215	59	42
-1.5001307	35	31
-1.5001871	34	22
-1.5619338	42	30
-1.5000889	33	21
-1.5001591	47	29
-1.5002734	27	15
-1.5617616	40	32
-1.5001951	30	18
-1.5002007	36	24
-1.5003782	47	32
-1.561839	42	30
-1.561439	33	21
-1.5619777	51	36
-1.5617731	38	26
-1.5002554	41	26
-1.5003462	35	23
-1.5619227	55	44
-1.5617701	48	31
-1.5002376	38	26
-1.5620467	48	35
-1.5619454	47	35
-1.5003864	45	33
-1.5002421	54	35
-1.5003714	30	18
-1.5003158	36	24
-1.5002895	79	55
-1.5002934	38	26
-1.5620791	74	59
-1.5003114	52	31
-1.5002002	59	41
-1.5001477	40	28
-1.5001436	31	20
-1.5001647	42	21
-1.5618068	57	41
-1.500319	50	36
-1.5001581	50	37
-1.5002025	37	25
-1.5615636	37	27
-1.5618918	68	53
-1.5617951	54	49
-1.500207	32	20
-1.5617372	33	22
-1.5002804	38	26
-1.5002108	31	19
-1.5002112	30	19
-1.5001744	31	19
-1.5001381	44	33
-1.5003734	37	23
-1.5618101	60	48
-1.5618931	54	37
-1.5618793	48	36
-1.5001797	38	25
-1.5619768	35	24
-1.5000578	35	25
-1.4999814	32	22
-1.5620339	49	32
-1.561902	37	32
-1.5002521	36	24
-1.5616853	32	20
-1.5002227	43	24
-1.5000219	44	34
-1.5616319	51	33
-1.5617888	51	39
-1.5003384	45	30
-1.5002282	32	20
-1.5618988	39	32
-1.5002762	39	27
-1.5002663	35	31
-1.5002159	51	36
-1.5002512	52	36
-1.5003242	49	35
-1.5002935	50	29
-1.500163	39	28
-1.5619499	45	32
-1.5002765	40	25
-1.5001506	35	23
-1.500102	38	26
-1.5003916	44	33
-1.5002441	36	25
-1.5002403	37	24
-1.5616045	47	36
-1.5620653	54	41
-1.5003747	36	24
-1.5003123	43	32
-1.5003484	38	25
-1.5615917	44	34
-1.5617445	46	34
-1.5002519	34	22
-1.5612261	36	24
-1.561689	49	42
-1.5615496	46	35
-1.5619748	78	49
-1.5004274	57	37
-1.5002831	34	22
-1.5001752	31	25
-1.5620794	63	42
-1.5618625	42	30
-1.5001708	29	17
-1.5002776	46	33
-1.5003648	65	42
-1.5002696	52	33
-1.5002699	82	49
-1.5618977	43	31
-1.5619652	52	37
-1.5001232	27	21
-1.5002156	64	43
-1.5617681	65	51
-1.5003335	43	29
-1.5000803	28	23
-1.5619316	55	31
-1.5004145	40	28
-1.5003286	33	21
-1.5621052	52	32
-1.5002466	46	31
-1.5000112	30	18
-1.5617768	55	44
-1.5004139	55	38
-1.5003304	47	31
-1.5619039	36	24
-1.5001962	53	35
-1.5618141	40	28
-1.5002727	41	25
-1.4999856	36	25
-1.5002989	36	24
-1.5003803	34	22
-1.5614096	49	39
-1.5002874	47	31
-1.5002994	37	23
-1.5001185	30	26
-1.5002765	35	23
-1.5002916	46	32
-1.5002399	53	29
-1.5001364	33	21
-1.4999854	41	30
-1.5002957	53	40
-1.5001753	29	17
-1.5616587	48	37
-1.5002415	41	29
-1.5003801	35	23
-1.5001812	28	16
-1.5617665	43	30
-1.5000274	30	19
-1.5617986	45	33
-1.5002372	39	27
-1.5617581	44	32
-1.5618834	73	61
-1.5003709	35	23
-1.500234	53	37
-1.5619606	62	42
-1.5002434	47	34
-1.500107	34	27
-1.5002387	45	34
-1.561656	56	42
-1.5615558	36	25
-1.5002538	47	27
-1.5617581	46	34
-1.5618552	37	26
-1.5001207	55	34
-1.5619425	61	48
-1.5621715	38	26
-1.5617592	43	30
-1.5002792	50	38
-1.5002345	44	27
-1.5617193	57	45
-1.5618435	47	35
-1.5617209	39	29
-1.5619145	43	29
-1.5003649	38	26
-1.5001975	45	33
-1.5617146	49	32
-1.5619967	50	34
-1.500263	36	25
-1.5617578	46	35
-1.5003162	40	23
-1.5613796	41	31
-1.5002702	47	31
-1.5003603	51	39
-1.56164	39	28
-1.5616824	48	37
-1.5606571	43	32
-1.5000478	33	22
-1.5616075	57	38
-1.500292	34	22
-1.5617704	83	65
-1.5001651	34	22
-1.5618598	58	37
-1.5615353	62	42
-1.5616106	42	32
-1.5618614	50	33
-1.5002212	44	30
-1.5002576	58	44
-1.5616575	47	35
-1.5003157	32	20
-1.5618744	79	57
-1.5613298	52	41
-1.5619333	73	52
-1.5003227	44	32
-1.5620731	48	36
-1.5001506	37	25
-1.5000701	36	26
-1.5614274	41	32
-1.561461	37	25
-1.5619757	43	31
-1.5002299	53	33
-1.5617331	34	22
-1.5002238	34	23
-1.5617997	31	19
-1.5002424	33	22
-1.5004729	29	17
-1.5000899	35	29
-1.5617005	41	29
-1.5003207	43	34
-1.5001535	30	18
-1.5003161	71	34
-1.5614836	40	28
-1.5001365	54	40
-1.5617424	59	44
-1.5618773	39	27
-1.4999431	22	17
-1.5618401	42	31
-1.5004202	44	31
-1.5003471	50	31
-1.5003759	31	19
-1.5618533	54	40
-1.562003	58	39
-1.5003396	34	22
-1.5619515	39	27
-1.5003282	29	17
-1.5002426	35	23
-1.5619455	68	51
-1.500224	40	28
-1.5618447	55	39
-1.5000737	30	19
-1.5003185	34	22
-1.5002727	38	26
-1.5001605	55	42
-1.5002445	31	19
-1.5615237	43	32
-1.5001679	34	30
-1.5475569	59	46
-1.5004094	40	25
-1.5619137	48	35
-1.5617746	34	22
-1.5618335	46	29
-1.5003008	39	26
-1.5615796	55	46
-1.500209	40	25
-1.5618307	58	45
-1.5001149	33	21
-1.5001079	27	15
-1.5003107	39	27
-1.561931	53	37
-1.5618777	54	34
-1.5000357	34	23
-1.5000865	30	19
-1.4999983	29	19
-1.5001357	46	34
-1.5003517	50	32
-1.5619069	60	48
-1.5612998	50	38
-1.5621497	46	34
-1.5002023	34	22
-1.5002885	49	32
-1.5619445	37	25
-1.5003805	60	37
-1.5003471	53	35
-1.5002639	55	37
-1.5609711	37	25
-1.5617252	35	23
-1.5619446	68	54
-1.5002433	62	37
-1.5003794	54	34
-1.5002619	38	26
-1.5619253	44	32
-1.5002985	33	21
-1.5001947	33	21
-1.5000568	35	25
-1.5618377	60	43
-1.5619404	55	36
-1.5619088	58	40
-1.5003777	37	25
-1.5001874	36	24
-1.5002611	37	25
-1.5002569	59	39
-1.5000451	37	25
-1.5002792	50	39
-1.5618001	55	41
-1.5617625	38	26
-1.5002189	40	28
-1.5002168	37	26
-1.5617993	46	31
-1.5003106	29	17
-1.5003198	37	26
-1.5616103	45	34
-1.5003004	40	28
-1.5002529	41	25
-1.561841	60	40
-1.5615947	58	42
-1.5617789	40	30
-1.5004008	32	20
-1.5002319	32	20
-1.5618332	57	45
-1.5003465	40	22
-1.5000934	29	18
-1.5004767	50	31
-1.5001547	49	36
-1.5003378	34	29
-1.5001456	42	32
-1.5002155	27	15
-1.5012085	44	33
-1.5618287	53	35
-1.5619163	67	45
-1.5004018	37	25
-1.5620603	46	34
-1.5001409	39	28
-1.5002951	47	28
-1.5002721	49	29
-1.5615903	34	23
-1.5002002	49	32
-1.5002165	60	44
-1.5617724	43	32
-1.5002701	56	37
-1.4999919	25	21
-1.5002755	49	27
-1.5617588	52	40
-1.5003151	42	30
-1.5618174	57	37
-1.5617825	40	28
-1.5616771	36	26
-1.5001587	37	24
-1.5617668	54	44
-1.5001148	39	28
-1.5616193	41	31
-1.5617396	57	47
-1.5619156	51	33
-1.5002756	37	25
-1.5614973	52	40
-1.5616833	41	37
-1.500346	59	41
-1.5618425	39	27
-1.5002754	43	21
-1.5001971	34	22
-1.5003397	31	19
-1.56185	58	46
-1.5003212	42	24
-1.5614109	57	39
-1.5006786	33	23
-1.50015	50	35
-1.500275	35	23
-1.5617371	59	47
-1.5001855	34	22
-1.5002369	37	23
-1.5002373	32	20
-1.5619137	40	28
-1.5002277	33	21
-1.5001547	32	20
-1.5007193	48	33
-1.5618996	37	25
-1.5616856	52	36
-1.5001153	39	23
-1.5003358	39	28
-1.5001524	41	30
-1.5003336	33	21
-1.5615114	35	23
-1.5003129	36	24
-1.5003477	29	17
-1.5002093	28	16
-1.5618563	51	37
-1.5003199	41	31
-1.5001614	35	24
-1.5001827	37	25
-1.5001652	25	20
-1.5002895	31	19
-1.5002582	45	37
-1.5617487	48	38
-1.5616275	32	20
-1.5000908	39	29
-1.5607161	51	41
-1.5617127	52	39
-1.5619268	49	37
-1.5002922	32	21
-1.5002136	56	32
-1.5617762	60	48
-1.5002116	33	21
-1.5616917	37	26
-1.5001735	32	21
-1.50026	34	23
-1.5617	47	35
-1.5608325	35	24
-1.5617234	37	26
-1.5616618	35	23
-1.5003026	44	28
-1.5617029	36	24
-1.5003096	39	27
-1.4998347	33	24
-1.5618476	62	44
-1.561199	34	23
-1.5004039	40	27
-1.5593678	48	40
-1.5001413	34	30
-1.5002382	38	23
-1.500189	30	19
-1.5003181	29	17
-1.5002343	55	38
-1.4998932	29	19
-1.561822	40	28
-1.5001676	27	22
-1.5001268	54	43
-1.5616934	41	30
-1.5613852	54	42
-1.5619777	68	50
-1.5001347	39	25
-1.5616796	33	22
-1.56157	38	27
-1.5002892	55	44
-1.5619017	49	37
-1.5619358	37	25
-1.5000314	30	26
-1.5003292	55	40
-1.500268	45	27
-1.5001931	34	22
-1.5616316	61	50
-1.5617226	40	28
-1.5002738	38	26
-1.5002284	40	27
-1.5613173	40	28
-1.5616385	67	51
-1.5620754	83	62
-1.5617256	52	37
-1.5002524	32	21
-1.5618981	39	27
-1.5616036	48	36
-1.5003937	73	41
-1.4998835	43	32
-1.500419	57	36
-1.5002724	39	22
-1.561609	62	51
-1.5003756	54	41
-1.5002681	33	21
-1.5002237	42	30
-1.5002461	30	18
-1.5003174	43	24
-1.5004764	46	29
-1.5002506	31	26
-1.5001344	33	21
-1.5618087	46	34
-1.5618731	73	55
-1.50031	41	29
-1.5618171	38	26
-1.5615758	42	31
-1.5617042	33	21
-1.5617695	49	37
-1.5001835	37	26
-1.5616777	27	21
-1.5003025	54	37
-1.5618101	52	43
-1.5617889	45	34
-1.5000117	33	27
-1.5001984	46	34
-1.5002886	35	23
-1.5003712	67	41
-1.5002902	26	16
-1.5002973	77	40
-1.5001795	40	28
-1.500184	39	25
-1.5003622	37	25
-1.5002795	70	45
-1.5001518	37	27
-1.5618798	46	34
-1.5003296	32	20
-1.5618955	51	35
-1.5002804	35	23
-1.5617224	35	24
-1.5000782	39	27
-1.5003506	40	28
-1.5002758	43	31
-1.5618045	72	47
-1.5618326	52	40
-1.5617056	39	27
-1.5003308	29	17
-1.561613	38	27
-1.5003047	41	28
-1.5618616	52	36
-1.5616846	48	31
-1.5002527	30	18
-1.5004127	65	44
-1.5620357	39	27
-1.5621384	55	36
-1.5005008	46	32
-1.5002613	33	22
-1.5002374	48	33
-1.5000318	35	25
-1.5617957	54	43
-1.5615975	44	33
-1.5619567	56	44
-1.5002189	44	32
-1.5002087	30	18
-1.5002547	58	47
-1.5617239	53	43
-1.5001259	32	21
-1.561644	51	39
-1.5000316	35	26
-1.5619453	41	29
-1.500308	43	32
-1.5613191	32	21
-1.5005648	28	16
-1.5002546	34	22
-1.5002986	54	29
-1.5001355	39	28
-1.5619536	56	42
-1.5617445	48	35
-1.5615923	38	26
-1.5000291	31	19
-1.5612629	35	24
-1.5002422	41	26
-1.5002249	38	26
-1.5620084	50	38
-1.5001754	28	17
-1.5618254	49	35
-1.5000284	44	32
-1.5002239	54	32
-1.5618437	33	21
-1.5000375	32	21
-1.5618898	56	44
-1.5618036	39	28
-1.5003234	40	28
-1.5613369	48	37
-1.5001752	57	36
-1.5616319	35	24
-1.5618674	46	34
-1.5615863	39	28
-1.5003443	44	29
-1.5619039	56	34
-1.5616515	47	36
-1.5002174	39	23
-1.5003758	61	40
-1.5002668	41	29
-1.5619932	66	49
-1.500228	33	24
-1.5615546	34	23
-1.5001776	30	20
-1.5607161	38	27
-1.5615839	31	19
-1.5619544	78	57
-1.5619394	56	38
-1.5617599	38	22
-1.5001216	42	30
-1.5618275	50	34
-1.5002972	36	24
-1.5618061	49	37
-1.5618056	38	26
-1.5004422	72	39
-1.500419	38	26
-1.5001994	29	24
-1.5004904	36	24
-1.5618161	36	24
-1.4999733	33	21
-1.5002797	37	25
-1.5004806	52	32
-1.5002525	29	17
-1.4999081	41	30
-1.5002617	41	29
-1.500221	33	21
-1.5003381	49	29
-1.5617709	39	27
-1.5003104	46	26
-1.561693	65	44
-1.5618032	45	33
-1.5003198	39	27
-1.5619543	53	33
-1.5619344	83	62
-1.5618097	41	26
-1.5002207	39	27
-1.5618784	50	33
-1.5004071	69	42
-1.5615452	34	22
-1.5600805	60	48
-1.5002792	37	25
-1.5007892	53	41
-1.5615346	38	26
-1.5619376	48	36
-1.5619746	62	48
-1.5002744	46	27
-1.561774	44	32
-1.5002874	41	28
-1.5002455	36	24
-1.5616554	56	44
-1.5002984	35	23
-1.5003032	45	31
-1.5616116	39	27
-1.5616828	48	37
-1.5620244	62	43
-1.5618596	55	43
-1.5001697	35	30
-1.5619053	72	54
-1.5001759	39	25
-1.5619209	52	33
-1.5002764	54	38
-1.5003663	50	31
-1.5618753	54	37
-1.5615087	35	24
-1.4999717	36	25
-1.5616965	39	27
-1.5618376	42	30
-1.561871	41	29
-1.5617315	41	30
-1.5000404	35	30
-1.5002237	34	22
-1.5001492	30	18
-1.5004541	40	26
-1.5614805	48	37
-1.5619943	41	29
-1.5003373	43	31
-1.5001302	49	36
-1.5617457	54	40
-1.561514	34	22
-1.5617146	42	30
-1.5002456	46	34
-1.5001728	35	24
-1.500242	38	27
-1.5618154	61	43
-1.5618013	42	30
-1.5003368	32	20
-1.5616323	34	29
-1.5618407	37	33
-1.500449	46	32
-1.5003063	33	21
-1.5617239	49	32
-1.5002059	32	20
-1.5618117	41	29
-1.5002515	30	18
-1.5618796	37	25
-1.5617438	33	22
-1.5618163	44	33
-1.5004129	38	26
-1.4999686	32	21
-1.5003054	33	21
-1.5003822	55	41
-1.5002772	28	16
-1.5614338	29	23
-1.5002053	49	29
-1.5003284	45	29
-1.5003166	54	33
-1.5618464	54	43
-1.5619453	52	38
-1.561421	32	20
-1.560079	35	23
-1.5002096	43	31
-1.5001908	39	28
-1.561951	56	34
-1.5617598	40	29
-1.5001846	31	19
-1.5616301	43	31
-1.5617543	32	27
-1.5002085	33	21
-1.5006033	36	24
-1.5617644	47	36
-1.5003644	43	27
-1.5619963	54	42
-1.5003375	39	25
-1.5000961	34	22
-1.5616774	41	29
-1.5617435	54	43
-1.561845	54	41
-1.500271	37	24
-1.5001819	38	25
-1.5003221	36	24
-1.5001914	33	22
-1.5002182	48	27
-1.500376	63	46
-1.5617725	45	33
-1.4998805	29	17
-1.5003635	46	25
-1.500404	40	28
-1.5620189	44	32
-1.5002884	31	19
-1.5002815	44	27
-1.5003706	32	19
-1.5617639	34	29
-1.5618056	45	32
-1.5616059	35	23
-1.5000711	27	24
-1.5001289	34	23
-1.561931	58	37
-1.5001655	29	17
-1.5002526	52	33
-1.5002901	33	21
-1.5002358	50	29
-1.5001408	44	33
-1.5618357	44	32
-1.5618278	42	36
-1.5002776	46	23
-1.4998801	36	25
-1.5002277	41	29
-1.5620487	82	57
-1.5619486	55	41
-1.5620873	41	28
-1.5002069	40	28
-1.5617765	44	32
-1.5002684	71	40
-1.5003216	29	17
-1.5003182	40	23
-1.5004607	33	21
-1.5614822	39	29
-1.5619589	70	52
-1.5616499	34	30
-1.500246	35	23
-1.5002541	47	35
-1.5617226	65	53
-1.5617405	42	31
-1.5003596	37	25
-1.500268	31	19
-1.5619806	66	47
-1.5620488	35	23
-1.5617717	49	36
-1.5001165	33	22
-1.5000376	36	31
-1.5003614	39	27
-1.5616562	37	25
-1.5001735	38	26
-1.5617309	47	32
-1.5615457	47	37
-1.560652	43	31
-1.5003325	45	28
-1.5000353	31	19
-1.500147	34	24
-1.5002846	38	22
-1.5003052	40	26
-1.500291	49	31
-1.5621025	61	38
-1.5618437	30	18
-1.5000933	34	29
-1.5619158	61	43
-1.5002025	62	38
-1.5617145	41	30
-1.5001358	28	16
-1.5002363	34	23
-1.5618295	32	20
-1.500232	66	47
-1.5617059	46	35
-1.5003288	38	23
-1.5000868	27	16
-1.5617427	62	39
-1.5002439	45	27
-1.561772	44	33
-1.5003567	42	30
-1.5617067	56	43
-1.5604867	39	27
-1.5616939	50	38
-1.5003761	37	25
-1.5002317	42	27
-1.5000839	45	33
-1.5619528	43	31
-1.5618797	73	52
-1.4999647	35	25
-1.5618266	45	33
-1.56181	45	33
-1.5620355	49	37
-1.5002786	37	25
-1.5003889	51	29
-1.5002172	39	25
-1.5616235	47	36
-1.5005711	56	36
-1.5617249	41	29
-1.5615909	58	47
-1.5617795	45	32
-1.5003105	32	20
-1.5619425	47	34
-1.561859	62	48
-1.5002038	29	18
-1.5620555	54	35
-1.5617295	36	24
-1.5003181	47	30
-1.561623	37	26
-1.5003483	44	32
-1.5037212	56	46
-1.5004294	48	35
-1.5617119	55	43
-1.5002394	33	21
-1.5002291	38	24
-1.5003465	57	37
-1.5618078	48	37
-1.5618919	55	34
-1.5002049	31	19
-1.5619096	70	54
-1.561703	45	34
-1.5001296	30	26
-1.5003292	44	32
-1.5001508	30	19
-1.5617572	34	23
-1.5003782	45	26
-1.5614101	34	25
-1.5001894	31	19
-1.5003506	50	33
-1.5620081	39	27
-1.5000783	54	41
-1.5002422	44	32
-1.5618009	49	39
-1.5002677	35	23
-1.5617825	43	31
-1.500276	36	24
-1.5003847	54	35
-1.5619815	45	31
-1.5611835	36	26
-1.5617649	64	49
-1.5001798	48	29
-1.5002331	52	35
-1.5003407	29	17
-1.5000119	39	27
-1.5002266	40	21
-1.5002979	30	18
-1.5616034	48	37
-1.5619038	62	48
-1.5001833	42	30
-1.5619775	55	40
-1.5001152	35	24
-1.5002283	30	18
-1.5618064	50	32
-1.5002854	66	42
-1.5003582	54	33
-1.561689	47	36
-1.5616009	44	33
-1.5618892	52	37
-1.5001113	36	25
-1.561847	44	30
-1.5003358	58	33
-1.5617976	58	43
-1.5003398	34	22
-1.5002271	31	19
-1.5003863	34	22
-1.4999097	31	20
-1.5001647	32	20
-1.5002086	42	30
-1.5618219	55	41
-1.5615442	44	32
-1.5619076	60	37
-1.5617317	50	38
-1.5001996	33	21
-1.5614015	32	20
-1.5000809	35	25
-1.5619219	44	28
-1.5619564	56	36
-1.5002766	39	27
-1.5615548	38	26
-1.5619073	48	34
-1.5000042	30	26
-1.5002228	29	17
-1.5618539	42	30
-1.500219	36	24
-1.5001973	40	28
-1.5618472	42	30
-1.5004066	43	25
-1.5618043	33	21
-1.5002969	31	19
-1.500141	27	20
-1.5618316	46	34
-1.5001079	42	31
-1.5616866	40	28
-1.5002092	52	31
-1.5002029	33	21
-1.5001983	34	22
-1.5616222	37	27
-1.5002962	42	30
-1.5003506	45	28
-1.5619338	66	46
-1.5001955	43	32
-1.5614162	45	33
-1.5617665	54	41
-1.500185	36	24
-1.5003397	46	28
-1.500155	48	36
-1.5620075	56	34
-1.5618202	47	30
-1.5003537	50	28
-1.5614504	41	31
-1.5001208	37	26
-1.5002767	30	18
-1.5003031	44	31
-1.5620578	51	39
-1.5618087	50	38
-1.5618036	33	22
-1.5618094	44	32
-1.5617807	40	28
-1.5619335	51	39
-1.5001457	49	38
-1.5005076	53	30
-1.5003259	53	34
-1.5002364	33	27
-1.5002796	34	22
-1.500039	31	21
-1.5003211	32	20
-1.5001849	39	25
-1.5001099	35	23
-1.5617446	45	34
-1.5002615	45	33
-1.5002397	36	24
-1.5620661	56	37
-1.5618558	43	31
-1.500279	48	26
-1.5001559	31	19
-1.5003107	74	52
-1.5003053	82	60
-1.5618276	45	33
-1.5616717	53	40
-1.5002407	30	18
-1.5000425	42	30
-1.5617647	50	38
-1.500225	52	36
-1.5620201	73	60
-1.5619416	48	36
-1.5615414	55	41
-1.5001392	29	17
-1.561858	59	43
-1.5002722	39	26
-1.5003072	41	25
-1.5003553	37	25
-1.5619039	42	30
-1.5003179	49	37
-1.5616266	34	22
-1.5002122	44	34
-1.5620852	51	36
-1.5003491	42	29
-1.5619241	37	25
-1.5002079	53	42
-1.5619345	39	27
-1.5003659	58	27
-1.5618584	43	31
-1.5619758	57	37
-1.5002161	41	29
-1.5618922	44	32
-1.5003532	30	18
-1.5005137	36	24
-1.561827	56	45
-1.5617296	43	33
-1.5618179	47	35
-1.5619286	33	21
-1.5003586	36	24
-1.5002568	46	29
-1.5001916	49	36
-1.5002477	33	21
-1.5600052	32	20
-1.500205	52	37
-1.5004659	46	27
-1.5001573	22	19
-1.5617043	41	30
-1.5002416	29	18
-1.5002677	40	26
-1.5001729	28	17
-1.5001113	34	22
-1.5002014	33	21
-1.5003434	41	29
-1.5615919	38	26
-1.5590655	35	24
-1.561903	34	22
-1.5620684	49	31
-1.5002126	50	31
-1.5618676	52	40
-1.5002043	38	26
-1.5002142	43	21
-1.5003057	37	25
-1.5002822	53	35
-1.500257	34	23
-1.5003187	37	23
-1.500217	37	25
-1.5613968	36	24
-1.5001616	36	25
-1.5615955	35	24
-1.5001284	39	29
-1.5003011	54	29
-1.5001574	48	33
-1.5621174	60	46
-1.5618034	39	34
-1.5002568	34	22
-1.5000113	34	22
-1.5002128	29	17
-1.5616993	47	36
-1.5001507	32	21
-1.5611235	61	43
-1.500196	47	36
-1.5003147	51	39
-1.5000938	26	22
-1.5000748	41	27
-1.5002552	50	38
-1.5618632	57	40
-1.5002455	29	19
-1.561905	40	28
-1.5619186	81	63
-1.5003205	61	38
-1.5617181	42	29
-1.5002982	59	43
-1.5618496	53	38
-1.5010136	45	32
-1.500145	30	19
-1.5002018	50	37
-1.561838	33	22
-1.5000191	36	25
-1.5618341	47	35
-1.5619414	54	31
-1.5002182	48	34
-1.5001995	41	29
-1.5003013	44	30
-1.5618465	48	36
-1.5616912	53	42
-1.5001433	45	32
-1.5003832	47	35
-1.5615622	59	46
-1.5002555	36	24
-1.5620892	52	38
-1.5595523	42	30
-1.5003908	49	36
-1.5003405	32	20
-1.5618115	35	23
-1.5613644	34	23
-1.5618633	40	28
-1.5617019	44	33
-1.5001941	42	37
-1.5608619	45	32
-1.5003791	36	24
-1.5002278	28	16
-1.5616641	46	33
-1.5003447	46	27
-1.5619099	51	29
-1.5003677	39	27
-1.5002043	27	22
-1.5618257	37	32
-1.5001833	40	28
-1.5610694	41	30
-1.5003073	31	19
-1.5003384	41	29
-1.5002559	60	41
-1.561319	58	39
-1.5003783	44	30
-1.5614422	34	28
-1.5002091	40	29
-1.5001509	24	18
-1.5003028	38	25
-1.5617153	55	44
-1.4999976	22	18
-1.5003531	70	38
-1.5001448	34	23
-1.5005509	32	20
-1.5615286	43	33
-1.561843	46	34
-1.5003638	35	23
-1.5612243	38	26
-1.5620009	55	37
-1.500071	33	21
-1.5001603	31	21
-1.5013372	48	37
-1.5617889	59	48
-1.5003035	42	30
-1.5616919	53	42
-1.5001858	29	22
-1.5001681	34	29
-1.500037	51	37
-1.5002194	38	26
-1.5003098	36	24
-1.5002746	36	24
-1.5002345	29	26
-1.5617953	46	34
-1.5619335	94	73
-1.5001296	38	26
-1.5003154	43	31
-1.5618069	34	23
-1.561923	47	30
-1.5003107	34	23
-1.5001197	36	30
-1.5002024	28	17
-1.5003286	41	29
-1.5002633	44	31
-1.5002167	41	29
-1.5618066	35	24
-1.5000917	48	38
-1.5002004	37	26
-1.5004127	32	20
-1.5001233	32	20
-1.5001761	27	15
-1.5005381	50	30
-1.5002306	32	21
-1.5000467	38	27
-1.5617864	55	43
-1.5618175	50	39
-1.5616421	48	36
-1.5001399	28	16
-1.5003989	66	41
-1.5001874	44	32
-1.5618208	39	27
-1.5002602	45	25
-1.5001521	34	24
-1.5618645	40	28
-1.5002278	47	34
-1.561762	49	36
-1.5001724	29	17
-1.5000091	31	20
-1.5005174	32	20
-1.5617219	38	27
-1.5002168	40	28
-1.5618194	61	41
-1.5002881	37	23
-1.5000423	29	17
-1.5001574	28	25
-1.5003098	54	34
-1.5003024	42	29
-1.5620264	46	34
-1.5001396	42	28
-1.5003059	45	25
-1.5616361	35	23
-1.5618181	39	27
-1.5617171	45	33
-1.5619049	42	31
-1.5001074	32	21
-1.5617792	37	26
-1.5001957	40	28
-1.5617168	47	33
-1.5001594	73	47
-1.5003652	42	30
-1.5618059	42	30
-1.4999704	34	30
-1.5619255	57	40
-1.500361	45	25
-1.5003309	39	27
-1.5618934	53	41
-1.5002344	51	31
-1.5001811	29	17
-1.5003231	52	38
-1.5003137	34	22
-1.500118	25	22
-1.5618331	57	43
-1.5002924	55	37
-1.5619032	49	37
-1.5620975	47	35
-1.5002545	44	32
-1.5001015	26	14
-1.5617989	52	39
-1.5618501	50	38
-1.5003607	49	36
-1.5002431	88	55
-1.5002905	27	15
-1.5614744	39	29
-1.5002876	32	20
-1.500206	46	32
-1.5617615	53	39
-1.5616969	39	29
-1.5619388	43	31
-1.5000898	27	23
-1.5618022	27	21
-1.500291	57	34
-1.5615233	30	19
-1.5002671	32	21
-1.5002355	35	24
-1.5002427	34	22
-1.5618573	46	33
-1.5617724	46	35
-1.5617742	40	29
-1.5003165	42	30
-1.5002033	35	23
-1.5001788	35	23
-1.5618634	40	28
-1.5003062	32	21
-1.5617978	47	35
-1.5617564	44	33
-1.5618939	63	49
-1.5002407	50	33
-1.5002484	37	23
-1.5000811	44	29
-1.5618951	51	39
-1.5617832	81	65
-1.4999472	36	26
-1.5619068	31	19
-1.5003694	41	29
-1.5619536	50	34
-1.5004096	41	29
-1.5002767	56	30
-1.5617386	45	33
-1.5004091	35	23
-1.5002265	51	36
-1.5004215	47	28
-1.5002681	37	25
-1.5001954	76	42
-1.5618664	34	22
-1.5615889	37	25
-1.5010285	43	33
-1.5002828	40	28
-1.5619647	49	37
-1.5616773	37	25
-1.5003535	34	22
-1.5001846	33	21
-1.5001711	32	26
-1.5002675	28	16
-1.5000904	23	19
-1.5617621	63	51
-1.5616466	35	25
-1.5616915	63	57
-1.5000369	32	21
-1.5002477	31	19
-1.5618417	69	46
-1.5003114	40	28
-1.5621198	45	33
-1.5003153	40	24
-1.5616062	37	26
-1.5002954	36	23
-1.5002844	46	33
-1.5004113	47	31
-1.5001226	34	22
-1.5001623	32	20
-1.4999627	34	24
-1.5616156	52	38
-1.5004263	54	31
-1.5000949	32	29
-1.5618547	62	48
-1.5617851	57	46
-1.5003424	37	25
-1.500196	35	29
-1.5617952	41	30
-1.5620485	39	27
-1.5001714	29	17
-1.5619507	45	33
-1.5618975	56	44
-1.5618484	45	33
-1.5618853	64	53
-1.5001291	51	31
-1.50018	34	23
-1.5003647	42	25
-1.5002146	39	25
-1.5002599	37	25
-1.5001794	46	31
-1.5002596	46	32
-1.5004905	44	28
-1.500518	34	22
-1.5001908	40	27
-1.5003771	72	42
-1.5619591	46	32
-1.5007749	66	42
-1.5000388	36	25
-1.5603486	45	33
-1.5618009	50	37
-1.5618537	53	35
-1.5004332	66	47
-1.5003555	34	22
-1.5619307	62	47
-1.5618813	37	25
-1.4999927	31	27
-1.5618386	38	27
-1.5617246	35	25
-1.5001482	34	22
-1.5619562	58	44
-1.5618702	52	40
-1.5617471	48	36
-1.5617706	55	45
-1.5619342	31	19
-1.5618069	52	32
-1.561747	58	40
-1.5001942	32	20
-1.5618147	60	48
-1.5002753	38	26
-1.501431	39	29
-1.5619228	45	33
-1.4999963	33	23
-1.5619913	46	34
-1.5619694	48	36
-1.5003026	44	29
-1.5002406	34	22
-1.5001046	39	28
-1.5618306	74	51
-1.5001951	45	31
-1.5616614	51	39
-1.5003863	42	29
-1.5001521	39	26
-1.5003302	52	33
-1.5002792	42	29
-1.500251	43	28
-1.561969	91	77
-1.5003555	65	43
-1.5616748	53	41
-1.500247	29	18
-1.5617614	65	45
-1.5618624	37	25
-1.500274	34	22
-1.5003202	58	39
-1.5003531	38	26
-1.5002303	61	41
-1.5002459	36	32
-1.5616774	45	35
-1.5002667	33	21
-1.5002258	30	20
-1.5619378	56	45
-1.5619188	62	48
-1.5003318	62	40
-1.5002963	50	35
-1.5617625	47	35
-1.561841	48	31
-1.5004033	42	27
-1.5003281	43	29
-1.5001344	35	23
-1.5619538	57	40
-1.5620216	63	45
-1.5617962	51	40
-1.5618164	40	28
-1.5621337	58	45
-1.50013	31	19
-1.5002905	48	26
-1.5618836	51	38
-1.5589106	53	42
-1.5002128	41	30
-1.5001933	40	28
-1.5001889	34	22
-1.5003011	36	24
-1.5000206	33	22
-1.5619911	44	32
-1.5002103	37	31
-1.500319	82	54
-1.561867	53	32
-1.5002045	32	21
-1.5617763	58	45
-1.5001305	33	22
-1.5551188	32	21
-1.5006781	36	23
-1.5003858	44	30
-1.5003054	32	20
-1.5620018	44	32
-1.5002449	35	23
-1.5003602	35	23
-1.5003696	48	35
-1.5620115	61	47
-1.5002125	32	21
-1.5003033	40	27
-1.5617437	41	28
-1.5002746	39	27
-1.5002924	33	21
-1.5617873	41	29
-1.5614131	39	27
-1.561929	37	25
-1.5619423	62	40
-1.5609025	55	37
-1.5616387	58	46
-1.5618635	59	43
-1.5002222	46	34
-1.5001503	36	25
-1.5000198	31	19
-1.5003804	31	19
-1.5619695	40	28
-1.5621779	46	32
-1.5011979	43	32
-1.5001651	30	18
-1.5617405	52	40
-1.5004464	33	21
-1.5004208	35	23
-1.5001564	35	23
-1.5002656	52	35
-1.5003103	57	36
-1.5618391	71	58
-1.5618795	36	25
-1.5002435	41	26
-1.5002402	42	28
-1.5000076	56	39
-1.5617392	45	33
-1.5001158	39	28
-1.5003643	59	34
-1.5618469	36	24
-1.5002888	56	44
-1.5001655	46	35
-1.5003362	28	16
-1.561532	41	32
-1.5002047	28	17
-1.561977	54	37
-1.5002597	38	32
-1.500361	30	18
-1.5002758	42	30
-1.5617672	29	24
-1.5006542	37	25
-1.5002857	44	27
-1.5001911	42	27
-1.5002286	64	38
-1.5014666	52	37
-1.5620705	45	31
-1.5003681	45	30
-1.5619054	53	36
-1.5000413	24	21
-1.5019423	38	26
-1.5619019	75	51
-1.5002868	33	21
-1.5619202	35	23
-1.5617312	44	33
-1.500272	32	20
-1.5618597	45	35
-1.5001018	36	25
-1.5617756	34	28
-1.5620396	66	52
-1.5616092	38	26
-1.5002741	38	25
-1.5000788	35	26
-1.5002826	52	34
-1.5003073	56	37
-1.5003645	37	24
-1.5618862	47	31
-1.5003389	35	23
-1.5619363	80	54
-1.4998961	34	29
-1.5002946	41	27
-1.5597223	51	38
-1.561653	53	41
-1.5618374	33	21
-1.5000163	30	20
-1.5616548	40	28
-1.5621289	76	51
-1.5002303	66	44
-1.5003113	44	28
-1.5002565	55	29
-1.5001051	31	19
-1.5004289	74	48
-1.50008	31	24
-1.5002462	30	18
-1.5000956	39	27
-1.5002293	35	23
-1.5002285	38	26
-1.5001163	33	22
-1.5002147	39	27
-1.5617897	52	38
-1.5004003	63	39
-1.5001928	47	28
-1.500889	35	23
-1.5616867	46	34
-1.5617964	40	29
-1.5001889	49	35
-1.5003104	58	38
-1.5002438	46	31
-1.5003334	33	21
-1.5003878	42	27
-1.4999638	28	24
-1.5618821	50	37
-1.5003636	61	36
-1.5615282	31	19
-1.5619186	45	33
-1.5618119	54	42
-1.5002424	42	32
-1.5002511	46	30
-1.5619522	63	46
-1.5000548	37	25
-1.5619369	50	36
-1.5619706	41	29
-1.5618269	57	46
-1.5002546	41	30
-1.5002223	29	17
-1.5002568	30	18
-1.5617326	49	38
-1.5002791	48	26
-1.5615469	43	31
-1.5618073	56	33
-1.5002748	43	26
-1.5000139	33	29
-1.5003199	50	34
-1.5617903	58	47
-1.5003383	41	29
-1.5002361	37	25
-1.5619756	45	32
-1.5002265	35	23
-1.5618097	44	32
-1.5003638	43	31
-1.5003374	47	30
-1.5618222	44	32
-1.5617303	42	31
-1.5002258	31	19
-1.5617839	39	28
-1.5616355	47	34
-1.5001325	28	17
-1.5003021	38	26
-1.5617595	53	40
-1.5618679	35	23
-1.5002888	54	34
-1.5616455	39	35
-1.5004062	43	32
-1.5003499	41	26
-1.5618924	39	27
-1.561911	67	42
-1.5001661	49	32
-1.5616472	51	40
-1.5000771	33	21
-1.5619815	76	54
-1.5617457	37	33
-1.5003073	33	21
-1.5002129	45	23
-1.5617141	47	35
-1.5614204	59	45
-1.5615811	40	29
-1.500154	37	25
-1.5002597	45	33
-1.5619534	56	36
-1.5002102	49	27
-1.500416	32	20
-1.500288	40	26
-1.5620894	54	40
-1.5004165	31	19
-1.561763	53	41
-1.5617057	44	29
-1.5002676	38	26
-1.5001862	50	34
-1.561613	36	24
-1.5620251	68	53
-1.5618855	65	43
-1.5001626	38	26
-1.5001821	28	22
-1.5618927	50	38
-1.5002778	50	30
-1.5002923	69	50
-1.5004144	39	27
-1.561806	53	41
-1.500272	52	34
-1.5618486	56	41
-1.5002892	39	25
-1.561767	30	25
-1.5003612	30	18
-1.5003359	30	18
-1.5619224	58	38
-1.5616102	45	34
-1.5616512	35	23
-1.5619633	49	26
-1.5002075	39	27
-1.5003054	44	21
-1.5617429	39	27
-1.4998938	27	24
-1.5003059	51	30
-1.5003231	47	27
-1.5001147	33	28
-1.5617229	60	49
-1.5001058	41	29
-1.561755	39	27
-1.5001711	33	21
-1.5000394	30	18
-1.5618963	46	34
-1.5001869	33	21
-1.5617349	40	28
-1.5002585	50	34
-1.5616809	40	30
-1.5609049	31	20
-1.5002663	30	18
-1.5001743	34	22
-1.4999728	35	24
-1.5616327	48	38
-1.5002572	61	39
-1.5004222	48	32
-1.561562	39	28
-1.5001759	33	21
-1.5617642	60	48
-1.5002305	33	21
-1.5596461	34	23
-1.5001281	51	38
-1.5620708	38	26
-1.5003287	36	24
-1.5008186	43	31
-1.5619672	55	36
-1.5621091	49	36
-1.5002199	49	37
-1.5002755	47	35
-1.5001526	40	26
-1.5618829	47	35
-1.5619638	63	49
-1.5003416	41	28
-1.4999876	29	18
-1.5002483	56	32
-1.5617807	47	34
-1.5618896	37	25
-1.5618616	57	44
-1.5002871	27	15
-1.561582	31	26
-1.5610457	40	30
-1.5002689	28	16
-1.5003967	43	27
-1.5618786	83	58
-1.5003006	71	43
-1.561691	55	43
-1.5617867	60	39
-1.5003549	50	29
-1.5002729	39	24
-1.5003756	52	39
-1.5001515	48	37
-1.5002639	38	26
-1.500236	36	24
-1.5003411	40	28
-1.5003595	49	31
-1.500401	36	24
-1.5619196	77	57
-1.5001573	28	16
-1.5001659	31	19
-1.500214	48	31
-1.5617453	38	27
-1.5619387	37	25
-1.50022	31	19
-1.5004264	41	26
-1.5004445	57	35
-1.5001344	28	16
-1.500357	55	38
-1.5000351	39	26
-1.5003011	41	24
-1.5619617	37	25
-1.5000441	27	22
-1.5004284	44	25
-1.5002288	49	34
-1.5003573	54	29
-1.5617529	45	34
-1.5617495	45	35
-1.5605024	34	24
-1.5617679	44	32
-1.5002859	40	28
-1.561648	41	29
-1.5615572	48	37
-1.5000401	31	20
-1.5001813	33	22
-1.500306	39	25
-1.5002268	28	23
-1.5617757	48	33
-1.5002893	42	22
-1.500174	30	19
-1.5002771	37	25
-1.500273	43	22
-1.5004033	60	35
-1.5002913	39	27
-1.5002747	45	33
-1.5618009	46	34
-1.5620002	51	39
-1.5002947	52	33
-1.500353	39	26
-1.5001079	37	26
-1.5618588	38	26
-1.5616429	50	47
-1.5003442	55	32
-1.5594089	44	35
-1.5619067	74	62
-1.5618553	58	36
-1.5003614	38	26
-1.5617145	32	20
-1.5000658	41	29
-1.4999288	29	18
-1.5004088	59	42
-1.5001369	34	29
-1.5611295	49	31
-1.5003795	34	22
-1.5002154	38	27
-1.5001553	37	26
-1.5617163	35	24
-1.5002486	32	20
-1.5619177	41	29
-1.5003082	40	28
-1.500322	37	24
-1.5001813	43	26
-1.5615122	43	32
-1.5003199	41	27
-1.500304	31	25
-1.5618105	49	30
-1.5000647	38	26
-1.5618506	41	28
-1.5001837	35	23
-1.5613699	52	41
-1.500348	53	38
-1.5003205	63	40
-1.5002505	49	37
-1.500277	28	16
-1.5613927	54	38
-1.5000529	50	34
-1.5617416	48	34
-1.5003608	53	40
-1.5002807	63	41
-1.5002147	33	21
-1.5002286	60	42
-1.5003552	59	41
-1.5001981	27	16
-1.5002183	47	35
-1.5002211	40	28
-1.5618577	33	21
-1.5002458	26	14
-1.5001741	31	19
-1.5000942	31	19
-1.5001611	49	37
-1.5001533	38	26
-1.5618889	47	35
-1.5002933	54	31
-1.5619956	44	32
-1.5619485	43	31
-1.5001837	50	38
-1.5619499	61	39
-1.4998727	33	23
-1.5002064	30	19
-1.500118	35	23
-1.500327	38	24
-1.5001091	32	20
-1.5617742	42	29
-1.5001514	32	20
-1.5619199	61	42
-1.5002075	33	22
-1.5618557	49	36
-1.5618732	43	30
-1.5003221	30	18
-1.5618829	52	40
-1.5619087	59	41
-1.5003976	53	35
-1.5616563	43	27
-1.5003073	49	27
-1.5002943	46	34
-1.5003001	30	18
-1.5619853	54	37
-1.5005826	42	30
-1.500316	34	22
-1.5618746	47	35
-1.5001258	43	30
-1.5001872	33	21
-1.561796	38	26
-1.5618048	75	56
-1.500103	24	20
-1.5002954	45	24
-1.5619167	64	53
-1.5001935	48	34
-1.5003765	38	26
-1.5002683	28	16
-1.5617356	37	26
-1.5613476	40	29
-1.5617819	41	30
-1.5618739	56	37
-1.5003911	44	28
-1.5611123	46	31
-1.500145	35	24
-1.561952	58	45
-1.5003967	36	24
-1.500308	36	25
-1.5003571	49	33
-1.5004721	81	52
-1.5001966	38	25
-1.5616516	38	27
-1.500098	31	20
-1.5617709	36	24
-1.5613596	50	38
-1.5618422	61	39
-1.5618432	35	24
-1.5002322	40	27
-1.5002661	47	32
-1.5001023	40	28
-1.5617365	31	26
-1.5004034	66	39
-1.5003216	31	19
-1.5002374	30	19
-1.5002619	40	27
-1.5617343	41	29
-1.4994759	30	22
-1.5000973	35	24
-1.5616591	41	29
-1.5619234	42	30
-1.5620136	48	34
-1.5001519	31	20
-1.5001877	27	15
-1.4999015	35	25
-1.5002069	37	25
-1.5613494	34	23
-1.5614752	36	25
-1.5616734	31	27
-1.5001474	31	21
-1.5003847	54	37
-1.5003351	63	40
-1.5002351	33	21
-1.5618116	48	35
-1.5002549	30	18
-1.5619662	60	39
-1.5001996	40	28
-1.5002141	34	22
-1.5614019	37	25
-1.500067	29	17
-1.5001783	38	27
-1.5614914	31	27
-1.561965	40	28
-1.5004343	33	21
-1.561841	46	27
-1.5618086	49	37
-1.5003145	94	62
-1.5618971	40	28
-1.5003281	36	24
-1.5616293	41	37
-1.5619435	66	44
-1.5004843	66	46
-1.5001809	31	19
-1.5002763	34	22
-1.5002299	35	20
-1.5613031	38	27
-1.5002541	32	20
-1.5002635	38	26
-1.5618105	48	36
-1.5000956	34	22
-1.500274	34	22
-1.5001436	28	24
-1.5618636	49	37
-1.5617963	54	38
-1.500218	50	33
-1.5621335	41	29
-1.5003018	70	43
-1.5004037	36	24
-1.5002518	29	17
-1.5002401	38	26
-1.5002691	49	29
-1.5000493	47	36
-1.5618196	44	31
-1.5619603	43	31
-1.5608362	49	37
-1.5004905	42	30
-1.5003794	38	26
-1.5619046	47	35
-1.5004628	45	33
-1.5618551	70	45
-1.5617463	47	36
-1.56162	33	22
-1.5618654	69	48
-1.5002213	65	40
-1.5620882	87	55
-1.5002252	29	17
-1.5617727	42	28
-1.5620417	65	49
-1.5618487	45	34
-1.5003365	44	28
-1.5616777	38	28
-1.5002825	34	22
-1.5619182	71	50
-1.5001288	31	19
-1.5002247	29	18
-1.5618134	46	34
-1.5003126	31	19
-1.5619622	45	33
-1.5002504	34	22
-1.5617583	46	33
-1.5619612	52	40
-1.5617984	42	30
-1.5617073	56	44
-1.5617112	50	32
-1.5619491	72	58
-1.5002625	54	41
-1.5618646	35	23
-1.500199	40	30
-1.5617583	49	37
-1.5618367	47	35
-1.5616697	66	51
-1.5003207	45	32
-1.5003352	42	26
-1.5003347	54	41
-1.5616996	73	63
-1.561804	50	39
-1.500227	57	42
-1.5002032	53	36
-1.500338	34	22
-1.5002619	36	23
-1.5618725	35	23
-1.5618372	44	31
-1.5003141	67	45
-1.5619044	37	25
-1.5001172	32	20
-1.530244	65	46
-1.5618732	56	43
-1.5002284	53	31
-1.5616216	44	34
-1.5001816	38	25
-1.5618461	58	46
-1.5618327	43	31
-1.5001725	32	20
-1.5004351	30	18
-1.5618037	53	42
-1.5618314	43	31
-1.5005145	34	22
-1.5002646	48	36
-1.5617736	33	29
-1.5002591	42	30
-1.5000892	36	24
-1.5001439	34	23
-1.500256	40	28
-1.5004788	34	22
-1.5002974	58	36
-1.5617334	47	35
-1.5621059	57	33
-1.5003259	52	30
-1.5003015	75	46
-1.5618669	37	25
-1.561955	46	34
-1.5618982	47	35
-1.5003353	41	26
-1.50034	51	31
-1.5617723	43	27
-1.5002327	33	21
-1.5002311	46	33
-1.5618864	68	46
-1.5618473	67	48
-1.5003576	49	31
-1.5610484	43	31
-1.5002783	42	21
-1.5001456	38	27
-1.5003884	37	23
-1.5005081	49	31
-1.5000576	35	31
-1.4999395	30	18
-1.5003034	57	33
-1.5004012	35	22
-1.561719	37	25
-1.5002926	46	31
-1.561879	49	38
-1.5621429	63	51
-1.5002805	46	28
-1.5619428	37	25
-1.500227	47	34
-1.5002069	50	38
-1.5617324	34	22
-1.5001736	48	25
-1.5616612	38	26
-1.5616596	51	40
-1.5618618	45	33
-1.5002126	34	23
-1.5002829	56	33
-1.5000429	33	22
-1.5622035	58	40
-1.5004126	41	28
-1.5618786	62	48
-1.5004376	67	38
-1.5002191	46	32
-1.5612151	47	37
-1.5002522	44	29
-1.500135	37	26
-1.500618	37	25
-1.5617745	36	24
-1.5619165	60	48
-1.5003178	36	24
-1.5620647	36	24
-1.5001808	50	33
-1.5003366	38	23
-1.5618004	28	16
-1.5002348	54	31
-1.5004424	46	29
-1.500219	30	18
-1.5003972	44	28
-1.5618322	66	47
-1.5002386	32	20
-1.5003134	32	21
-1.5619385	70	44
-1.500053	43	33
-1.5003689	46	27
-1.5617885	36	24
-1.5617731	44	33
-1.5618289	40	28
-1.5618761	43	31
-1.500294	31	19
-1.5007674	33	22
-1.5618343	59	43
-1.5620035	49	37
-1.5002031	43	26
-1.5617476	56	35
-1.499992	28	16
-1.5003526	46	32
-1.5002413	47	35
-1.5000505	29	23
-1.5618848	68	48
-1.4995609	31	21
-1.5618037	79	57
-1.5614712	45	33
-1.5006221	46	34
-1.5002922	64	34
-1.5619171	55	34
-1.5001014	25	19
-1.5002738	49	35
-1.5616474	31	19
-1.5002053	40	28
-1.5618405	54	42
-1.5619378	49	36
-1.5002444	31	19
-1.5003008	52	37
-1.500412	37	25
-1.5616029	44	32
-1.5615813	38	27
-1.5002112	30	19
-1.5616791	43	31
-1.5618023	62	44
-1.5571781	42	32
-1.5001844	33	21
-1.5002924	44	32
-1.5003221	33	21
-1.5620636	56	44
-1.5004938	52	30
-1.5617681	38	35
-1.5615914	40	28
-1.5003685	51	31
-1.5003013	34	22
-1.5002989	28	16
-1.5619394	41	29
-1.561336	35	24
-1.5617615	48	34
-1.5001912	42	31
-1.5616692	48	31
-1.5002135	33	22
-1.5002657	68	44
-1.5001525	63	43
-1.561914	34	22
-1.5003075	32	20
-1.5617083	42	31
-1.5617166	56	35
-1.5618507	56	44
-1.5617176	42	30
-1.5618407	40	28
-1.5619407	46	34
-1.5615448	52	41
-1.5618906	86	61
-1.5619311	59	45
-1.5000205	41	30
-1.561811	39	27
-1.5002328	38	27
-1.5617323	42	31
-1.5000952	35	27
-1.561826	41	29
-1.5618475	41	29
-1.5004667	58	36
-1.5619195	37	25
-1.5619456	37	25
-1.5618298	39	28
-1.5000703	30	19
-1.561642	38	28
-1.5001681	28	16
-1.5619423	55	42
-1.5001768	33	28
-1.5620632	88	60
-1.5003482	30	18
-1.5617883	50	38
-1.5003996	51	28
-1.5000975	30	20
-1.5001539	44	32
-1.5621197	35	23
-1.5002488	41	29
-1.5619923	37	25
-1.5618699	68	45
-1.5003261	62	42
-1.5002923	36	24
-1.56189	73	52
-1.561519	36	26
-1.5003333	51	35
-1.5618483	53	41
-1.5616024	45	35
-1.500488	36	24
-1.500206	58	37
-1.5616727	40	27
-1.5616749	37	25
-1.5003962	39	24
-1.5615754	41	29
-1.5616423	40	28
-1.5618229	57	41
-1.5004674	26	14
-1.5002771	30	19
-1.5002512	28	16
-1.5618016	36	24
-1.5617634	39	27
-1.5617793	48	33
-1.5002866	46	30
-1.5617806	44	30
-1.5001624	36	24
-1.5001705	40	28
-1.5002338	48	27
-1.5062191	45	34
-1.5002034	36	25
-1.5619694	65	44
-1.5563912	37	26
-1.5616267	48	37
-1.5001383	34	23
-1.5617884	35	29
-1.5000866	52	34
-1.5619858	52	40
-1.5003025	44	29
-1.5004653	32	20
-1.5002248	41	29
-1.5618678	45	32
-1.5002658	61	29
-1.5619952	49	29
-1.5000659	32	21
-1.4999182	33	22
-1.5004161	68	40
-1.5002996	30	18
-1.5616274	38	27
-1.5004325	54	35
-1.5002535	28	16
-1.5615898	49	35
-1.5616701	42	32
-1.5618479	57	39
-1.5620872	39	27
-1.5003071	48	33
-1.5619658	46	34
-1.5615362	41	32
-1.5002896	39	27
-1.5618212	40	34
-1.5003075	32	20
-1.5618146	50	39
-1.5002419	32	20
-1.5619384	59	47
-1.50031	49	32
-1.5618062	57	45
-1.5001315	37	26
-1.5001819	39	27
-1.5618488	53	40
-1.5002297	29	17
-1.5002336	41	24
-1.5621882	52	40
-1.5003265	66	39
-1.5618836	44	32
-1.5618123	35	23
-1.5618742	49	37
-1.5004219	32	20
-1.5002007	36	25
-1.5003509	64	44
-1.5002629	37	26
-1.5619394	51	37
-1.5001509	31	23
-1.5616004	40	34
-1.5003238	46	28
-1.5001014	29	18
-1.5004204	57	28
-1.5002272	34	22
-1.5003536	37	25
-1.5617015	43	31
-1.5611658	33	22
-1.5003324	36	23
-1.5617914	55	43
-1.5618478	46	34
-1.5003767	26	14
-1.5612641	34	22
-1.5618606	42	30
-1.5003573	50	30
-1.5619386	50	38
-1.5616173	63	46
-1.5619533	74	47
-1.5003306	40	27
-1.5617235	45	34
-1.5003225	31	19
-1.5618676	37	25
-1.5618211	41	30
-1.5001982	25	20
-1.5621232	72	57
-1.5618136	47	35
-1.500487	53	34
-1.5619272	44	29
-1.5001716	38	27
-1.5616573	38	27
-1.5003483	36	24
-1.5003314	46	24
-1.5620676	42	30
-1.5004547	37	25
-1.5002664	76	53
-1.5002429	27	15
-1.5615784	40	28
-1.5003474	41	29
-1.5616802	40	29
-1.5002893	41	29
-1.5002577	36	24
-1.5618054	54	39
-1.5001982	38	26
-1.5617962	59	45
-1.5617546	57	46
-1.5612729	38	26
-1.5617844	47	35
-1.5613791	44	33
-1.4999835	45	34
-1.5618942	54	31
-1.5612988	43	32
-1.5002766	32	20
-1.5001152	31	20
-1.5613043	43	31
-1.5617782	33	21
-1.5619635	60	48
-1.5617522	44	32
-1.5617207	36	24
-1.5002685	65	42
-1.5615867	41	35
-1.5619722	51	31
-1.5001648	56	45
-1.5616979	37	26
-1.5615756	45	42
-1.5004148	71	43
-1.5003734	54	35
-1.5000968	39	30
-1.5619133	39	27
-1.5002865	35	23
-1.5004736	73	41
-1.5002415	51	37
-1.5617309	41	29
-1.5002474	33	21
-1.5616507	30	18
-1.500222	31	19
-1.5002733	64	39
-1.5618934	51	36
-1.5004216	46	34
-1.5002862	47	32
-1.5618938	46	33
-1.5619227	29	18
-1.5003069	49	35
-1.5002439	54	33
-1.5002926	31	19
-1.500362	43	27
-1.5613479	40	28
-1.5002735	77	40
-1.4997565	35	25
-1.5003465	43	26
-1.5002836	34	22
-1.5617717	60	46
-1.5618757	48	35
-1.500266	37	22
-1.5619475	48	31
-1.5002362	38	24
-1.5002063	36	25
-1.5001744	49	38
-1.5618235	53	32
-1.5618095	48	35
-1.5001935	26	23
-1.5619791	66	52
-1.500249	32	20
-1.5618938	44	31
-1.5617867	62	50
-1.5620226	44	32
-1.5003315	50	29
-1.5001473	33	21
-1.5618058	49	34
-1.561797	39	27
-1.5003316	48	36
-1.5000598	36	27
-1.5618202	48	36
-1.5609706	51	39
-1.5001395	36	24
-1.5617197	56	36
-1.5609679	42	30
-1.5001134	38	26
-1.5001682	40	27
-1.5003432	41	29
-1.5619326	40	28
-1.5617451	32	27
-1.5003177	48	35
-1.5001482	40	30
-1.5617665	85	68
-1.561624	46	34
-1.5003065	50	33
-1.5615541	47	36
-1.5614602	56	40
-1.5616122	56	45
-1.5003162	41	29
-1.5003463	48	34
-1.5617097	90	67
-1.5616067	41	36
-1.5001255	39	28
-1.5584534	37	29
-1.5000787	36	26
-1.5003543	36	22
-1.5001344	36	24
-1.5011267	44	32
-1.500187	32	21
-1.5613822	36	23
-1.5003272	31	19
-1.5617617	45	33
-1.4998651	33	23
-1.5616072	58	46
-1.5002749	27	15
-1.5000589	42	31
-1.4999024	44	32
-1.5002207	45	38
-1.5002593	47	31
-1.5003098	55	34
-1.4997333	33	22
-1.5616554	33	21
-1.5000553	33	30
-1.5002608	37	25
-1.5003085	38	26
-1.5001887	37	26
-1.5000884	31	20
-1.5003092	48	34
-1.561707	38	27
-1.5617563	41	29
-1.5002856	46	31
-1.5002674	50	32
-1.5003166	49	32
-1.5003899	35	23
-1.50011	27	16
-1.5619671	61	49
-1.5003262	46	33
-1.5618556	66	54
-1.5004106	41	29
-1.5006704	31	19
-1.5618855	55	43
-1.5000752	30	18
-1.5618508	76	61
-1.5619662	50	28
-1.5616782	39	27
-1.5619164	38	26
-1.5617753	48	38
-1.5000658	33	26
-1.5617466	53	35
-1.500427	39	27
-1.5617248	51	40
-1.5002258	26	14
-1.5619214	48	34
-1.5616629	57	46
-1.5001806	31	19
-1.5619115	54	42
-1.4999556	31	20
-1.5002348	42	31
-1.500406	48	31
-1.5615117	31	21
-1.5617423	51	43
-1.5001716	40	28
-1.5002607	75	54
-1.5001707	38	25
-1.5614208	55	44
-1.5001766	46	32
-1.5619043	50	35
-1.5619166	36	24
-1.5001793	38	26
-1.5616822	41	35
-1.5619544	45	33
-1.5001145	36	25
-1.5619466	37	25
-1.561672	33	28
-1.5002599	54	40
-1.5000423	33	21
-1.5619018	47	35
-1.5618424	53	35
-1.499942	34	22
-1.5003459	28	16
-1.5003672	34	22
-1.5000266	43	32
-1.5002509	45	32
-1.5619334	48	37
-1.5615964	35	23
-1.500169	35	24
-1.5618494	33	21
-1.5002665	34	22
-1.5618673	39	27
-1.500167	33	21
-1.5617	36	24
-1.5617864	47	35
-1.561627	56	48
-1.5003302	46	30
-1.5002386	28	16
-1.5003741	38	23
-1.5618135	29	17
-1.5618603	33	26
-1.5620091	81	60
-1.500484	33	21
-1.5001992	35	24
-1.5618947	78	65
-1.500239	33	21
-1.5618028	48	36
-1.5004481	48	26
-1.5621553	48	36
-1.5001787	34	22
-1.5002156	46	30
-1.5617584	47	35
-1.5620126	41	28
-1.5003897	58	41
-1.5616918	54	42
-1.5004281	52	37
-1.5619696	53	37
-1.561765	37	26
-1.5003695	36	24
-1.5615863	41	30
-1.5003391	41	29
-1.5000248	33	22
-1.5617951	68	52
-1.500249	69	36
-1.5617547	47	31
-1.561376	54	41
-1.5003375	53	32
-1.5616802	52	38
-1.5002521	43	31
-1.5003571	39	27
-1.5621925	43	26
-1.5617042	43	33
-1.5619576	43	29
-1.5616543	57	37
-1.5617858	65	52
-1.5617987	61	41
-1.500339	43	31
-1.5002834	49	28
-1.5001824	51	37
-1.500361	58	31
-1.5617742	42	30
-1.5002347	29	17
-1.5512366	47	36
-1.5004797	67	41
-1.5002041	36	24
-1.5617192	49	37
-1.5001385	26	14
-1.5617454	51	39
-1.5620484	49	36
-1.5619627	52	32
-1.5001231	37	27
-1.5003185	40	23
-1.5000138	34	30
-1.5004168	40	26
-1.5618786	49	37
-1.5003416	40	25
-1.5001987	35	23
-1.5002617	69	49
-1.5002984	54	36
-1.5618613	38	28
-1.5001397	33	27
-1.5005173	28	16
-1.5003124	52	40
-1.5616922	40	28
-1.5001302	29	18
-1.5617313	46	36
-1.5619149	47	35
-1.5618662	67	46
-1.5004998	61	37
-1.5001701	34	22
-1.5615593	50	36
-1.5003948	54	41
-1.561889	48	32
-1.5001594	37	25
-1.5618212	50	34
-1.500396	64	44
-1.5617211	66	52
-1.5003135	43	27
-1.5002998	47	35
-1.5615723	48	37
-1.5002019	32	20
-1.5619447	53	39
-1.5618256	59	42
-1.5002168	40	28
-1.5002156	34	22
-1.561984	46	34
-1.5618437	34	29
-1.5617384	38	29
-1.561586	44	31
-1.5619126	58	42
-1.5619264	41	29
-1.5618171	61	48
-1.5001898	47	33
-1.5617737	53	41
-1.5613988	53	41
-1.5000704	25	21
-1.5002938	30	18
-1.5004192	54	30
-1.4999619	37	27
-1.5003348	32	20
-1.5614592	32	20
-1.5000408	37	27
-1.5001517	36	24
-1.5616628	41	31
-1.5003185	45	32
-1.5001207	29	18
-1.5002608	43	31
-1.5617723	39	27
-1.5002827	61	39
-1.5001037	31	20
-1.5620676	84	60
-1.5003018	31	19
-1.5003194	35	24
-1.5618697	32	21
-1.5000955	30	18
-1.5617478	46	35
-1.5003118	38	26
-1.50017	29	18
-1.5002442	41	29
-1.5610407	30	19
-1.5000625	36	26
-1.5002933	32	20
-1.5002617	57	32
-1.5002203	40	29
-1.5617674	39	27
-1.5618463	38	26
-1.5004209	38	26
-1.5604967	35	24
-1.5000948	26	14
-1.5002209	43	32
-1.5618705	50	37
-1.5617482	32	20
-1.5002717	53	40
-1.5619833	55	43
-1.561799	75	55
-1.5002257	43	26
-1.5001531	35	24
-1.5618215	45	33
-1.5615513	37	25
-1.5619437	39	27
-1.5617435	32	21
-1.561911	49	37
-1.500196	30	19
-1.5002381	29	17
-1.5002094	36	25
-1.5001181	28	18
-1.5002173	40	29
-1.5617968	45	32
-1.5001829	37	25
-1.5619946	58	52
-1.500248	31	19
-1.5002611	48	31
-1.5617255	34	22
-1.5002477	55	31
-1.5001137	47	35
-1.5606698	38	26
-1.5002698	47	35
-1.5002233	41	29
-1.5002697	33	21
-1.5000167	27	15
-1.5618359	59	44
-1.56189	39	28
-1.5001944	37	26
-1.5002083	52	39
-1.5001618	30	19
-1.5002749	44	24
-1.5001652	40	29
-1.561818	36	24
-1.5002206	44	33
-1.5002489	38	26
-1.5617756	55	45
-1.5618678	36	24
-1.5617389	71	57
-1.5613161	35	26
-1.5004674	32	20
-1.5617968	39	28
-1.5618139	51	40
-1.5618488	71	50
-1.5002617	40	28
-1.5619287	38	26
-1.5002347	34	22
-1.5618098	55	42
-1.5002316	47	28
-1.5618486	66	54
-1.5614872	51	47
-1.5003858	43	28
-1.5617667	48	35
-1.5616009	43	32
-1.5003119	45	29
-1.500233	33	21
-1.5618813	59	43
-1.5004178	72	48
-1.5002763	52	32
-1.5001748	29	17
-1.500278	47	32
-1.5003018	51	32
-1.5618805	60	38
-1.5618808	51	33
-1.500129	50	42
-1.5004301	32	20
-1.5618019	65	43
-1.5619461	45	32
-1.5619171	53	42
-1.5001683	44	30
-1.5002798	45	24
-1.5613961	42	30
-1.5001348	32	22
-1.5001977	31	19
-1.5002783	41	28
-1.561571	33	22
-1.5617985	34	22
-1.5003021	71	39
-1.4995499	33	23
-1.5616487	56	49
-1.5617482	45	31
-1.5617801	52	39
-1.5003156	57	37
-1.5001291	41	30
-1.5009308	40	29
-1.5617082	46	34
-1.5003817	41	22
-1.561706	37	33
-1.500356	33	21
-1.5617802	37	25
-1.5002604	42	30
-1.562065	53	31
-1.561777	39	28
-1.561733	36	24
-1.5002305	48	32
-1.5004422	41	29
-1.5618163	57	39
-1.4999737	41	30
-1.5002922	30	18
-1.5002464	52	37
-1.5619596	64	51
-1.5618465	72	52
-1.5002296	40	29
-1.5617627	40	29
-1.5002199	48	30
-1.5619313	65	54
-1.5002309	28	22
-1.5002418	41	30
-1.5000988	43	31
-1.5618847	37	25
-1.5619859	44	32
-1.5617761	60	46
-1.5002337	46	31
-1.500339	35	23
-1.5617103	39	27
-1.5618453	55	32
-1.5001516	38	21
-1.5003079	32	20
-1.5003501	55	32
-1.5617372	48	42
-1.5615652	37	32
-1.5002735	41	27
-1.500325	50	27
-1.5001637	20	16
-1.5617855	41	29
-1.561876	38	32
-1.5618892	52	39
-1.5618209	70	49
-1.5617887	36	24
-1.5001194	35	23
-1.5002023	31	20
-1.5001609	35	25
-1.5002391	48	36
-1.5598138	33	21
-1.5617968	35	30
-1.5001881	28	16
-1.5616848	36	25
-1.5003568	35	23
-1.5577458	44	32
-1.561986	64	44
-1.561435	36	25
-1.5004075	58	39
-1.5002801	42	30
-1.5004034	39	27
-1.5001654	37	26
-1.5618132	53	43
-1.5003569	33	21
-1.5618321	35	23
-1.5002933	38	24
-1.561941	74	61
-1.5617751	38	33
-1.5618505	48	35
-1.5618153	54	42
-1.5002175	36	33
-1.500282	41	29
-1.5621474	51	37
-1.5002333	45	30
-1.5003099	33	21
-1.5001299	51	39
-1.4999279	66	55
-1.5618837	68	52
-1.5002766	47	34
-1.5617627	68	48
-1.5615719	41	31
-1.5617683	32	27
-1.500394	36	23
-1.5000998	29	18
-1.5618453	45	39
-1.5002278	35	23
-1.5617146	46	35
-1.5617506	53	43
-1.5002785	37	25
-1.500215	38	23
-1.500244	59	39
-1.561868	61	43
-1.4999101	41	30
-1.4999931	37	26
-1.500262	40	28
-1.5617436	38	27
-1.500005	32	22
-1.5001013	29	19
-1.5003944	47	34
-1.5002674	36	25
-1.5002251	45	31
-1.5610776	61	49
-1.5617681	37	25
-1.5004064	62	29
-1.5003843	44	32
-1.5002635	60	42
-1.5004212	38	26
-1.4997712	30	19
-1.5002623	40	26
-1.5002648	42	28
-1.5617337	47	31
-1.5618398	53	40
-1.5002393	56	39
-1.5618234	47	35
-1.5616789	42	31
-1.5001286	51	39
-1.561804	65	51
-1.5618839	43	32
-1.5002224	38	26
-1.5002618	38	26
-1.5620714	65	39
-1.5002304	30	21
-1.5620122	45	31
-1.5002178	39	26
-1.5003236	59	39
-1.5002256	36	22
-1.5003431	31	19
-1.5004369	46	34
-1.5002489	29	18
-1.5002094	35	23
-1.5001953	31	19
-1.5618827	61	42
-1.5617637	43	38
-1.5002006	43	30
-1.561927	56	37
-1.500269	34	22
-1.5002736	41	22
-1.5000194	31	25
-1.5619339	38	26
-1.5617191	47	35
-1.4999619	39	34
-1.5619368	37	25
-1.5002924	31	19
-1.5618889	50	38
-1.5004403	37	24
-1.5002567	58	35
-1.5003273	39	24
-1.5000783	55	35
-1.5618203	43	31
-1.5001362	39	34
-1.5618268	40	28
-1.5001208	37	23
-1.5618539	44	29
-1.5002403	32	20
-1.5619659	63	50
-1.500249	28	24
-1.5002102	30	18
-1.561814	45	33
-1.5002088	44	30
-1.500382	61	40
-1.5001234	41	30
-1.5617786	49	38
-1.5002636	35	23
-1.5003383	30	18
-1.5618354	62	48
-1.5616633	43	37
-1.5616815	43	32
-1.4999275	40	29
-1.5001122	44	33
-1.5618086	36	24
-1.5003405	47	30
-1.5003474	56	38
-1.5617142	53	45
-1.5001881	57	42
-1.5002006	41	29
-1.561246	54	41
-1.50034	33	21
-1.5004569	61	38
-1.561853	46	34
-1.5001596	32	20
-1.5616084	32	20
-1.5617989	62	49
-1.5001711	38	26
-1.5002207	31	19
-1.5001854	35	23
-1.5001423	38	26
-1.5003167	34	22
-1.5618981	42	30
-1.5617056	50	38
-1.5004137	55	35
-1.5001154	32	21
-1.5002502	36	24
-1.5002182	35	22
-1.5617403	44	32
-1.4999948	29	18
-1.5001731	41	28
-1.5001892	40	23
-1.5617704	49	31
-1.5003828	41	28
-1.5003019	31	19
-1.5002965	36	24
-1.5003415	31	19
-1.5000503	35	23
-1.5002652	27	15
-1.5002141	49	34
-1.5620173	67	42
-1.5620148	53	38
-1.5002184	53	38
-1.5620663	43	29
-1.5003737	50	31
-1.5001571	42	30
-1.5003524	57	38
-1.5002121	39	28
-1.5617836	43	31
-1.5618589	42	30
-1.500452	46	31
-1.5002896	44	29
-1.5002584	34	22
-1.5002683	31	19
-1.5001867	48	31
-1.5618613	75	53
-1.5002786	44	38
-1.5002813	50	35
-1.5002339	37	32
-1.500208	47	34
-1.5001786	49	37
-1.5616747	43	33
-1.5001994	46	29
-1.5001667	38	26
-1.5617785	68	56
-1.5619121	86	57
-1.5002221	50	32
-1.5619644	53	41
-1.500248	42	30
-1.5617535	53	35
-1.5620752	47	35
-1.5618653	33	21
-1.5618815	45	33
-1.5617624	57	44
-1.5619601	32	20
-1.56174	43	39
-1.4998678	43	26
-1.500271	34	23
-1.5618124	48	37
-1.5003872	56	36
-1.5003167	42	30
-1.5002572	31	19
-1.500317	58	37
-1.5617876	50	38
-1.500181	56	35
-1.5002556	31	19
-1.5003711	89	55
-1.5618005	54	42
-1.5618131	53	40
-1.5002537	41	29
-1.5622132	66	45
-1.5001229	41	25
-1.5619408	35	23
-1.5002167	38	26
-1.5617472	47	35
-1.5001252	31	28
-1.5619631	43	31
-1.5618688	41	30
-1.5002637	51	31
-1.5000659	28	24
-1.5617622	40	28
-1.561723	41	29
-1.5619802	31	19
-1.5617587	63	36
-1.5618873	45	34
-1.562193	62	49
-1.5002645	32	20
-1.500182	36	24
-1.500184	35	25
-1.5002121	36	27
-1.5616491	49	38
-1.5616683	36	25
-1.5002542	35	23
-1.5617621	40	28
-1.500372	54	30
-1.5614239	36	25
-1.5001059	37	31
-1.5002572	32	20
-1.5002117	35	23
-1.500303	46	31
-1.5002409	37	25
-1.5000829	37	26
-1.5003919	31	19
-1.5620444	50	37
-1.561639	36	24
-1.5002455	32	20
-1.5002726	34	22
-1.5002203	30	19
-1.5618368	39	28
-1.5001443	39	29
-1.5618267	58	45
-1.5003305	37	25
-1.500305	35	23
-1.5002566	54	34
-1.5003084	50	37
-1.5002513	47	26
-1.5618416	42	30
-1.5001493	35	23
-1.5619282	52	40
-1.5617339	42	30
-1.5003001	31	21
-1.50024	26	22
-1.5619227	40	26
-1.5002369	41	30
-1.5001614	45	30
-1.5619134	55	42
-1.5617897	54	43
-1.5002867	31	19
-1.5619392	76	56
-1.5001912	41	29
-1.5618825	54	35
-1.5002044	30	19
-1.5001095	35	26
-1.4999665	32	22
-1.5002359	52	35
-1.5618644	58	37
-1.5003004	40	28
-1.4998587	35	24
-1.5001514	49	31
-1.5617524	56	43
-1.5617874	46	32
-1.500359	44	26
-1.5615548	43	32
-1.5618878	48	36
-1.5618382	37	25
-1.5621329	33	21
-1.5618453	45	34
-1.5002606	28	16
-1.5005849	45	33
-1.5001	31	19
-1.5618257	40	28
-1.5003145	34	22
-1.5000586	31	20
-1.5619113	52	45
-1.5620079	45	33
-1.5608341	33	21
-1.5002925	50	30
-1.5618718	52	37
-1.5002886	69	50
-1.500168	44	25
-1.5002798	39	27
-1.5002895	40	28
-1.4999596	31	21
-1.5616894	52	40
-1.5002404	53	37
-1.500238	36	24
-1.5004433	36	24
-1.5616866	41	36
-1.5004847	46	32
-1.5002569	46	31
-1.5619073	53	37
-1.5002069	78	48
-1.5002167	58	32
-1.5617705	51	39
-1.5615356	39	29
-1.5618196	31	20
-1.5002478	26	15
-1.5613322	28	17
-1.561659	41	30
-1.5620477	50	38
-1.5619515	39	27
-1.5004133	72	50
-1.5002313	35	23
-1.5617839	45	26
-1.561805	45	27
-1.5617301	37	25
-1.5617357	67	51
-1.5614172	34	22
-1.5001835	38	27
-1.5002222	29	24
-1.5618977	32	21
-1.5617736	29	18
-1.5620104	62	50
-1.5002452	37	25
-1.561689	32	20
-1.5617905	38	27
-1.5616766	48	37
-1.5619324	54	41
-1.5619515	60	44
-1.5618452	36	24
-1.5617449	31	21
-1.5000951	31	19
-1.499997	32	20
-1.5001855	44	32
-1.5002682	46	34
-1.5616275	36	25
-1.5000701	28	17
-1.5002107	49	28
-1.5618238	48	36
-1.5002895	30	18
-1.5002683	36	32
-1.5617263	30	25
-1.5617249	38	27
-1.5618075	48	34
-1.5619441	49	37
-1.5001845	50	38
-1.5003091	40	26
-1.500362	50	30
-1.5002964	35	23
-1.5001629	48	37
-1.5002772	74	53
-1.500493	39	23
-1.5002356	31	19
-1.5002249	34	22
-1.5617864	54	43
-1.5000141	28	24
-1.5003025	41	29
-1.500249	29	17
-1.5002466	56	38
-1.5000276	25	20
-1.5618083	53	37
-1.5618148	34	22
-1.561556	53	37
-1.5617729	54	38
-1.5003477	40	25
-1.5001616	51	33
-1.5617279	38	27
-1.5003453	44	32
-1.5617753	46	33
-1.5002353	45	38
-1.5621112	76	55
-1.5001057	29	18
-1.56183	52	41
-1.5619246	65	51
-1.5001954	33	22
-1.5618196	41	33
-1.5620086	65	52
-1.5616444	40	28
-1.5615792	36	25
-1.5615985	34	22
-1.5619336	50	34
-1.5617696	51	40
-1.5618212	43	31
-1.5001768	33	22
-1.5618062	44	31
-1.5615027	48	36
-1.5618454	62	50
-1.5000052	31	21
-1.5002746	39	26
-1.5002108	34	22
-1.561624	33	21
-1.5002001	39	23
-1.500259	38	26
-1.5003099	29	17
-1.5003117	67	45
-1.5001819	39	28
-1.5618498	38	26
-1.561773	48	34
-1.562017	35	23
-1.500345	64	38
-1.5003339	36	25
-1.5003888	36	24
-1.5001572	57	45
-1.5002273	33	21
-1.5001462	34	23
-1.5607414	50	38
-1.500159	38	26
-1.4998203	33	21
-1.5001995	29	17
-1.5000928	35	24
-1.5618957	42	30
-1.5616384	41	30
-1.5003654	38	25
-1.500387	52	38
-1.5002936	50	32
-1.5617053	33	22
-1.5606955	33	21
-1.502661	50	37
-1.500405	38	26
-1.5002146	50	33
-1.5618253	40	28
-1.5617382	39	26
-1.5620738	75	46
-1.4996785	38	27
-1.5618272	44	32
-1.5001521	29	17
-1.561663	51	40
-1.5004384	48	30
-1.5618051	53	41
-1.5618173	36	24
-1.500172	31	20
-1.5617256	48	36
-1.5000573	34	26
-1.5003808	34	22
-1.5617884	52	40
-1.561794	36	30
-1.5616993	44	40
-1.5617638	32	21
-1.5616622	35	24
-1.5003454	37	25
-1.5617885	35	24
-1.5000947	32	20
-1.5003509	40	29
-1.500322	34	22
-1.5617576	59	49
-1.5002439	36	28
-1.5615545	41	37
-1.5003955	60	46
-1.5002758	70	48
-1.5617254	46	36
-1.5002505	31	19
-1.5001262	27	22
-1.5001461	34	22
-1.5002993	31	19
-1.5000416	34	23
-1.560217	50	41
-1.5003092	55	38
-1.5001557	40	28
-1.5001168	37	26
-1.5614969	44	33
-1.5619123	79	61
-1.5618095	39	28
-1.5618916	64	48
-1.5618473	45	33
-1.5619377	50	29
-1.5618562	58	46
-1.5614103	62	51
-1.500368	53	31
-1.5001588	32	21
-1.5004872	31	19
-1.5003596	69	44
-1.5003327	29	17
-1.5616677	52	39
-1.5002027	34	22
-1.5003618	38	26
-1.5002639	44	32
-1.5620037	50	38
-1.5001215	39	28
-1.5002937	42	29
-1.5003048	44	26
-1.5614582	34	28
-1.5002972	33	21
-1.5617681	55	44
-1.5619666	43	31
-1.5004465	60	43
-1.5618332	54	41
-1.5617282	44	32
-1.5004427	52	29
-1.5617285	43	31
-1.5617201	53	38
-1.5004269	46	32
-1.5002792	41	25
-1.5001988	41	29
-1.5000906	33	29
-1.5002533	45	31
-1.5615031	47	34
-1.5000754	41	25
-1.5619499	74	57
-1.5616259	36	27
-1.5618802	43	31
-1.5618614	47	41
-1.561468	35	23
-1.561696	67	57
-1.5001443	31	19
-1.5616805	51	40
-1.5002433	40	21
-1.5620245	44	32
-1.5001952	33	21
-1.5617831	35	23
-1.5001858	39	33
-1.5000656	29	17
-1.5612151	36	25
-1.4999184	34	23
-1.5002699	45	32
-1.5003352	57	32
-1.4998634	36	24
-1.5618795	44	32
-1.5003386	68	40
-1.5001718	28	16
-1.5001727	54	40
-1.5618523	44	32
-1.5004309	36	24
-1.5617726	35	24
-1.5002749	44	26
-1.5002337	52	38
-1.5617183	35	28
-1.5615797	42	30
-1.5004845	52	30
-1.5001082	30	19
-1.5620368	76	61
-1.5002799	55	38
-1.500263	29	17
-1.5618659	49	38
-1.5618397	53	42
-1.5001976	43	27
-1.5179452	65	53
-1.5002698	51	30
-1.5001836	61	42
-1.5615494	43	32
-1.5003204	40	28
-1.5002851	39	27
-1.5002028	39	28
-1.5001156	49	33
-1.5002638	42	26
-1.5620251	59	38
-1.5001046	42	28
-1.5001847	42	23
-1.50036	37	25
-1.5614872	40	30
-1.5000602	43	31
-1.5001808	50	33
-1.5004163	30	18
-1.561975	39	27
-1.5619141	34	22
-1.5619379	68	50
-1.5607093	32	21
-1.499885	32	27
-1.5003352	32	20
-1.5003245	32	20
-1.5619222	83	65
-1.5004475	58	35
-1.5615947	40	29
-1.500468	54	33
-1.5004804	65	36
-1.5619703	41	29
-1.5617178	40	28
-1.5617943	38	26
-1.5002348	51	30
-1.5002057	39	27
-1.5618317	49	37
-1.5618226	63	51
-1.5617139	49	36
-1.500034	36	29
-1.500193	34	22
-1.5617891	43	32
-1.50041	73	39
-1.5594518	35	24
-1.5611754	42	30
-1.5618981	48	36
-1.5619485	96	61
-1.5617776	58	46
-1.5618363	44	32
-1.5002269	28	16
-1.5004801	46	34
-1.500274	35	23
-1.5000504	29	18
-1.5004832	53	31
-1.5000135	35	24
-1.5617165	36	26
-1.5001871	35	23
-1.5618106	68	55
-1.5002858	39	27
-1.500344	33	21
-1.5619562	48	34
-1.5619123	60	43
-1.5001277	31	19
-1.5002121	43	33
-1.5002645	31	19
-1.5619759	58	38
-1.5002916	38	26
-1.5617604	57	45
-1.5615523	47	43
-1.5618996	62	51
-1.5002473	36	25
-1.5619187	49	32
-1.5618862	50	34
-1.5002222	56	35
-1.5617681	45	34
-1.5002167	35	23
-1.5617838	65	53
-1.5003372	36	24
-1.5002548	36	21
-1.5620094	68	53
-1.561753	33	21
-1.5003081	33	21
-1.5003359	38	26
-1.5616642	44	33
-1.5615007	42	31
-1.5619701	56	36
-1.5618169	46	34
-1.5002688	44	32
-1.5617065	52	36
-1.5619806	55	43
-1.5618633	40	28
-1.5620288	58	38
-1.5619922	74	51
-1.499979	35	26
-1.5616351	36	25
-1.5002263	32	20
-1.5620522	79	60
-1.5616139	41	30
-1.5003477	48	34
-1.5003998	32	20
-1.5616506	38	27
-1.5003464	46	32
-1.5004119	41	29
-1.5004246	58	41
-1.5569526	38	28
-1.5001169	38	27
-1.5001551	26	23
-1.5004076	60	37
-1.5619315	42	30
-1.5001985	36	25
-1.5002396	34	22
-1.5001833	38	27
-1.5614976	43	31
-1.5617962	54	42
-1.5000699	29	22
-1.5620747	66	44
-1.5002732	33	21
-1.5000578	36	26
-1.5002595	30	18
-1.5004445	95	50
-1.5617387	50	39
-1.5000436	26	16
-1.5565235	47	35
-1.5617226	39	34
-1.5617661	49	37
-1.5002532	53	29
-1.5617749	37	25
-1.5001223	31	27
-1.5620472	42	30
-1.5616911	32	21
-1.4999769	35	24
-1.5002697	32	20
-1.5615085	43	31
-1.5619111	52	36
-1.5001748	35	23
-1.5001581	35	24
-1.5618091	49	37
-1.5613268	45	33
-1.5617936	39	35
-1.5002953	54	31
-1.5616972	32	29
-1.561603	31	19
-1.5619413	34	22
-1.5004033	41	29
-1.56154	68	47
-1.5001211	33	22
-1.5618165	58	46
-1.5002154	32	20
-1.5003047	31	20
-1.5618558	35	23
-1.5002375	41	25
-1.49996	39	29
-1.5003681	48	29
-1.5617586	35	30
-1.5003119	32	20
-1.5618228	42	30
-1.5617537	48	34
-1.5000913	30	19
-1.5001127	35	23
-1.5002468	35	23
-1.5619162	50	38
-1.5001859	57	35
-1.5002323	39	28
-1.5003271	38	26
-1.5001497	43	33
-1.5003849	34	22
-1.5001583	35	24
-1.5003941	40	26
-1.5001494	31	21
-1.5000176	39	28
-1.5617821	41	29
-1.5619	40	29
-1.5615012	57	39
-1.5003283	52	32
-1.561977	57	38
-1.5612126	40	28
-1.5618303	43	31
-1.5002955	40	28
-1.56176	34	22
-1.5002056	37	26
-1.5618005	43	31
-1.5002399	37	22
-1.5619023	75	52
-1.5617244	59	48
-1.5003043	46	30
-1.5002211	35	24
-1.5617827	40	29
-1.5618226	53	45
-1.5615865	38	27
-1.5002378	60	39
-1.5001585	56	36
-1.5618142	78	55
-1.5001422	40	26
-1.5003033	56	42
-1.5620783	82	51
-1.5004546	29	17
-1.5002322	50	38
-1.5002578	49	30
-1.5002814	51	36
-1.5618634	67	41
-1.5616493	39	27
-1.5000412	43	35
-1.5621048	52	39
-1.5003314	37	25
-1.5002329	40	34
-1.5004254	50	33
-1.5001986	41	27
-1.5001702	63	39
-1.5001506	32	20
-1.5005174	42	30
-1.5002375	45	28
-1.5004807	33	21
-1.5618709	62	39
-1.5617507	50	29
-1.5002636	40	33
-1.5002535	39	25
-1.5617984	51	39
-1.5618201	54	42
-1.5001907	43	31
-1.5615796	54	42
-1.5611417	35	24
-1.5001555	36	24
-1.5617027	45	29
-1.5002173	36	24
-1.5001846	44	33
-1.5001793	32	20
-1.5598293	47	35
-1.5616442	37	26
-1.5618198	52	39
-1.5613529	73	43
-1.5002714	41	29
-1.5619213	45	33
-1.5002185	48	36
-1.5619657	93	58
-1.5618075	44	32
-1.5003356	49	32
-1.5000519	36	25
-1.5004737	33	21
-1.5002084	47	32
-1.5616099	36	25
-1.500225	28	18
-1.5619729	62	42
-1.5618169	52	39
-1.500106	34	23
-1.5003859	46	33
-1.5619258	48	36
-1.5000715	43	24
-1.5611487	35	24
-1.5001991	34	22
-1.561718	45	33
-1.5618388	41	29
-1.500248	48	28
-1.5617391	37	27
-1.5003293	30	18
-1.5616471	42	30
-1.5002897	40	28
-1.5005097	54	33
-1.5617405	38	27
-1.5002003	38	26
-1.5001179	36	27
-1.5002612	39	27
-1.5003965	44	27
-1.5006346	37	25
-1.5619084	65	53
-1.5620489	60	39
-1.5618168	49	35
-1.5003439	25	13
-1.5002856	44	31
-1.5004522	39	26
-1.500213	52	39
-1.5002541	38	27
-1.5619648	53	41
-1.5617271	43	33
-1.5619965	52	36
-1.561557	56	45
-1.5619796	54	42
-1.5618798	39	27
-1.5618145	42	30
-1.5002786	59	45
-1.561706	45	33
-1.50012	40	30
-1.5004661	38	23
-1.5000862	32	22
-1.5619787	45	33
-1.561869	40	28
-1.5617005	46	35
-1.5000982	34	24
-1.5617423	51	39
-1.5003258	46	33
-1.5620838	43	31
-1.5001446	39	29
-1.5002959	45	34
-1.5002772	30	18
-1.5003404	39	27
-1.5616909	38	26
-1.5003949	46	31
-1.5618892	32	20
-1.5619314	37	25
-1.5003257	30	18
-1.5618152	68	52
-1.5617218	40	28
-1.50023	28	16
-1.5617224	61	50
-1.5617899	33	21
-1.5613189	35	24
-1.5002524	51	33
-1.5002886	59	38
-1.5003064	44	24
-1.5002991	32	20
-1.5617305	43	33
-1.5003534	39	23
-1.5004915	52	34
-1.5618375	57	45
-1.5004467	46	29
-1.5616705	42	35
-1.5618238	68	46
-1.500192	40	29
-1.5620664	90	67
-1.5003378	47	32
-1.5620705	83	52
-1.5002758	38	23
-1.5618344	54	42
-1.5619899	66	52
-1.5000407	39	30
-1.5002771	39	27
-1.5006286	46	34
-1.5617305	68	56
-1.5004102	38	26
-1.5001987	38	27
-1.5051927	44	37
-1.5619728	46	32
-1.5619784	62	39
-1.5004736	33	21
-1.5619569	68	49
-1.5618808	53	40
-1.5002186	30	18
-1.5619367	33	21
-1.5004192	46	32
-1.5616823	39	27
-1.5619736	42	29
-1.5003515	72	46
-1.5618161	52	37
-1.5618251	35	23
-1.500368	32	20
-1.561755	62	47
-1.5596605	40	28
-1.5617991	42	30
-1.5618042	44	32
-1.4999634	30	18
-1.5002672	34	20
-1.5619749	46	34
-1.5617729	76	59
-1.5003992	55	37
-1.5003467	37	25
-1.5002905	39	27
-1.5618608	41	30
-1.5001437	34	22
-1.5003723	45	25
-1.4999873	31	19
-1.562204	51	31
-1.5617647	46	32
-1.5616572	61	47
-1.5002317	46	29
-1.5002853	44	32
-1.5008371	82	52
-1.5616243	39	28
-1.5002184	33	21
-1.5002577	36	24
-1.5003519	61	33
-1.5000984	25	20
-1.5619753	53	31
-1.5002753	41	25
-1.5618881	47	33
-1.5001833	35	23
-1.561755	40	28
-1.5003504	31	19
-1.5002272	41	29
-1.5002056	45	31
-1.5001336	31	26
-1.5617805	44	32
-1.5002864	43	29
-1.5617149	35	24
-1.500207	53	30
-1.5617215	53	34
-1.5003535	47	27
-1.5619396	68	46
-1.5618068	44	31
-1.5619473	55	35
-1.5002372	51	32
-1.5554484	46	35
-1.5003108	61	45
-1.500121	30	18
-1.5619108	43	31
-1.5619069	42	30
-1.500503	39	23
-1.5620303	76	64
-1.5001128	35	24
-1.5001907	31	20
-1.5617897	35	23
-1.5615734	43	43
-1.5619534	60	36
-1.5001835	36	25
-1.5001075	38	26
-1.5619655	66	50
-1.5001454	28	16
-1.5617736	62	42
-1.5002899	38	25
-1.5010247	77	49
-1.5002569	38	32
-1.5618633	39	27
-1.5002652	28	16
-1.500134	34	23
-1.5003265	38	26
-1.500165	30	18
-1.5616737	40	29
-1.5003261	38	25
-1.5617817	41	29
-1.5000704	32	21
-1.5005194	45	30
-1.5001646	38	26
-1.5002136	33	21
-1.5003244	43	26
-1.5619722	42	30
-1.5616669	42	32
-1.5003494	44	30
-1.5001872	38	24
-1.5003319	38	23
-1.500007	37	25
-1.5618543	52	31
-1.5617355	47	36
-1.5004643	46	32
-1.5001908	65	49
-1.5619948	49	37
-1.5000909	38	29
-1.5617859	36	25
-1.5619067	62	47
-1.561956	67	54
-1.5618895	50	33
-1.5617521	39	27
-1.5618948	61	46
-1.5002498	38	26
-1.5003583	49	32
-1.5001247	38	28
-1.50032	40	28
-1.5003065	45	34
-1.500395	30	18
-1.5005057	67	44
-1.5620588	51	34
-1.5001838	29	17
-1.5617634	31	20
-1.5002927	53	30
-1.5613829	32	22
-1.5618936	36	24
-1.5618503	54	43
-1.5002426	44	30
-1.5617631	43	33
-1.5616503	38	26
-1.5618234	52	30
-1.5618001	33	21
-1.5003028	38	26
-1.5004676	51	31
-1.5618741	43	30
-1.5002933	51	30
-1.5002618	37	27
-1.500231	47	34
-1.5002709	50	32
-1.5003157	37	23
-1.5613095	43	31
-1.5003073	29	17
-1.500447	38	26
-1.5001495	42	33
-1.5616782	47	35
-1.5617548	40	28
-1.5617813	73	51
-1.5617564	46	34
-1.5001212	39	27
-1.5003346	43	31
-1.5002973	49	34
-1.5002694	32	20
-1.5002091	41	30
-1.5617226	31	19
-1.5619094	56	36
-1.500629	32	21
-1.5000999	43	32
-1.5619449	103	70
-1.5615771	46	35
-1.5003253	40	28
-1.5001578	33	22
-1.5002491	41	30
-1.500219	50	34
-1.5611064	31	20
-1.500068	36	24
-1.5617518	59	48
-1.5003301	38	26
-1.5002891	67	46
-1.5002331	32	20
-1.5619785	45	33
-1.5617835	59	45
-1.5002623	62	50
-1.5617831	42	31
-1.5001168	39	28
-1.5002975	38	26
-1.561997	63	43
-1.5617418	37	25
-1.5003506	57	36
-1.5618459	50	35
-1.500305	36	31
-1.5003556	40	22
-1.5002695	44	32
-1.500307	44	31
-1.5003316	47	32
-1.5001546	41	29
-1.5619094	58	37
-1.5622003	88	70
-1.5001221	43	27
-1.5003905	39	25
-1.500402	55	35
-1.5620334	45	33
-1.5616959	32	28
-1.56187	37	25
-1.561685	44	32
-1.5617604	40	28
-1.5618175	49	38
-1.5002703	56	36
-1.5616711	48	37
-1.5618067	35	31
-1.5003443	52	27
-1.5002584	32	20
-1.5619127	46	35
-1.5617538	40	29
-1.5619297	44	32
-1.5002236	49	31
-1.5619034	53	39
-1.5617685	70	52
-1.499471	31	21
-1.5003768	31	20
-1.561905	59	37
-1.5002909	43	25
-1.5002157	43	29
-1.5002268	33	21
-1.5001662	46	30
-1.5617678	50	37
-1.5001662	35	25
-1.5001555	31	22
-1.5616265	34	24
-1.5000963	31	25
-1.5615627	52	30
-1.5003293	28	16
-1.5616753	40	29
-1.5609404	59	47
-1.500243	43	31
-1.5002638	41	28
-1.4997391	33	22
-1.5001638	32	28
-1.500303	33	21
-1.5617078	51	37
-1.5615024	29	17
-1.5619428	69	43
-1.5002262	72	41
-1.5001882	33	21
-1.5617909	49	34
-1.5617911	59	46
-1.5617177	35	24
-1.5003495	40	28
-1.5004521	35	23
-1.5003071	34	22
-1.5004193	42	29
-1.5002076	29	17
-1.5003971	53	35
-1.5617828	43	31
-1.5618457	52	36
-1.5001998	36	24
-1.5001497	51	37
-1.5618748	39	27
-1.5000783	34	22
-1.5620299	41	27
-1.5002966	49	34
-1.5001437	34	22
-1.5617705	49	35
-1.5004768	46	29
-1.500173	35	23
-1.5616469	58	46
-1.5002316	29	25
-1.5619934	38	26
-1.5000688	39	28
-1.5620575	59	37
-1.5003626	33	21
-1.5003608	34	22
-1.5001873	36	27
-1.5002691	52	31
-1.5003981	44	29
-1.5013318	45	33
-1.5617614	57	39
-1.5618717	57	41
-1.5000937	29	17
-1.5616579	42	35
-1.5002614	67	44
-1.5614456	41	31
-1.5618078	31	19
-1.5001947	28	16
-1.5003372	63	39
-1.5619296	78	51
-1.5617962	33	25
-1.4999998	23	19
-1.5618684	36	24
-1.5003334	31	19
-1.5618604	57	45
-1.5000245	32	29
-1.5002323	31	19
-1.5001571	31	26
-1.5615297	44	33
-1.5619011	47	35
-1.5617397	40	28
-1.5001874	45	29
-1.5004743	45	27
-1.5619251	64	42
-1.5618481	47	27
-1.5004335	46	34
-1.500217	38	26
-1.5619066	66	53
-1.5611572	39	28
-1.5003318	38	26
-1.500307	40	28
-1.5617683	59	45
-1.5043841	42	28
-1.5615721	45	35
-1.5002771	31	19
-1.5002162	39	25
-1.5619802	46	34
-1.5001553	35	23
-1.5618186	51	31
-1.5002354	47	28
-1.562016	42	30
-1.5000901	39	27
-1.5618227	50	38
-1.5003694	53	29
-1.5004734	40	28
-1.5004846	34	22
-1.5003716	41	29
-1.5002564	34	22
-1.5619453	50	29
-1.5618301	39	27
-1.5002194	39	28
-1.5618081	68	56
-1.5617687	43	31
-1.5618442	69	49
-1.5614511	53	43
-1.5617373	41	30
-1.5001781	36	24
-1.5620619	32	20
-1.561961	82	52
-1.5619633	35	23
-1.5618044	61	39
-1.5618385	73	53
-1.5000637	34	23
-1.5617774	32	21
-1.5618279	38	26
-1.5004305	43	24
-1.5002965	37	24
-1.500318	31	19
-1.5002854	36	23
-1.561857	48	36
-1.5002343	45	32
-1.5004119	34	22
-1.5001224	55	43
-1.5002402	48	34
-1.5618268	52	33
-1.5618438	50	31
-1.561746	30	25
-1.5001981	37	25
-1.5003054	34	22
-1.5000868	41	31
-1.5003702	37	25
-1.5003333	57	29
-1.5617469	48	28
-1.5000751	33	22
-1.5002335	65	37
-1.5002066	27	15
-1.5002944	37	25
-1.5002676	32	20
-1.5002372	50	34
-1.5615789	33	21
-1.5000708	36	31
-1.5002424	51	34
-1.5003987	47	25
-1.5001785	47	33
-1.5003809	43	27
-1.5000881	33	23
-1.5002572	32	20
-1.5617635	45	33
-1.5613111	49	38
-1.500062	33	22
-1.5002652	31	19
-1.5004114	45	33
-1.5619483	57	34
-1.5619225	60	45
-1.500177	48	29
-1.5001814	26	20
-1.5619122	45	31
-1.5001535	38	26
-1.5617353	40	28
-1.5616934	53	39
-1.5002687	32	20
-1.5618598	65	42
-1.5002376	31	19
-1.5616903	65	51
-1.5620701	48	32
-1.5619556	63	47
-1.5616761	40	28
-1.5619446	48	33
-1.5617029	36	24
-1.5619773	45	33
-1.5003258	49	30
-1.500271	32	20
-1.5619795	70	52
-1.5617141	50	38
-1.5614453	35	24
-1.5001466	39	28
-1.5004603	37	25
-1.5619673	48	36
-1.561824	52	41
-1.5001274	41	30
-1.5002664	31	19
-1.5618241	42	30
-1.5002215	46	35
-1.5618669	46	32
-1.5619346	52	39
-1.5618109	53	41
-1.5003136	47	28
-1.5618924	46	28
-1.5617437	62	51
-1.4999945	36	24
-1.5002448	32	20
-1.5002725	35	23
-1.5002558	44	32
-1.5002893	58	35
-1.561905	62	41
-1.5617374	54	42
-1.5003145	52	30
-1.5618749	59	37
-1.5619064	43	31
-1.5001139	36	25
-1.5620549	45	31
-1.5616767	39	28
-1.5002571	41	29
-1.5001825	44	30
-1.5618013	43	31
-1.5618359	35	23
-1.5002516	44	33
-1.5002951	52	28
-1.5003352	44	33
-1.5001773	43	32
-1.5002709	70	41
-1.561731	41	31
-1.5619328	43	28
-1.561682	49	39
-1.5000226	35	31
-1.5001733	37	24
-1.5618469	50	36
-1.5616464	47	36
-1.5617814	39	27
-1.561908	43	32
-1.5004594	59	37
-1.5616343	33	22
-1.5618995	48	36
-1.5001293	38	27
-1.5002171	35	24
-1.5617499	52	41
-1.5001968	40	28
-1.5618599	50	38
-1.5002832	46	31
-1.5001627	32	23
-1.5620372	60	37
-1.5617062	29	25
-1.5002231	41	23
-1.5001419	40	26
-1.5004656	39	27
-1.5001594	55	33
-1.5004388	41	25
-1.5002114	28	16
-1.5618477	51	35
-1.5002222	47	34
-1.5002651	48	27
-1.5618737	72	49
-1.5002361	72	40
-1.500178	43	32
-1.5002994	29	17
-1.5617026	47	35
-1.561677	44	31
-1.5618982	49	37
-1.5003683	60	39
-1.5608638	50	38
-1.5620728	36	24
-1.5001448	26	22
-1.4998778	36	24
-1.5001757	34	23
-1.5003355	41	26
-1.5618825	55	42
-1.5620004	45	29
-1.5001447	49	34
-1.5615938	44	34
-1.5003228	32	20
-1.562024	46	34
-1.5613529	38	26
-1.5616699	44	32
-1.5616402	39	28
-1.5612902	53	41
-1.5000475	50	38
-1.5002797	42	31
-1.5004584	62	45
-1.5003709	46	30
-1.5618235	44	32
-1.5003981	46	31
-1.5000581	39	28
-1.500158	27	23
-1.5002135	39	28
-1.5001381	33	23
-1.5619135	42	30
-1.5002921	35	24
-1.5001352	48	33
-1.500346	54	37
-1.5617928	44	34
-1.5619092	55	32
-1.5002175	43	24
-1.561795	61	46
-1.5621289	100	81
-1.5003234	54	38
-1.5617668	52	45
-1.561765	38	26
-1.5615038	51	40
-1.5002577	53	33
-1.5619271	50	29
-1.561796	56	43
-1.5617686	49	37
-1.50018	55	40
-1.5618891	54	43
-1.5004849	43	22
-1.5001805	32	21
-1.5001459	32	20
-1.5003285	41	28
-1.5618556	65	43
-1.5618039	49	38
-1.5000856	34	24
-1.5617599	36	24
-1.5620121	67	55
-1.500325	38	26
-1.5616642	52	31
-1.561845	45	33
-1.5003988	63	41
-1.5618539	48	29
-1.5617342	38	26
-1.5002174	38	26
-1.5003615	65	43
-1.5617262	50	39
-1.5618549	47	35
-1.561899	60	45
-1.5619701	62	40
-1.500317	51	29
-1.5618766	41	29
-1.5618495	69	54
-1.5615424	56	43
-1.5002803	66	33
-1.561273	47	34
-1.500211	33	21
-1.5002269	42	31
-1.5616647	61	47
-1.5002631	48	27
-1.5617674	51	36
-1.5002123	35	23
-1.5004289	48	27
-1.5002371	47	34
-1.5003818	43	31
-1.5002215	37	25
-1.5001573	31	19
-1.5618817	50	31
-1.5619029	63	50
-1.5616931	44	32
-1.5002304	30	18
-1.5618118	41	29
-1.561836	51	40
-1.5001971	48	31
-1.5003288	76	48
-1.561892	35	24
-1.5004276	40	28
-1.5618277	75	64
-1.5618809	46	31
-1.5618203	80	56
-1.5619493	52	40
-1.5003153	38	24
-1.5618664	41	29
-1.5614852	31	20
-1.561247	43	32
-1.5618147	82	66
-1.5002232	32	21
-1.5001949	35	25
-1.5004281	41	29
-1.5002177	27	23
-1.5003026	31	19
-1.5618464	47	35
-1.5618564	49	36
-1.5002166	37	21
-1.5619211	51	35
-1.5001057	35	24
-1.5003183	32	20
-1.5003464	36	25
-1.5002581	40	28
-1.5000148	37	26
-1.5002932	59	30
-1.5002344	34	22
-1.5612655	51	40
-1.5619549	76	57
-1.5002323	43	30
-1.5618958	46	33
-1.5002942	49	28
-1.5620824	56	44
-1.5618373	35	23
-1.5001597	32	20
-1.561291	33	21
-1.500271	48	37
-1.5619134	50	38
-1.5614101	40	28
-1.5005811	50	34
-1.561563	37	26
-1.5000561	35	25
-1.4999882	27	15
-1.5003599	29	17
-1.4998981	36	24
-1.5000317	52	42
-1.5619642	66	39
-1.5001377	37	22
-1.5616836	43	31
-1.5618821	53	40
-1.5618616	57	44
-1.5616997	43	31
-1.5001495	27	21
-1.5620109	61	41
-1.5617466	41	29
-1.5619869	34	22
-1.5001129	36	25
-1.5618617	37	25
-1.5618815	44	32
-1.5003096	40	24
-1.5617415	44	33
-1.5001729	26	14
-1.5002056	36	24
-1.5619218	65	45
-1.5002875	52	38
-1.5618479	58	42
-1.5002617	39	27
-1.5607813	55	44
-1.5619126	85	68
-1.5619469	67	42
-1.500332	38	25
-1.5001945	47	31
-1.5002253	69	46
-1.5003456	35	23
-1.5001174	36	24
-1.5619183	53	41
-1.5004573	46	33
-1.500201	35	23
-1.5618629	81	67
-1.5621344	80	65
-1.5002444	29	21
-1.5002446	47	34
-1.5003065	40	28
-1.5004302	40	28
-1.5618598	50	37
-1.500444	28	16
-1.500541	41	32
-1.5003503	41	25
-1.5002945	56	33
-1.5618183	53	42
-1.5618732	41	31
-1.5617916	49	36
-1.5619654	50	36
-1.5003307	32	20
-1.5003569	41	25
-1.5619253	65	45
-1.5616717	47	36
-1.500233	44	26
-1.5004322	28	16
-1.5004322	30	18
-1.5001936	37	26
-1.5002785	49	30
-1.5002416	61	42
-1.5002438	70	41
-1.5619579	63	41
-1.5002281	31	19
-1.5620338	52	40
-1.5615841	50	38
-1.500087	37	25
-1.500318	30	18
-1.5001065	31	19
-1.5001987	29	17
-1.5616944	39	28
-1.5617848	93	70
-1.5004017	43	22
-1.5002837	46	24
-1.5003488	39	27
-1.5618455	40	28
-1.5001257	34	22
-1.5616698	38	29
-1.5618727	47	35
-1.5618392	43	35
-1.5002419	48	35
-1.4999282	47	30
-1.5617815	51	40
-1.5007182	52	30
-1.5002637	39	26
-1.5003138	39	27
-1.500258	32	20
-1.5002301	47	32
-1.5002739	42	23
-1.500297	32	19
-1.5618047	41	29
-1.5002053	31	19
-1.5001376	47	37
-1.5618216	34	22
-1.561812	47	34
-1.5001947	27	15
-1.5004472	42	28
-1.5619364	53	39
-1.5617376	52	40
-1.5002152	42	29
-1.5001448	49	37
-1.5001999	46	24
-1.5619295	62	42
-1.5619831	50	35
-1.5617074	46	33
-1.5612895	54	32
-1.5002252	40	27
-1.5003405	45	30
-1.5618962	48	36
-1.5001784	40	25
-1.5617475	58	45
-1.500306	47	30
-1.5003216	31	19
-1.561714	47	35
-1.5003596	68	46
-1.5617806	45	33
-1.5002971	58	33
-1.5001751	38	26
-1.5002747	53	30
-1.5003543	55	42
-1.5000703	39	29
-1.5000934	39	27
-1.5003227	41	29
-1.5002686	28	16
-1.5618997	32	20
-1.5619859	68	46
-1.5617836	56	44
-1.5618492	77	48
-1.5619466	38	26
-1.5002029	34	22
-1.500452	37	24
-1.5001921	44	27
-1.5620593	81	59
-1.5617649	51	39
-1.5617485	52	42
-1.5002221	39	26
-1.5002897	47	27
-1.5002285	75	58
-1.561987	64	49
-1.5002942	46	29
-1.5620172	68	50
-1.5002309	43	31
-1.5002692	34	23
-1.5003122	42	30
-1.5004112	44	21
-1.5616853	50	33
-1.5002676	46	31
-1.5002939	29	17
-1.5617596	41	29
-1.5003202	30	26
-1.5003545	48	31
-1.5002505	37	25
-1.5003989	62	41
-1.56181	49	37
-1.4998384	33	21
-1.5617068	54	34
-1.5615459	35	24
-1.5618088	51	38
-1.5616469	48	36
-1.5003748	26	14
-1.5616417	38	26
-1.5002262	27	15
-1.5003049	38	27
-1.5000025	26	23
-1.5002937	53	33
-1.5616934	44	32
-1.5619218	54	41
-1.5000869	31	21
-1.5616393	52	47
-1.5619039	37	25
-1.5003529	29	17
-1.5614819	32	21
-1.5001738	50	32
-1.5002847	45	33
-1.5619499	36	24
-1.5001775	33	22
-1.500164	49	35
-1.5002192	48	30
-1.5002046	34	22
-1.5003001	35	23
-1.5003846	30	18
-1.500308	36	24
-1.50018	34	23
-1.500127	30	19
-1.5617218	43	32
-1.5004174	37	25
-1.5000992	32	22
-1.5004669	36	24
-1.5001843	26	14
-1.5618329	49	37
-1.5618394	52	40
-1.5615954	34	22
-1.5002421	56	38
-1.5001749	42	30
-1.5618072	43	31
-1.5002904	49	32
-1.4999534	31	20
-1.5001871	43	31
-1.5002497	47	29
-1.500189	44	31
-1.5616048	40	28
-1.5002825	51	37
-1.5003227	36	23
-1.5002653	31	19
-1.5610279	41	30
-1.5617752	45	33
-1.561868	39	27
-1.5002075	28	16
-1.5003724	53	38
-1.5002145	29	17
-1.5004652	51	31
-1.5004131	30	18
-1.5001953	49	36
-1.500302	51	36
-1.5002378	35	23
-1.5616037	42	31
-1.5329312	63	53
-1.5001903	37	25
-1.5003467	39	27
-1.5618066	46	34
-1.5619016	34	23
-1.5002299	34	22
-1.5619741	36	24
-1.5612897	37	28
-1.5616108	38	28
-1.5001767	36	26
-1.5617148	37	25
-1.5001367	40	24
-1.5620313	47	35
-1.5001657	33	22
-1.5003611	34	22
-1.5000315	36	25
-1.500235	41	28
-1.5002425	41	29
-1.5004265	44	27
-1.5001818	30	19
-1.5617695	48	37
-1.5000833	34	22
-1.5615275	68	57
-1.5000836	45	33
-1.5002265	28	16
-1.5619183	67	49
-1.5001779	39	27
-1.5001271	43	29
-1.5002014	33	21
-1.5002677	67	41
-1.5621136	40	28
-1.5616155	32	20
-1.5003167	39	24
-1.5001995	48	31
-1.5617628	46	35
-1.5618482	52	40
-1.5618331	54	42
-1.4999845	48	33
-1.500225	29	18
-1.5000077	31	19
-1.5002336	37	26
-1.5002721	44	30
-1.561803	67	46
-1.5001901	33	22
-1.5003444	49	31
-1.5000778	28	23
-1.4999978	34	29
-1.5618627	46	34
-1.5002072	33	21
-1.5618154	48	37
-1.5000558	36	26
-1.5002168	28	23
-1.5001494	31	21
-1.5616234	46	34
-1.5002004	33	21
-1.5617982	46	33
-1.5616726	46	35
-1.5002365	39	27
-1.5004401	32	20
-1.5003346	47	25
-1.5620368	55	36
-1.5618529	48	36
-1.5617134	63	51
-1.5002572	29	17
-1.5001653	40	27
-1.5619408	68	48
-1.5001278	28	16
-1.5003089	33	21
-1.5002719	32	20
-1.5002111	34	22
-1.5002516	60	37
-1.4999755	39	27
-1.5616508	49	37
-1.5002375	37	25
-1.5617779	44	33
-1.5622216	48	34
-1.5001184	50	39
-1.5001298	31	22
-1.5616602	39	28
-1.5001908	55	34
-1.5619045	51	39
-1.5617243	46	41
-1.5618773	50	34
-1.5003095	46	34
-1.5003438	30	18
-1.5003773	44	31
-1.500299	31	19
-1.5002351	37	24
-1.5616565	51	42
-1.5002472	38	27
-1.5607793	35	25
-1.5003139	33	21
-1.5003106	60	42
-1.561597	40	31
-1.5618045	37	26
-1.5615758	48	37
-1.5613662	33	30
-1.5003277	31	19
-1.5003411	40	23
-1.5617712	46	34
-1.5617876	42	31
-1.5004221	39	21
-1.5002094	30	19
-1.5005706	52	33
-1.5003725	37	25
-1.5616765	53	42
-1.5003995	36	24
-1.5001571	51	33
-1.5619136	30	18
-1.562048	56	44
-1.561795	51	39
-1.5617413	46	38
-1.5004123	45	29
-1.5617212	46	35
-1.5618447	54	40
-1.5618583	64	50
-1.5611503	39	28
-1.5002504	31	20
-1.5003062	60	41
-1.5618265	44	32
-1.5613613	42	32
-1.5619735	41	29
-1.5003707	47	35
-1.5002089	47	36
-1.5617027	35	23
-1.5616969	35	24
-1.5001768	33	22
-1.561539	33	22
-1.5617626	51	34
-1.5001337	29	17
-1.5617958	42	31
-1.5619507	36	24
-1.5002696	47	26
-1.4998596	35	24
-1.5618567	31	19
-1.5003002	44	29
-1.5618336	57	43
-1.5619911	66	48
-1.5002064	39	27
-1.5616507	52	41
-1.5615521	78	67
-1.5618565	42	30
-1.5616003	48	37
-1.5002311	55	33
-1.5002546	43	30
-1.5001256	62	50
-1.5618847	71	47
-1.561983	56	43
-1.5001973	49	27
-1.5618194	47	35
-1.5004286	59	38
-1.5618513	80	51
-1.5616504	43	32
-1.561743	42	30
-1.5004149	59	37
-1.5001375	39	29
-1.5620345	60	42
-1.561794	35	23
-1.5618184	46	34
-1.5617777	30	24
-1.5003376	40	28
-1.500342	39	27
-1.5620331	62	48
-1.5003169	44	32
-1.5005007	30	18
-1.5003518	51	33
-1.561189	32	20
-1.5002339	49	36
-1.5616908	37	27
-1.5003443	45	28
-1.5002538	53	26
-1.5620026	35	23
-1.5618958	61	38
-1.5619766	54	32
-1.5620138	45	33
-1.5617585	52	40
-1.5619769	60	45
-1.5002274	36	24
-1.5000836	33	24
-1.5002136	35	23
-1.5618439	48	36
-1.5001982	35	24
-1.5002607	40	25
-1.5000856	52	39
-1.5618775	52	41
-1.5004594	53	32
-1.5004637	53	39
-1.5003645	39	27
-1.5001154	36	24
-1.5003657	47	33
-1.5003217	55	27
-1.5619763	77	57
-1.5617137	29	26
-1.5619214	69	50
-1.5003325	42	30
-1.5003734	43	29
-1.5617645	48	37
-1.5619311	38	26
-1.5003193	29	17
-1.5003006	31	19
-1.5617096	37	31
-1.5002283	37	26
-1.5616723	30	18
-1.5619539	46	32
-1.5002955	37	22
-1.5619879	39	27
-1.5617461	50	39
-1.5619212	44	32
-1.5619214	38	26
-1.5618423	41	29
-1.5001687	46	33
-1.5619891	50	31
-1.5002774	32	20
-1.5620036	41	29
-1.5620379	46	34
-1.562045	58	38
-1.5002807	30	18
-1.5002947	41	28
-1.5003282	44	26
-1.5000295	33	22
-1.500275	52	36
-1.5619775	52	40
-1.5002159	42	36
-1.5003843	37	25
-1.5002677	39	27
-1.5001924	38	25
-1.5002824	43	30
-1.5002261	29	17
-1.5003897	40	25
-1.5618142	45	33
-1.5002524	34	22
-1.5003649	40	25
-1.5618819	62	50
-1.5002832	42	20
-1.5620398	63	42
-1.5615076	39	28
-1.5620256	47	30
-1.561797	50	35
-1.5001696	30	25
-1.5617874	41	35
-1.5615442	59	46
-1.561702	34	28
-1.5617929	36	25
-1.5617357	49	37
-1.5003565	45	33
-1.5618272	46	34
-1.5002268	31	19
-1.5002483	57	38
-1.5551742	35	24
-1.5618035	47	35
-1.5002949	41	29
-1.5003896	57	45
-1.5586974	52	41
-1.5002874	38	26
-1.5002244	50	34
-1.5618399	42	30
-1.5618239	52	38
-1.5617953	49	33
-1.5617511	43	31
-1.5002745	44	30
-1.5617464	38	27
-1.5619648	37	25
-1.5003022	32	20
-1.5616868	39	34
-1.4999915	38	26
-1.5620121	42	30
-1.5619621	59	38
-1.5619599	51	37
-1.5001071	41	30
-1.5617297	41	36
-1.5001034	42	28
-1.5000371	34	23
