-1.5618425	115	31
-1.562034	107	31
-1.4998901	144	31
-1.5001454	113	31
-1.5617256	127	31
-1.4999359	141	31
-1.5004647	119	31
-1.4998382	134	31
-1.5620865	119	31
-1.5001072	150	31
-1.5003076	122	31
-1.5001357	137	31
-1.5618233	80	31
-1.5002636	127	31
-1.5617397	79	31
-1.4999037	108	31
-1.561573	120	31
-1.5616299	111	31
-1.5619993	98	31
-1.4999655	137	31
-1.4999805	122	31
-1.5616365	134	31
-1.5616772	83	31
-1.5616708	86	31
-1.5617679	78	31
-1.5002052	173	31
-1.4999993	169	31
-1.4999348	140	31
-1.5002462	123	31
-1.5003374	153	31
-1.5612244	123	31
-1.5003361	115	31
-1.562086	94	31
-1.4998829	132	31
-1.5616443	102	31
-1.5618654	77	31
-1.561936	121	31
-1.5001491	151	31
-1.5004172	125	31
-1.5001021	128	31
-1.5619669	127	31
-1.5613505	123	31
-1.5615929	104	31
-1.561571	88	31
-1.5615371	132	31
-1.5619267	132	31
-1.5617266	154	31
-1.4998718	128	31
-1.5003359	132	31
-1.5000668	144	31
-1.5618708	106	31
-1.5000362	130	31
-1.5000614	95	31
-1.5001658	117	31
-1.5615969	123	31
-1.5002699	123	31
-1.5002496	146	31
-1.5619438	101	31
-1.5614684	116	31
-1.5616277	112	31
-1.5002657	118	31
-1.5002978	139	31
-1.5001224	139	31
-1.5001402	125	31
-1.5620091	106	31
-1.5002234	133	31
-1.4998978	116	31
-1.5000709	121	31
-1.5615792	60	31
-1.5615276	160	31
-1.4999212	146	31
-1.49993	137	31
-1.5000002	122	31
-1.5616837	93	31
-1.5611886	145	31
-1.5000218	164	31
-1.5610115	151	31
-1.4999795	137	31
-1.5617725	97	31
-1.5616169	99	31
-1.5004374	120	31
-1.5000069	156	31
-1.5002508	134	31
-1.5000775	151	31
-1.5000409	155	31
-1.5617258	124	31
-1.5615163	97	31
-1.5618874	145	31
-1.5003445	144	31
-1.5002222	134	31
-1.56132	107	31
-1.5002585	140	31
-1.4997654	139	31
-1.561884	119	31
-1.5001928	147	31
-1.5000933	136	31
-1.5001547	132	31
-1.5614327	109	31
-1.5003205	133	31
-1.5615679	115	31
-1.5002928	127	31
-1.5118868	114	31
-1.5614517	130	31
-1.5614892	127	31
-1.5613813	120	31
-1.500135	139	31
-1.4999055	155	31
-1.5000591	170	31
-1.5616852	127	31
-1.5002322	145	31
-1.5499083	98	31
-1.500012	158	31
-1.561797	115	31
-1.5001183	132	31
-1.5616489	92	31
-1.5617771	109	31
-1.5618106	110	31
-1.5012172	110	31
-1.500116	151	31
-1.5001609	144	31
-1.4999679	112	31
-1.5618644	123	31
-1.561985	118	31
-1.5615488	101	31
-1.5617438	104	31
-1.5620316	99	31
-1.5615449	93	31
-1.5001228	153	31
-1.5613947	132	31
-1.561629	127	31
-1.5003442	140	31
-1.561402	98	31
-1.561762	126	31
-1.5001865	121	31
-1.5002528	135	31
-1.5000751	122	31
-1.5614746	132	31
-1.5000776	107	31
-1.5001226	161	31
-1.5002658	130	31
-1.4998431	138	31
-1.5002922	119	31
-1.5002038	134	31
-1.5619614	107	31
-1.5616884	71	31
-1.5001776	130	31
-1.5005046	122	31
-1.5618833	105	31
-1.5615591	133	31
-1.5002961	129	31
-1.5619122	77	31
-1.561694	70	31
-1.500163	125	31
-1.5615327	123	31
-1.5617467	112	31
-1.5616701	120	31
-1.5618944	126	31
-1.5002016	137	31
-1.5615955	96	31
-1.5616862	100	31
-1.5000055	163	31
-1.4999144	161	31
-1.5001367	110	31
-1.5002313	137	31
-1.4998672	129	31
-1.5617477	121	31
-1.4999574	125	31
-1.5001812	154	31
-1.5000606	141	31
-1.4998581	176	31
-1.5002315	124	31
-1.500241	138	31
-1.5613271	119	31
-1.5612734	128	31
-1.5614678	116	31
-1.5002325	130	31
-1.5002168	125	31
-1.5618478	85	31
-1.5000956	143	31
-1.5615707	103	31
-1.561614	116	31
-1.5002252	144	31
-1.5001933	148	31
-1.5613262	146	31
-1.5618273	79	31
-1.4998917	126	31
-1.5616683	142	31
-1.5000483	124	31
-1.5616378	115	31
-1.5004033	124	31
-1.5611154	121	31
-1.4999598	156	31
-1.5618249	79	31
-1.5001192	108	31
-1.5004616	128	31
-1.561876	119	31
-1.5003518	153	31
-1.5003373	136	31
-1.5619944	123	31
-1.5615522	114	31
-1.5615067	99	31
-1.5001785	140	31
-1.561575	109	31
-1.5616891	141	31
-1.5612845	133	31
-1.5615943	109	31
-1.5001271	122	31
-1.561583	107	31
-1.5618191	94	31
-1.4999201	134	31
-1.5001978	155	31
-1.5615164	129	31
-1.4998795	131	31
-1.5002305	127	31
-1.5001975	148	31
-1.5618365	116	31
-1.5002782	119	31
-1.5002177	154	31
-1.561915	114	31
-1.5003009	130	31
-1.5000769	141	31
-1.4998366	135	31
-1.500281	127	31
-1.5000994	135	31
-1.5004391	118	31
-1.5617878	123	31
-1.561771	150	31
-1.5613669	102	31
-1.5002521	138	31
-1.5617385	116	31
-1.4999941	129	31
-1.5618661	94	31
-1.4999763	143	31
-1.5000492	160	31
-1.4999446	136	31
-1.5617758	128	31
-1.5003154	148	31
-1.499944	118	31
-1.4999294	128	31
-1.4997658	126	31
-1.5616576	120	31
-1.5615631	101	31
-1.5002559	136	31
-1.5616361	90	31
-1.5000706	134	31
-1.5619663	108	31
-1.5614994	119	31
-1.5001639	130	31
-1.5615552	145	31
-1.5614477	133	31
-1.5616141	140	31
-1.5616654	129	31
-1.4999805	145	31
-1.5002295	140	31
-1.5619357	100	31
-1.5001126	145	31
-1.5619028	55	31
-1.5616272	84	31
-1.5002606	127	31
-1.56147	112	31
-1.500489	132	31
-1.561555	144	31
-1.5001039	114	31
-1.5619215	120	31
-1.5617243	107	31
-1.5001723	116	31
-1.5616493	122	31
-1.5616843	116	31
-1.4998992	149	31
-1.5615544	132	31
-1.499738	151	31
-1.5619287	85	31
-1.5002876	145	31
-1.5618589	116	31
-1.5241931	75	31
-1.5617826	123	31
-1.5614641	110	31
-1.5612998	66	31
-1.4997096	155	31
-1.5000422	127	31
-1.5613191	127	31
-1.5001946	128	31
-1.5001759	138	31
-1.500113	138	31
-1.5003918	134	31
-1.5618226	128	31
-1.5000912	116	31
-1.5618316	102	31
-1.5614889	72	31
-1.5000739	112	31
-1.5002928	127	31
-1.4997899	136	31
-1.4999965	146	31
-1.4999606	124	31
-1.5003773	129	31
-1.5617751	124	31
-1.5003742	149	31
-1.5614546	122	31
-1.5000782	138	31
-1.5616624	142	31
-1.5616256	108	31
-1.5000591	143	31
-1.5002354	140	31
-1.5002207	129	31
-1.5616461	97	31
-1.5004372	112	31
-1.5001865	110	31
-1.5002566	151	31
-1.500172	111	31
-1.5619069	121	31
-1.5617353	108	31
-1.4998419	141	31
-1.5618493	124	31
-1.5619828	119	31
-1.5615408	123	31
-1.5616615	119	31
-1.5618955	94	31
-1.5621452	133	31
-1.5618047	99	31
-1.5615228	106	31
-1.5614892	101	31
-1.5617188	107	31
-1.5000596	120	31
-1.5617564	84	31
-1.5003172	135	31
-1.4999171	140	31
-1.5003558	116	31
-1.5616694	100	31
-1.5614913	117	31
-1.5001353	140	31
-1.5619229	131	31
-1.4997618	129	31
-1.5000683	128	31
-1.5002658	150	31
-1.561442	122	31
-1.5000566	129	31
-1.5614623	102	31
-1.5001149	129	31
-1.5616055	96	31
-1.4999524	138	31
-1.4999448	129	31
-1.5614231	108	31
-1.5615186	81	31
-1.5619636	137	31
-1.5618209	76	31
-1.5004298	132	31
-1.5614584	84	31
-1.499989	140	31
-1.5615843	102	31
-1.5617323	84	31
-1.561705	114	31
-1.5002427	124	31
-1.5617376	122	31
-1.5000498	145	31
-1.5003653	135	31
-1.4999854	143	31
-1.4999567	127	31
-1.5000673	144	31
-1.5005157	147	31
-1.5000489	125	31
-1.5002125	117	31
-1.4997732	137	31
-1.5613369	105	31
-1.5000956	117	31
-1.500241	149	31
-1.5614745	123	31
-1.5617008	117	31
-1.5000281	126	31
-1.5012104	153	31
-1.5000918	129	31
-1.5000694	139	31
-1.5001554	133	31
-1.5616862	87	31
-1.5616862	124	31
-1.5616738	134	31
-1.4994063	126	31
-1.5618601	49	31
-1.5616966	120	31
-1.5000727	114	31
-1.5616087	142	31
-1.5618743	139	31
-1.5619996	76	31
-1.5617421	116	31
-1.5002139	168	31
-1.5001947	119	31
-1.4999104	140	31
-1.5003334	135	31
-1.5000577	152	31
-1.5618866	127	31
-1.5618319	94	31
-1.5617687	78	31
-1.5612785	109	31
-1.4999916	146	31
-1.5001276	138	31
-1.5618249	104	31
-1.5003437	141	31
-1.4998326	137	31
-1.5002104	136	31
-1.5618286	82	31
-1.5616323	105	31
-1.5619217	104	31
-1.5002273	129	31
-1.5617412	124	31
-1.5003149	132	31
-1.5618002	120	31
-1.4999035	151	31
-1.4997596	142	31
-1.5621206	103	31
-1.5004293	147	31
-1.5000374	122	31
-1.5615102	113	31
-1.5001691	146	31
-1.5612697	86	31
-1.5002097	126	31
-1.4999438	126	31
-1.5617207	121	31
-1.5618538	95	31
-1.5616829	129	31
-1.4998459	158	31
-1.5000756	137	31
-1.5617238	119	31
-1.5616881	96	31
-1.5002218	117	31
-1.366607	104	31
-1.5614977	92	31
-1.5002494	140	31
-1.5619445	147	31
-1.5616628	98	31
-1.5602823	129	31
-1.5617977	136	31
-1.5612602	124	31
-1.5002473	116	31
-1.5614358	105	31
-1.5004089	131	31
-1.5615597	82	31
-1.5617292	102	31
-1.5002318	115	31
-1.5617039	102	31
-1.5618413	112	31
-1.5001647	148	31
-1.5002507	139	31
-1.5617055	119	31
-1.5001095	137	31
-1.5002913	137	31
-1.5614722	129	31
-1.4999042	129	31
-1.4998359	118	31
-1.5618841	74	31
-1.5617914	123	31
-1.5002721	114	31
-1.5618347	145	31
-1.561802	106	31
-1.499952	155	31
-1.5617425	125	31
-1.4999496	156	31
-1.5619294	112	31
-1.5612036	128	31
-1.5617901	80	31
-1.5002099	138	31
-1.5000797	150	31
-1.5001327	143	31
-1.499818	156	31
-1.500112	140	31
-1.5003575	128	31
-1.5002152	144	31
-1.5617906	112	31
-1.5615107	132	31
-1.5617708	139	31
-1.5616337	112	31
-1.5614732	107	31
-1.5001893	123	31
-1.5618162	121	31
-1.5618793	114	31
-1.5001671	135	31
-1.5001334	134	31
-1.5615947	83	31
-1.5619205	140	31
-1.5002563	125	31
-1.5001151	126	31
-1.5370492	108	31
-1.5619494	84	31
-1.5001238	141	31
-1.5617541	74	31
-1.4995348	168	31
-1.5001612	117	31
-1.5001517	127	31
-1.5613101	133	31
-1.4996304	136	31
-1.561707	131	31
-1.4998619	127	31
-1.5001432	117	31
-1.5618276	108	31
-1.5614879	122	31
-1.5616675	129	31
-1.5615866	153	31
-1.5001386	137	31
-1.561746	112	31
-1.5000447	125	31
-1.5003159	159	31
-1.5001035	155	31
-1.5618048	116	31
-1.5616674	126	31
-1.5004034	116	31
-1.5000657	125	31
-1.499755	186	31
-1.5003793	138	31
-1.5002524	151	31
-1.5000659	138	31
-1.5001598	145	31
-1.5000854	136	31
-1.4997075	113	31
-1.5615643	108	31
-1.5000418	120	31
-1.5612675	113	31
-1.5616617	72	31
-1.5617334	117	31
-1.5001429	109	31
-1.4999513	122	31
-1.5615994	120	31
-1.4999382	133	31
-1.5617085	91	31
-1.4998257	143	31
-1.4999529	124	31
-1.4999556	138	31
-1.5002543	134	31
-1.5000369	133	31
-1.5614329	101	31
-1.5001002	131	31
-1.5002773	143	31
-1.5616064	127	31
-1.5001651	144	31
-1.5613159	120	31
-1.5002949	125	31
-1.5617772	90	31
-1.5443601	103	31
-1.5001299	146	31
-1.5002051	133	31
-1.5613792	107	31
-1.5618183	94	31
-1.499912	131	31
-1.5000567	127	31
-1.5001341	157	31
-1.5001273	130	31
-1.5001122	139	31
-1.5000395	127	31
-1.5002849	128	31
-1.5001683	129	31
-1.5001284	171	31
-1.5615345	125	31
-1.499885	155	31
-1.5002247	151	31
-1.499946	118	31
-1.5616223	67	31
-1.5001686	144	31
-1.5617492	118	31
-1.5618605	92	31
-1.5618888	139	31
-1.5617728	103	31
-1.5617584	124	31
-1.5000387	122	31
-1.5617138	84	31
-1.5618774	124	31
-1.5000181	146	31
-1.5000043	127	31
-1.5616642	115	31
-1.5002351	124	31
-1.4998047	144	31
-1.5002331	134	31
-1.5616508	115	31
-1.5615529	80	31
-1.5002836	135	31
-1.5617724	101	31
-1.5001806	146	31
-1.5001652	131	31
-1.5614812	128	31
-1.5000639	152	31
-1.5616409	105	31
-1.5617817	96	31
-1.5617136	117	31
-1.5001225	110	31
-1.5615181	122	31
-1.5002355	115	31
-1.5002638	148	31
-1.5001023	124	31
-1.5002848	126	31
-1.5002106	141	31
-1.5001806	133	31
-1.5000783	132	31
-1.5001489	137	31
-1.5617314	72	31
-1.5618824	114	31
-1.5594629	120	31
-1.5000352	147	31
-1.5000537	140	31
-1.5000836	153	31
-1.5003435	122	31
-1.4998794	134	31
-1.5616014	121	31
-1.5616455	145	31
-1.5614231	137	31
-1.5002075	125	31
-1.5615949	131	31
-1.5616255	101	31
-1.4998029	147	31
-1.5578093	65	31
-1.500048	140	31
-1.5001459	170	31
-1.5614774	90	31
-1.5000137	139	31
-1.561793	110	31
-1.5616303	142	31
-1.5615951	135	31
-1.5617794	103	31
-1.499992	121	31
-1.5002811	127	31
-1.500408	118	31
-1.5002799	116	31
-1.5002973	127	31
-1.5001824	144	31
-1.4999655	127	31
-1.5617614	100	31
-1.5616658	112	31
-1.5618617	119	31
-1.5002647	156	31
-1.5000814	138	31
-1.5002131	139	31
-1.4998668	127	31
-1.5619102	97	31
-1.5611993	144	31
-1.5616976	130	31
-1.5619837	95	31
-1.5000091	149	31
-1.5616364	103	31
-1.4998937	131	31
-1.5615379	109	31
-1.5614815	121	31
-1.5002787	134	31
-1.4997178	141	31
-1.5616909	117	31
-1.5616745	123	31
-1.4999622	142	31
-1.5001432	143	31
-1.5614911	103	31
-1.4999956	146	31
-1.4996138	133	31
-1.5002662	146	31
-1.4997761	142	31
-1.5619103	100	31
-1.561886	122	31
-1.5620778	122	31
-1.5617922	122	31
-1.5617779	101	31
-1.5000071	116	31
-1.5005947	118	31
-1.5615497	100	31
-1.5003227	139	31
-1.5000363	125	31
-1.5615347	122	31
-1.5618925	124	31
-1.5002186	155	31
-1.5003051	174	31
-1.5003445	125	31
-1.5001375	107	31
-1.500174	119	31
-1.5618332	111	31
-1.5001803	116	31
-1.561565	102	31
-1.5000272	141	31
-1.561242	137	31
-1.5615305	129	31
-1.4999733	137	31
-1.5618517	134	31
-1.5001552	133	31
-1.5616948	134	31
-1.5614558	113	31
-1.4999697	128	31
-1.5003266	148	31
-1.5616688	104	31
-1.5616106	126	31
-1.4999445	133	31
-1.5617831	110	31
-1.500094	128	31
-1.5617917	139	31
-1.5616143	123	31
-1.56154	102	31
-1.5002228	127	31
-1.4999217	127	31
-1.561914	93	31
-1.5000387	141	31
-1.5000967	123	31
-1.5001142	168	31
-1.5617845	109	31
-1.5002169	141	31
-1.5619537	92	31
-1.5000523	104	31
-1.5000195	132	31
-1.5000719	136	31
-1.4997551	182	31
-1.5618805	120	31
-1.5617296	139	31
-1.561776	121	31
-1.4999004	138	31
-1.4997445	168	31
-1.5001026	156	31
-1.5615554	131	31
-1.5613743	127	31
-1.499908	149	31
-1.5002031	153	31
-1.5001227	135	31
-1.5617984	93	31
-1.5001481	128	31
-1.4999944	127	31
-1.5001295	128	31
-1.5001531	123	31
-1.5616273	60	31
-1.5000269	132	31
-1.5612903	163	31
-1.5615966	66	31
-1.5617921	142	31
-1.5619021	124	31
-1.5616058	73	31
-1.5001103	143	31
-1.5003068	116	31
-1.5614957	89	31
-1.5002134	138	31
-1.4998774	160	31
-1.5003676	132	31
-1.5002564	130	31
-1.5616225	116	31
-1.5614614	106	31
-1.499962	129	31
-1.5003105	135	31
-1.4999519	131	31
-1.5617455	120	31
-1.4998759	136	31
-1.561872	112	31
-1.5617368	135	31
-1.5002155	127	31
-1.5617107	90	31
-1.5619467	100	31
-1.5002931	159	31
-1.5616564	128	31
-1.4999945	134	31
-1.5003261	135	31
-1.4998715	145	31
-1.5001311	138	31
-1.5000042	139	31
-1.5617861	84	31
-1.4999365	138	31
-1.5001348	145	31
-1.5002376	140	31
-1.5002458	118	31
-1.5000197	113	31
-1.5616684	88	31
-1.5500925	56	31
-1.5000996	135	31
-1.5617557	116	31
-1.5002633	128	31
-1.561275	94	31
-1.5617346	118	31
-1.5002193	116	31
-1.4999089	139	31
-1.56184	110	31
-1.5614825	128	31
-1.4999978	157	31
-1.5001056	158	31
-1.561138	102	31
-1.5617643	125	31
-1.500285	159	31
-1.5613808	131	31
-1.4998978	147	31
-1.5619236	118	31
-1.5000574	152	31
-1.4999311	124	31
-1.4998637	139	31
-1.500073	128	31
-1.5618287	92	31
-1.4997177	139	31
-1.5616761	91	31
-1.5615504	111	31
-1.5002383	150	31
-1.499726	141	31
-1.500227	136	31
-1.5003681	131	31
-1.5621178	108	31
-1.5616287	114	31
-1.500218	117	31
-1.5616038	121	31
-1.5612713	116	31
-1.5616032	118	31
-1.5003133	118	31
-1.500138	125	31
-1.5618331	79	31
-1.5617195	103	31
-1.5000498	130	31
-1.5612942	131	31
-1.5618368	98	31
-1.5614566	141	31
-1.4996937	144	31
-1.5001078	112	31
-1.5616019	136	31
-1.5617319	120	31
-1.4999709	131	31
-1.500096	142	31
-1.5619298	126	31
-1.499931	156	31
-1.5617346	117	31
-1.5002162	133	31
-1.5002015	115	31
-1.5000969	152	31
-1.5612595	110	31
-1.561895	140	31
-1.5618848	80	31
-1.5002136	134	31
-1.5617649	115	31
-1.5001667	128	31
-1.5001214	121	31
-1.50023	142	31
-1.5618203	145	31
-1.4998766	154	31
-1.5614186	118	31
-1.5614809	83	31
-1.5617814	113	31
-1.5000915	138	31
-1.5000995	120	31
-1.5616209	120	31
-1.5618228	131	31
-1.5003526	101	31
-1.5001054	158	31
-1.5000461	133	31
-1.499988	149	31
-1.5618097	73	31
-1.4998813	154	31
-1.5002663	133	31
-1.56167	91	31
-1.5002996	115	31
-1.5002091	105	31
-1.5615026	119	31
-1.5616666	125	31
-1.5617732	121	31
-1.5002141	138	31
-1.5617087	118	31
-1.4998742	148	31
-1.4996804	144	31
-1.561872	102	31
-1.5003035	162	31
-1.5617246	78	31
-1.5616686	102	31
-1.5618604	116	31
-1.5001744	141	31
-1.561616	137	31
-1.5001107	141	31
-1.5617168	73	31
-1.5617732	93	31
-1.5001422	140	31
-1.5618021	91	31
-1.5617392	101	31
-1.4997939	112	31
-1.5617889	118	31
-1.5617281	90	31
-1.4998785	137	31
-1.5616871	136	31
-1.5000817	134	31
-1.5000628	110	31
-1.4998104	110	31
-1.500223	122	31
-1.5615737	109	31
-1.5001942	147	31
-1.561705	130	31
-1.5613996	128	31
-1.561285	142	31
-1.4999488	148	31
-1.5617006	125	31
-1.5617059	59	31
-1.5617091	120	31
-1.5030829	88	31
-1.5003653	133	31
-1.5618155	104	31
-1.5001877	116	31
-1.5617997	108	31
-1.5619457	99	31
-1.5618701	103	31
-1.5005219	156	31
-1.5617546	99	31
-1.5614695	139	31
-1.561632	137	31
-1.4999772	126	31
-1.561856	116	31
-1.5619187	137	31
-1.5617077	103	31
-1.5619559	105	31
-1.5000629	130	31
-1.5000665	122	31
-1.5002447	136	31
-1.5617583	121	31
-1.5001624	141	31
-1.499686	131	31
-1.5002909	138	31
-1.5001838	169	31
-1.500006	162	31
-1.500209	126	31
-1.561802	105	31
-1.5000189	140	31
-1.5000452	123	31
-1.4999844	129	31
-1.5614198	80	31
-1.5618438	93	31
-1.5616957	134	31
-1.5611983	142	31
-1.5003487	144	31
-1.5002725	116	31
-1.4999891	159	31
-1.5613751	150	31
-1.5618884	107	31
-1.5616224	92	31
-1.5619593	89	31
-1.5617371	108	31
-1.4999658	165	31
-1.5613771	151	31
-1.500244	121	31
-1.5615494	134	31
-1.500243	110	31
-1.5617465	114	31
-1.5003341	146	31
-1.5615435	137	31
-1.5615748	112	31
-1.5615262	137	31
-1.5618824	92	31
-1.5001924	148	31
-1.499941	143	31
-1.5615652	107	31
-1.5615218	135	31
-1.5000542	140	31
-1.5001037	119	31
-1.4999377	127	31
-1.5618162	124	31
-1.500197	102	31
-1.5616007	100	31
-1.500394	139	31
-1.5616576	103	31
-1.4998558	155	31
-1.5618142	92	31
-1.5000123	152	31
-1.5616183	106	31
-1.5001692	133	31
-1.5002271	121	31
-1.5615011	137	31
-1.5002577	142	31
-1.5002737	143	31
-1.5003303	120	31
-1.5615809	130	31
-1.5619225	114	31
-1.5614521	107	31
-1.5616339	129	31
-1.5001472	154	31
-1.5614208	114	31
-1.4997985	122	31
-1.5616283	130	31
-1.5000297	153	31
-1.500113	145	31
-1.5003762	129	31
-1.5000944	127	31
-1.5618842	138	31
-1.5616183	101	31
-1.5003545	141	31
-1.4997573	157	31
-1.5616648	124	31
-1.5001039	142	31
-1.5001608	126	31
-1.5615744	100	31
-1.5614347	133	31
-1.5615588	81	31
-1.5618918	111	31
-1.5002362	149	31
-1.5000806	130	31
-1.5617306	117	31
-1.5617148	116	31
-1.4997033	154	31
-1.561606	123	31
-1.5002587	147	31
-1.5002113	136	31
-1.4998599	114	31
-1.4999379	140	31
-1.5619572	135	31
-1.5613647	121	31
-1.5613963	85	31
-1.5001808	145	31
-1.5615638	115	31
-1.5000936	130	31
-1.5611372	140	31
-1.5000473	128	31
-1.5002072	123	31
-1.5612669	151	31
-1.500294	155	31
-1.5616717	89	31
-1.5616882	111	31
-1.5002977	128	31
-1.4999841	132	31
-1.5001297	123	31
-1.5001128	124	31
-1.5000319	147	31
-1.5000629	158	31
-1.5617088	111	31
-1.5618648	125	31
-1.5002399	112	31
-1.4999683	145	31
-1.5001443	132	31
-1.5001739	130	31
-1.5614678	138	31
-1.5003142	131	31
-1.5002434	107	31
-1.5615579	101	31
-1.4999997	130	31
-1.5002137	132	31
-1.5000689	134	31
-1.5615572	80	31
-1.5617293	105	31
-1.5620463	111	31
-1.5613193	113	31
-1.5002705	139	31
-1.4997597	165	31
-1.4998422	126	31
-1.5613591	81	31
-1.5608766	105	31
-1.5616882	113	31
-1.5001058	151	31
-1.5618548	95	31
-1.5000403	139	31
-1.50011	127	31
-1.5001566	138	31
-1.5616585	109	31
-1.561497	136	31
-1.5616312	96	31
-1.5001757	119	31
-1.4998604	147	31
-1.5613814	105	31
-1.4998355	148	31
-1.5617915	106	31
-1.5613032	110	31
-1.5001432	148	31
-1.5617318	137	31
-1.5617094	124	31
-1.50013	119	31
-1.5610629	107	31
-1.5614788	128	31
-1.5618227	103	31
-1.5000315	169	31
-1.5617655	122	31
-1.4999514	143	31
-1.5616696	110	31
-1.5590581	110	31
-1.5003333	129	31
-1.5616354	132	31
-1.5618485	105	31
-1.5615899	78	31
-1.5002401	124	31
-1.5001669	129	31
-1.5616768	94	31
-1.5616962	109	31
-1.4997967	132	31
-1.5000789	130	31
-1.5001509	130	31
-1.50005	116	31
-1.5611347	117	31
-1.5615991	93	31
-1.5002055	129	31
-1.5002785	132	31
-1.5001559	123	31
-1.5617937	113	31
-1.5615518	149	31
-1.5001097	132	31
-1.4998024	150	31
-1.5616581	83	31
-1.5618255	139	31
-1.5615125	86	31
-1.5001914	118	31
-1.5000195	156	31
-1.5616106	109	31
-1.5000836	125	31
-1.5000798	101	31
-1.5614826	108	31
-1.56182	117	31
-1.5002598	127	31
-1.5618001	108	31
-1.499952	119	31
-1.56169	98	31
-1.5002251	140	31
-1.5000299	117	31
-1.5001168	125	31
-1.5617085	112	31
-1.5616292	128	31
-1.5615954	115	31
-1.5003459	139	31
-1.5002204	123	31
-1.5615047	97	31
-1.5615587	98	31
-1.5614731	124	31
-1.5618917	104	31
-1.5616888	96	31
-1.5000676	188	31
-1.4998531	154	31
-1.5001723	120	31
-1.5617619	149	31
-1.5001997	154	31
-1.500178	160	31
-1.5001897	143	31
-1.5001755	121	31
-1.5001744	142	31
-1.5615513	120	31
-1.5617863	83	31
-1.5619496	93	31
-1.5618981	108	31
-1.5619838	105	31
-1.5003627	145	31
-1.5001071	155	31
-1.5002277	118	31
-1.5614293	101	31
-1.5615394	110	31
-1.5000353	121	31
-1.5618929	113	31
-1.5002366	135	31
-1.5614498	124	31
-1.5001149	124	31
-1.5616925	89	31
-1.5001618	132	31
-1.5002297	144	31
-1.5615254	104	31
-1.4997378	141	31
-1.5615864	114	31
-1.4999432	129	31
-1.5613879	111	31
-1.5619427	120	31
-1.5001543	125	31
-1.5617318	130	31
-1.5000376	140	31
-1.5001949	142	31
-1.5616756	124	31
-1.5616051	120	31
-1.5000861	145	31
-1.4999933	156	31
-1.5611362	126	31
-1.5618433	118	31
-1.561678	124	31
-1.5002655	139	31
-1.5002019	135	31
-1.5002486	138	31
-1.5001665	123	31
-1.4999495	144	31
-1.5000842	109	31
-1.5001563	144	31
-1.500201	131	31
-1.5617342	152	31
-1.5614806	116	31
-1.5000037	142	31
-1.5617895	120	31
-1.5001516	139	31
-1.5615467	105	31
-1.5000292	140	31
-1.5003403	119	31
-1.5617773	103	31
-1.5616116	138	31
-1.5615618	86	31
-1.5613191	108	31
-1.5002018	137	31
-1.4998294	143	31
-1.499773	131	31
-1.5002641	109	31
-1.5615555	104	31
-1.5001417	143	31
-1.5001033	116	31
-1.5001908	141	31
-1.5003664	147	31
-1.5003235	120	31
-1.5002721	142	31
-1.4998265	128	31
-1.5615732	85	31
-1.561377	99	31
-1.561929	82	31
-1.4997314	132	31
-1.5002898	114	31
-1.5618694	105	31
-1.500159	152	31
-1.4996295	143	31
-1.5617998	132	31
-1.5002386	129	31
-1.5004481	132	31
-1.5001393	139	31
-1.5000221	142	31
-1.5002181	127	31
-1.500156	130	31
-1.5002638	158	31
-1.5002453	130	31
-1.5002395	133	31
-1.5000906	131	31
-1.5616304	128	31
-1.4998549	145	31
-1.5618971	94	31
-1.499964	126	31
-1.5618778	137	31
-1.5616917	117	31
-1.5002818	143	31
-1.4998807	126	31
-1.4997277	148	31
-1.4999159	167	31
-1.5614409	154	31
-1.5618206	124	31
-1.5002642	135	31
-1.5615436	115	31
-1.4999985	139	31
-1.5616611	94	31
-1.5619652	174	31
-1.5618745	110	31
-1.5616564	112	31
-1.4998693	139	31
-1.4997739	144	31
-1.5001183	115	31
-1.5001571	133	31
-1.5617275	100	31
-1.5002633	118	31
-1.5000716	127	31
-1.5001959	146	31
-1.5004827	145	31
-1.5001051	136	31
-1.5615215	109	31
-1.500011	127	31
-1.4998509	121	31
-1.4998764	145	31
-1.5613169	120	31
-1.5001345	138	31
-1.5617558	102	31
-1.5002038	125	31
-1.5000788	137	31
-1.5002615	138	31
-1.4999378	116	31
-1.5611254	141	31
-1.5003089	132	31
-1.5616077	130	31
-1.5002893	132	31
-1.5002788	149	31
-1.5618271	125	31
-1.4998831	155	31
-1.500116	131	31
-1.5001038	149	31
-1.5607679	120	31
-1.5000994	144	31
-1.5617872	106	31
-1.5615321	106	31
-1.5614124	121	31
-1.5612048	128	31
-1.5002306	126	31
-1.5617427	131	31
-1.561656	113	31
-1.4999567	131	31
-1.5001923	133	31
-1.500041	143	31
-1.5620335	108	31
-1.5003034	161	31
-1.5001473	127	31
-1.5001946	142	31
-1.5617278	100	31
-1.5617324	102	31
-1.5000041	139	31
-1.5613833	75	31
-1.5000013	119	31
-1.5001854	129	31
-1.4999782	134	31
-1.500059	172	31
-1.5618526	98	31
-1.5001042	135	31
-1.5613575	111	31
-1.5615472	110	31
-1.5617677	119	31
-1.5001331	153	31
-1.5001919	119	31
-1.5002012	128	31
-1.5614238	118	31
-1.5618134	94	31
-1.5616585	132	31
-1.5002167	137	31
-1.4997738	147	31
-1.561457	116	31
-1.5002589	143	31
-1.5000959	133	31
-1.500285	114	31
-1.5617414	124	31
-1.5616664	128	31
-1.5617543	140	31
-1.5000631	137	31
-1.5080052	108	31
-1.5002273	121	31
-1.5618506	102	31
-1.5613283	118	31
-1.5003215	139	31
-1.5616676	108	31
-1.5000626	141	31
-1.5618581	133	31
-1.5003752	110	31
-1.4997256	132	31
-1.5003682	121	31
-1.5618894	132	31
-1.5614191	103	31
-1.5003264	149	31
-1.5002066	150	31
-1.5000947	109	31
-1.5618504	124	31
-1.5617669	78	31
-1.5001899	131	31
-1.5001937	131	31
-1.5619329	115	31
-1.5000585	140	31
-1.4998153	144	31
-1.5616182	102	31
-1.500122	148	31
-1.5001563	158	31
-1.5619492	128	31
-1.5000688	133	31
-1.5617107	93	31
-1.5002273	143	31
-1.4999645	133	31
-1.5619255	97	31
-1.5001546	133	31
-1.5615031	104	31
-1.4998414	139	31
-1.5618045	106	31
-1.5001394	133	31
-1.5617583	121	31
-1.5614909	107	31
-1.5618157	112	31
-1.4999343	133	31
-1.5003831	110	31
-1.500065	147	31
-1.5619722	112	31
-1.5003689	130	31
-1.5616392	99	31
-1.5616095	119	31
-1.5616929	119	31
-1.5615204	115	31
-1.499659	140	31
-1.5618578	100	31
-1.4997396	113	31
-1.4998733	156	31
-1.5618438	137	31
-1.5001851	121	31
-1.5614927	107	31
-1.5614993	129	31
-1.4998979	161	31
-1.4997924	128	31
-1.5000868	147	31
-1.5616256	97	31
-1.5001023	126	31
-1.56154	97	31
-1.5002899	104	31
-1.5613064	104	31
-1.4999339	130	31
-1.5617018	117	31
-1.5613123	111	31
-1.5001349	138	31
-1.5618816	96	31
-1.5615845	135	31
-1.4998994	140	31
-1.5001358	117	31
-1.5616055	112	31
-1.5000845	138	31
-1.5001625	143	31
-1.5614718	129	31
-1.5618503	111	31
-1.499991	160	31
-1.5001778	157	31
-1.500227	135	31
-1.561001	123	31
-1.5617216	93	31
-1.4999481	137	31
-1.5615103	119	31
-1.500195	134	31
-1.5617903	55	31
-1.4999759	144	31
-1.5618432	107	31
-1.5613638	106	31
-1.4996737	130	31
-1.4998686	146	31
-1.5618136	106	31
-1.5616604	134	31
-1.5002049	114	31
-1.5002597	162	31
-1.5617925	107	31
-1.5002337	124	31
-1.5581961	70	31
-1.5001373	133	31
-1.5617438	90	31
-1.5615227	133	31
-1.5614695	137	31
-1.5618747	60	31
-1.5619525	155	31
-1.5616818	131	31
-1.5002098	136	31
-1.5614126	125	31
-1.5616454	106	31
-1.5002077	129	31
-1.5614228	134	31
-1.4997585	139	31
-1.5000799	146	31
-1.5614782	114	31
-1.5002083	121	31
-1.5002367	143	31
-1.5619282	98	31
-1.4998772	168	31
-1.5003391	143	31
-1.5001384	125	31
-1.5619482	107	31
-1.561559	135	31
-1.5616307	101	31
-1.5001048	145	31
-1.5002197	137	31
-1.5400919	108	31
-1.50025	116	31
-1.5620962	60	31
-1.500292	152	31
-1.5002321	142	31
-1.5616891	133	31
-1.5004772	152	31
-1.4998476	151	31
-1.5002457	131	31
-1.5610517	140	31
-1.5002693	143	31
-1.5617183	125	31
-1.5000307	122	31
-1.5618825	102	31
-1.5617233	110	31
-1.5617701	118	31
-1.5001718	184	31
-1.5000548	118	31
-1.500197	129	31
-1.5002067	129	31
-1.5617165	120	31
-1.561572	143	31
-1.5000882	139	31
-1.500449	126	31
-1.5002645	110	31
-1.5000727	121	31
-1.5001192	110	31
-1.5618398	119	31
-1.4994037	88	31
-1.5615878	110	31
-1.5612774	120	31
-1.5622286	98	31
-1.5000192	155	31
-1.4999326	167	31
-1.4999953	150	31
-1.5002418	146	31
-1.4999766	144	31
-1.5615334	130	31
-1.5001992	134	31
-1.5618308	117	31
-1.4998546	154	31
-1.5001445	157	31
-1.4999702	146	31
-1.4999602	145	31
-1.5617052	112	31
-1.561323	117	31
-1.5001321	130	31
-1.5003015	137	31
-1.5000493	143	31
-1.5617894	94	31
-1.5617779	96	31
-1.5000655	125	31
-1.5002833	118	31
-1.5000978	128	31
-1.5002193	135	31
-1.5002739	131	31
-1.5617224	109	31
-1.56147	103	31
-1.4999056	135	31
-1.5001054	128	31
-1.5618758	82	31
-1.5617007	130	31
-1.5618245	85	31
-1.5614099	88	31
-1.5617442	112	31
-1.5616611	86	31
-1.5610359	124	31
-1.5000888	135	31
-1.5614819	77	31
-1.5618197	107	31
-1.4998863	131	31
-1.5000207	151	31
-1.5000926	119	31
-1.5578182	125	31
-1.5621026	99	31
-1.4999094	147	31
-1.5000616	131	31
-1.5618636	111	31
-1.5000828	154	31
-1.5002682	129	31
-1.5001989	150	31
-1.5010315	124	31
-1.5616807	145	31
-1.4998397	141	31
-1.5001936	116	31
-1.5000733	157	31
-1.5001686	135	31
-1.5000681	130	31
-1.4999398	124	31
-1.5617936	102	31
-1.4998845	156	31
-1.5001639	134	31
-1.5616785	126	31
-1.5616524	107	31
-1.5002443	140	31
-1.561742	130	31
-1.5616322	114	31
-1.5615937	140	31
-1.561695	58	31
-1.4997461	122	31
-1.5002922	145	31
-1.5004318	159	31
-1.5615094	131	31
-1.5616753	77	31
-1.500045	156	31
-1.5618453	131	31
-1.5616124	114	31
-1.4999201	104	31
-1.500281	148	31
-1.5001732	111	31
-1.5002324	138	31
-1.5621034	123	31
-1.5609752	91	31
-1.5612767	151	31
-1.5000162	145	31
-1.5001317	129	31
-1.5003508	142	31
-1.5002007	140	31
-1.5003777	152	31
-1.5002015	150	31
-1.5000077	127	31
-1.5616881	124	31
-1.5616855	150	31
-1.5617881	135	31
-1.5001716	131	31
-1.5001565	144	31
-1.5618471	125	31
-1.5001771	136	31
-1.5618898	83	31
-1.5616277	93	31
-1.561519	94	31
-1.5002643	121	31
-1.500351	119	31
-1.5617018	137	31
-1.5618929	115	31
-1.5618308	101	31
-1.5615921	127	31
-1.5001868	133	31
-1.5618929	123	31
-1.5616569	122	31
-1.5615807	99	31
-1.5617054	141	31
-1.5616867	90	31
-1.5618741	83	31
-1.5001172	106	31
-1.4999184	137	31
-1.5612508	130	31
-1.5000951	119	31
-1.5615752	102	31
-1.4999673	142	31
-1.500315	129	31
-1.5615683	104	31
-1.4999226	149	31
-1.5617847	113	31
-1.5615254	107	31
-1.5616733	109	31
-1.5615409	123	31
-1.5615276	121	31
-1.5000957	120	31
-1.5000985	150	31
-1.4999467	148	31
-1.5616803	130	31
-1.5618049	121	31
-1.4998556	160	31
-1.499751	155	31
-1.5002247	122	31
-1.5213341	77	31
-1.5001528	140	31
-1.5002546	148	31
-1.5002374	136	31
-1.5001372	129	31
-1.5002516	134	31
-1.500167	104	31
-1.5617004	120	31
-1.5618905	121	31
-1.5617011	127	31
-1.5004015	137	31
-1.5618282	87	31
-1.4999973	142	31
-1.5609247	141	31
-1.5618997	130	31
-1.5000507	133	31
-1.4998032	160	31
-1.5617437	82	31
-1.5000116	131	31
-1.5001067	144	31
-1.5001077	158	31
-1.5617467	129	31
-1.5616773	113	31
-1.5616882	107	31
-1.5000055	121	31
-1.5003342	129	31
-1.5587665	117	31
-1.5616693	84	31
-1.5000558	114	31
-1.5002314	121	31
-1.5004245	129	31
-1.560492	61	31
-1.499921	121	31
-1.5619367	75	31
-1.5002755	135	31
-1.4999815	150	31
-1.4999661	157	31
-1.4999041	102	31
-1.5000416	148	31
-1.5000043	134	31
-1.5001434	122	31
-1.5000252	142	31
-1.5000058	128	31
-1.5599566	130	31
-1.500165	128	31
-1.5613995	115	31
-1.5615097	112	31
-1.4998239	167	31
-1.5614938	102	31
-1.5615796	87	31
-1.5000231	126	31
-1.561267	149	31
-1.5000971	148	31
-1.5614018	134	31
-1.4997463	160	31
-1.4999113	172	31
-1.5002891	133	31
-1.5002016	129	31
-1.5618329	98	31
-1.5000331	141	31
-1.5002409	144	31
-1.5615005	103	31
-1.5002023	132	31
-1.5616323	104	31
-1.5615153	72	31
-1.5618957	107	31
-1.5615016	120	31
-1.5003228	145	31
-1.5615832	110	31
-1.5615862	112	31
-1.5002137	141	31
-1.5000066	142	31
-1.4998528	119	31
-1.4998976	111	31
-1.5001261	145	31
-1.5000626	123	31
-1.500069	115	31
-1.5616441	103	31
-1.5003429	119	31
-1.5000731	118	31
-1.4999999	170	31
-1.5621075	95	31
-1.500388	123	31
-1.5001485	118	31
-1.5616963	137	31
-1.500317	128	31
-1.5000706	128	31
-1.5618413	64	31
-1.500163	111	31
-1.5606568	142	31
-1.5002904	128	31
-1.5613432	113	31
-1.5617195	99	31
-1.4998351	131	31
-1.5020224	133	31
-1.5618092	109	31
-1.5617174	134	31
-1.5000869	117	31
-1.5614987	119	31
-1.5613093	113	31
-1.5003742	124	31
-1.5000214	136	31
-1.4998367	133	31
-1.5001298	158	31
-1.5002092	122	31
-1.5000265	143	31
-1.4998405	128	31
-1.5619218	103	31
-1.4998239	155	31
-1.5001772	127	31
-1.5000212	133	31
-1.4999179	128	31
-1.4998072	121	31
-1.5000705	149	31
-1.5613418	105	31
-1.49935	167	31
-1.5001774	132	31
-1.5618579	110	31
-1.5005348	137	31
-1.5619163	115	31
-1.499637	132	31
-1.5615357	88	31
-1.5617655	119	31
-1.5619406	109	31
-1.5000739	122	31
-1.561986	101	31
-1.5004271	155	31
-1.5617203	101	31
-1.5615673	128	31
-1.5618949	109	31
-1.5615284	120	31
-1.5000845	133	31
-1.5618188	152	31
-1.5617535	135	31
-1.5001242	129	31
-1.5003586	145	31
-1.5000515	137	31
-1.5001022	107	31
-1.5003165	132	31
-1.5618672	117	31
-1.5619693	114	31
-1.5620583	81	31
-1.5000412	128	31
-1.5616191	118	31
-1.5003743	124	31
-1.5001578	149	31
-1.4999798	144	31
-1.499823	129	31
-1.5000905	132	31
-1.5613287	102	31
-1.5000696	143	31
-1.5615893	97	31
-1.5617243	99	31
-1.4997332	146	31
-1.5611362	116	31
-1.5004625	138	31
-1.5618264	84	31
-1.5614479	162	31
-1.5617264	100	31
-1.4999634	159	31
-1.4996381	129	31
-1.5000387	139	31
-1.5615213	143	31
-1.5002791	147	31
-1.5619502	81	31
-1.5002843	117	31
-1.5001516	131	31
-1.500063	134	31
-1.5616276	108	31
-1.5614166	107	31
-1.5001378	150	31
-1.5615256	98	31
-1.5002419	158	31
-1.5618344	102	31
-1.5000961	140	31
-1.5001331	120	31
-1.5001363	134	31
-1.5000022	111	31
-1.5615771	104	31
-1.561603	138	31
-1.5003429	114	31
-1.5002222	113	31
-1.5615601	116	31
-1.500285	126	31
-1.5616205	110	31
-1.5000652	147	31
-1.500138	146	31
-1.561345	128	31
-1.4999559	141	31
-1.4999458	141	31
-1.499953	121	31
-1.5001652	111	31
-1.5618547	130	31
-1.5001377	129	31
-1.561531	116	31
-1.5000732	132	31
-1.5000694	144	31
-1.5616908	107	31
-1.5615622	101	31
-1.5616053	101	31
-1.4999931	143	31
-1.561787	98	31
-1.5617455	128	31
-1.5001114	123	31
-1.4999452	120	31
-1.5000043	156	31
-1.561957	86	31
-1.5617601	111	31
-1.5613765	128	31
-1.5614062	84	31
-1.5001126	162	31
-1.5617366	110	31
-1.5001299	158	31
-1.5607126	120	31
-1.499962	127	31
-1.5004407	133	31
-1.5614549	101	31
-1.5620426	60	31
-1.4998987	120	31
-1.5610926	120	31
-1.5611688	150	31
-1.4999619	164	31
-1.5615193	126	31
-1.5617649	113	31
-1.4997786	119	31
-1.500247	144	31
-1.5618199	103	31
-1.5000757	128	31
-1.4999499	160	31
-1.5616784	148	31
-1.500138	157	31
-1.5619235	125	31
-1.5616889	93	31
-1.4997843	152	31
-1.5001193	132	31
-1.5615034	107	31
-1.5001634	131	31
-1.500066	111	31
-1.5614928	125	31
-1.5001918	131	31
-1.5618029	110	31
-1.5614017	137	31
-1.500004	113	31
-1.561762	105	31
-1.5618966	130	31
-1.5617599	113	31
-1.5611187	139	31
-1.5615981	120	31
-1.5000602	156	31
-1.5617022	119	31
-1.5002501	150	31
-1.5002101	142	31
-1.4999319	132	31
-1.4995448	146	31
-1.5001157	147	31
-1.5619632	120	31
-1.5001606	123	31
-1.5003656	126	31
-1.5001343	121	31
-1.561386	123	31
-1.5619449	102	31
-1.5001453	119	31
-1.5616854	120	31
-1.4999543	160	31
-1.5619065	126	31
-1.5613995	83	31
-1.5617432	123	31
-1.5001275	134	31
-1.5609414	121	31
-1.5002446	170	31
-1.5000512	124	31
-1.5619059	85	31
-1.5616759	81	31
-1.500159	125	31
-1.5618221	105	31
-1.5614655	120	31
-1.5001294	140	31
-1.5620769	88	31
-1.500178	157	31
-1.5619837	113	31
-1.4998995	138	31
-1.5616398	137	31
-1.5000762	129	31
-1.5003295	119	31
-1.5618851	114	31
-1.5002956	141	31
-1.5001046	144	31
-1.5615935	105	31
-1.5002665	118	31
-1.5615839	132	31
-1.5002955	136	31
-1.5620215	131	31
-1.5617981	129	31
-1.5614054	117	31
-1.5000663	154	31
-1.5618312	124	31
-1.4998633	120	31
-1.5001145	108	31
-1.5617568	90	31
-1.5619332	104	31
-1.5000247	131	31
-1.5000377	129	31
-1.5002131	126	31
-1.4999488	130	31
-1.5000878	124	31
-1.5002454	148	31
-1.5001286	164	31
-1.5001002	110	31
-1.5002181	142	31
-1.5614477	119	31
-1.4998789	121	31
-1.4998923	152	31
-1.5616248	118	31
-1.5613249	115	31
-1.5616192	129	31
-1.5569676	106	31
-1.5003844	125	31
-1.5617914	70	31
-1.5002051	128	31
-1.5614425	63	31
-1.5615532	103	31
-1.5618253	56	31
-1.5002902	125	31
-1.5000405	119	31
-1.5002267	149	31
-1.5006389	142	31
-1.5613132	85	31
-1.5617446	86	31
-1.5616028	137	31
-1.5002646	112	31
-1.5618872	109	31
-1.5616366	89	31
-1.5616324	111	31
-1.4999507	161	31
-1.5616113	99	31
-1.5001197	132	31
-1.5610032	55	31
-1.5618697	94	31
-1.5001803	136	31
-1.5004193	119	31
-1.5000103	131	31
-1.5003454	123	31
-1.4999602	137	31
-1.5001768	149	31
-1.4999278	118	31
-1.5613658	129	31
-1.5617754	118	31
-1.4998752	120	31
-1.5614798	107	31
-1.5616883	93	31
-1.5618739	133	31
-1.5001279	142	31
-1.5617669	111	31
-1.5002523	140	31
-1.5001178	147	31
-1.5618734	111	31
-1.5614698	125	31
-1.5001845	144	31
-1.5000071	140	31
-1.4998896	157	31
-1.5000516	157	31
-1.4999472	148	31
-1.5614953	92	31
-1.5001801	128	31
-1.5615485	110	31
-1.5616478	100	31
-1.5001142	124	31
-1.5000972	121	31
-1.4998571	133	31
-1.5001983	159	31
-1.5616345	115	31
-1.5619538	120	31
-1.5000602	158	31
-1.500093	126	31
-1.5615689	128	31
-1.5002054	117	31
-1.5617326	122	31
-1.5000163	126	31
-1.5001757	159	31
-1.4998544	133	31
-1.561641	123	31
-1.5004728	82	31
-1.5618333	100	31
-1.5001533	141	31
-1.5614812	153	31
-1.5616925	118	31
-1.5617188	100	31
-1.5614179	122	31
-1.5085735	90	31
-1.5620215	112	31
-1.5616434	132	31
-1.5001453	150	31
-1.5001036	133	31
-1.5616621	101	31
-1.561267	152	31
-1.5616019	103	31
-1.4998612	143	31
-1.5618612	113	31
-1.5618033	88	31
-1.5619582	107	31
-1.5613488	126	31
-1.5614576	104	31
-1.500139	128	31
-1.4999238	129	31
-1.5615628	100	31
-1.5615678	116	31
-1.5619294	118	31
-1.5616358	100	31
-1.5613969	138	31
-1.5614653	144	31
-1.5616918	83	31
-1.5001297	147	31
-1.561748	104	31
-1.5000571	119	31
-1.5003953	109	31
-1.5001072	129	31
-1.5000068	133	31
-1.5002113	140	31
-1.5001176	142	31
-1.5617836	151	31
-1.5616783	111	31
-1.5619062	82	31
-1.5616338	112	31
-1.5618908	112	31
-1.5591656	102	31
-1.499966	134	31
-1.5617983	169	31
-1.5617995	94	31
-1.5617826	101	31
-1.5617721	84	31
-1.5000416	157	31
-1.5002839	164	31
-1.5000783	128	31
-1.5002326	146	31
-1.5615194	146	31
-1.5000528	126	31
-1.4999989	160	31
-1.5617483	105	31
-1.4999314	160	31
-1.49982	123	31
-1.4997546	135	31
-1.500089	127	31
-1.4999234	128	31
-1.5616694	109	31
-1.5002377	145	31
-1.5620226	128	31
-1.5003257	152	31
-1.5001648	126	31
-1.5001137	129	31
-1.4998518	126	31
-1.5620726	126	31
-1.5619441	83	31
-1.5000114	127	31
-1.5002837	109	31
-1.5002558	135	31
-1.561762	100	31
-1.5001299	146	31
-1.561901	111	31
-1.561661	129	31
-1.5621446	114	31
-1.5000479	133	31
-1.5613724	133	31
-1.5612184	99	31
-1.5000469	153	31
-1.4998504	140	31
-1.5002292	135	31
-1.5613161	134	31
-1.5613686	112	31
-1.5099616	86	31
-1.5001286	142	31
-1.5614345	127	31
-1.5001373	126	31
-1.5618282	116	31
-1.5002403	110	31
-1.4999541	135	31
-1.5617188	118	31
-1.5002013	134	31
-1.5618038	79	31
-1.5001788	148	31
-1.5618291	111	31
-1.4998363	154	31
-1.5614573	144	31
-1.5616663	99	31
-1.5618842	117	31
-1.4999354	132	31
-1.5000288	143	31
-1.5004264	116	31
-1.4999995	131	31
-1.5615231	95	31
-1.4999474	134	31
-1.4999632	133	31
-1.5000267	149	31
-1.5000226	151	31
-1.5617061	99	31
-1.5612439	129	31
-1.5618912	129	31
-1.5615019	147	31
-1.5616538	111	31
-1.5000871	134	31
-1.5003162	122	31
-1.5616911	120	31
-1.5001849	142	31
-1.5000516	162	31
-1.5618521	121	31
-1.5618005	111	31
-1.4997525	154	31
-1.500065	132	31
-1.5004584	122	31
-1.5618764	135	31
-1.5001868	113	31
-1.5616957	131	31
-1.5617278	100	31
-1.5002377	99	31
-1.5001263	130	31
-1.4998561	143	31
-1.5615451	139	31
-1.500123	138	31
-1.5001904	170	31
-1.5616742	122	31
-1.5005752	130	31
-1.5616164	104	31
-1.5000044	139	31
-1.4999474	120	31
-1.5615951	111	31
-1.5618446	141	31
-1.50008	138	31
-1.5617088	104	31
-1.5615627	153	31
-1.5618871	130	31
-1.5002349	119	31
-1.5618062	126	31
-1.5579012	126	31
-1.5006185	132	31
-1.4999848	120	31
-1.56185	137	31
-1.5001406	126	31
-1.5001998	104	31
-1.5614891	127	31
-1.5000203	115	31
-1.5002019	126	31
-1.5000796	145	31
-1.5614528	112	31
-1.5615689	109	31
-1.5617643	73	31
-1.5001799	117	31
-1.499965	143	31
-1.5617536	113	31
-1.5619171	122	31
-1.4998273	150	31
-1.5000697	144	31
-1.562056	116	31
-1.5618109	151	31
-1.5615376	98	31
-1.5618451	120	31
-1.4998483	144	31
-1.5612057	109	31
-1.4995921	143	31
-1.5616953	97	31
-1.5617921	135	31
-1.5001796	148	31
-1.4999893	136	31
-1.5616432	115	31
-1.5618784	117	31
-1.5002265	132	31
-1.5610358	129	31
-1.5002318	159	31
-1.5001441	130	31
-1.5613667	150	31
-1.5001642	132	31
-1.561808	80	31
-1.5000809	138	31
-1.5617933	76	31
-1.5000275	106	31
-1.5013573	132	31
-1.5616316	88	31
-1.5615541	118	31
-1.4998851	134	31
-1.5617648	88	31
-1.5001658	136	31
-1.5619321	109	31
-1.5618826	87	31
-1.5618237	119	31
-1.500333	129	31
-1.5616783	136	31
-1.5000091	130	31
-1.5001325	132	31
-1.4996442	135	31
-1.5614852	91	31
-1.5618482	93	31
-1.5615302	79	31
-1.5000188	143	31
-1.56164	96	31
-1.561847	118	31
-1.5617491	102	31
-1.5001101	112	31
-1.5001252	152	31
-1.5616932	97	31
-1.5002175	143	31
-1.5617092	77	31
-1.5616033	111	31
-1.4998243	138	31
-1.5001201	143	31
-1.5001968	115	31
-1.5614749	113	31
-1.4999788	127	31
-1.4998555	137	31
-1.4998584	127	31
-1.5618948	129	31
-1.5000378	137	31
-1.5618021	82	31
-1.5619873	95	31
-1.5617314	118	31
-1.5001416	111	31
-1.5000158	148	31
-1.5000233	118	31
-1.5000839	136	31
-1.561866	85	31
-1.499937	124	31
-1.5000779	123	31
-1.5616386	136	31
-1.5000006	143	31
-1.5000728	127	31
-1.5000973	122	31
-1.5002663	136	31
-1.561272	96	31
-1.5000949	132	31
-1.5619811	105	31
-1.5001438	131	31
-1.5000672	129	31
-1.5616306	141	31
-1.5619638	99	31
-1.4998604	178	31
-1.5002111	159	31
-1.5615988	100	31
-1.5000818	149	31
-1.5001363	145	31
-1.5008919	131	31
-1.5000979	118	31
-1.5616804	106	31
-1.5000349	126	31
-1.5618501	115	31
-1.5615396	102	31
-1.5002762	116	31
-1.5577749	122	31
-1.500108	148	31
-1.561707	103	31
-1.5002326	128	31
-1.5602984	96	31
-1.5614159	131	31
-1.5618534	97	31
-1.5003095	115	31
-1.4999438	152	31
-1.5002187	141	31
-1.5616943	118	31
-1.4999022	120	31
-1.5002169	127	31
-1.561466	74	31
-1.5000825	137	31
-1.5003019	114	31
-1.5002188	136	31
-1.5617546	106	31
-1.5004645	159	31
-1.5615247	108	31
-1.5001791	136	31
-1.500202	127	31
-1.5000654	138	31
-1.5000862	124	31
-1.5002158	118	31
-1.5617416	90	31
-1.5000623	105	31
-1.5001595	147	31
-1.5000839	146	31
-1.5616865	77	31
-1.5002343	143	31
-1.5000198	137	31
-1.5618359	83	31
-1.5001614	131	31
-1.4999039	181	31
-1.5604441	141	31
-1.5613456	77	31
-1.5614536	105	31
-1.4999446	156	31
-1.5618368	122	31
-1.5620028	133	31
-1.5000101	125	31
-1.5615999	80	31
-1.5001871	139	31
-1.5614969	122	31
-1.5002505	133	31
-1.5001773	119	31
-1.5618399	140	31
-1.5000922	129	31
-1.500004	112	31
-1.561838	120	31
-1.5616461	87	31
-1.5614034	133	31
-1.4999297	129	31
-1.4999236	144	31
-1.4997777	150	31
-1.4998505	143	31
-1.5616802	106	31
-1.5003456	106	31
-1.500183	133	31
-1.5618552	107	31
-1.5002678	128	31
-1.5001092	134	31
-1.5611462	136	31
-1.5617437	84	31
-1.5002077	148	31
-1.5615624	142	31
-1.5614453	131	31
-1.500142	97	31
-1.500078	139	31
-1.5618389	133	31
-1.5002041	132	31
-1.5616531	86	31
-1.5003012	167	31
-1.5001776	138	31
-1.5616922	75	31
-1.5000392	156	31
-1.5007918	136	31
-1.5616109	126	31
-1.5002409	126	31
-1.5616474	106	31
-1.5616423	113	31
-1.5002172	144	31
-1.5616722	157	31
-1.4999445	141	31
-1.5620137	79	31
-1.5000127	128	31
-1.5001862	129	31
-1.49998	143	31
-1.4999438	128	31
-1.5616774	73	31
-1.5002269	124	31
-1.5616979	125	31
-1.5612949	110	31
-1.561972	116	31
-1.5620143	129	31
-1.4998316	145	31
-1.5002685	129	31
-1.561651	118	31
-1.5002711	145	31
-1.500066	141	31
-1.5001999	132	31
-1.5001074	131	31
-1.5002754	174	31
-1.5615575	97	31
-1.5002944	143	31
-1.561361	124	31
-1.4998752	130	31
-1.5616137	139	31
-1.4997833	148	31
-1.5002096	148	31
-1.4998685	139	31
-1.5619228	119	31
-1.5002326	161	31
-1.5000438	129	31
-1.4998031	150	31
-1.5002811	142	31
-1.5001856	152	31
-1.5002842	122	31
-1.5620993	108	31
-1.5003008	121	31
-1.5619343	110	31
-1.4997965	127	31
-1.5001396	147	31
-1.5618401	113	31
-1.5617122	115	31
-1.4999225	133	31
-1.500182	153	31
-1.5002824	137	31
-1.5615038	93	31
-1.5613456	114	31
-1.5617184	118	31
-1.5615606	142	31
-1.4999957	145	31
-1.5616648	98	31
-1.561478	140	31
-1.5616112	109	31
-1.5618091	91	31
-1.500309	145	31
-1.5610297	120	31
-1.5003381	152	31
-1.5617657	96	31
-1.5001846	133	31
-1.4999574	154	31
-1.5001258	150	31
-1.5000802	140	31
-1.5613313	125	31
-1.500168	144	31
-1.5618148	110	31
-1.5618733	145	31
-1.5617352	100	31
-1.4999776	168	31
-1.5617554	108	31
-1.5001814	173	31
-1.5012442	120	31
-1.5000341	124	31
-1.5001539	125	31
-1.5003264	147	31
-1.5001527	128	31
-1.5000356	127	31
-1.5619034	74	31
-1.561784	93	31
-1.5619721	104	31
-1.5003048	139	31
-1.5613361	150	31
-1.5613924	107	31
-1.5002281	108	31
-1.5615884	113	31
-1.500326	141	31
-1.5001107	149	31
-1.5000382	149	31
-1.5619518	108	31
-1.5001141	144	31
-1.5001612	134	31
-1.5616107	106	31
-1.5609415	103	31
-1.5000323	130	31
-1.4998691	143	31
-1.5617898	95	31
-1.5616626	100	31
-1.5001032	110	31
-1.5616015	97	31
-1.5002924	119	31
-1.5619181	101	31
-1.500087	155	31
-1.5000232	127	31
-1.5000833	137	31
-1.5616751	123	31
-1.4997767	155	31
-1.5615831	98	31
-1.5615247	101	31
-1.561559	101	31
-1.5613733	128	31
-1.5619538	110	31
-1.5000907	135	31
-1.5614543	86	31
-1.5001509	132	31
-1.5616547	125	31
-1.5001536	110	31
-1.5617705	84	31
-1.5000436	125	31
-1.5001531	142	31
-1.5617456	105	31
-1.5615113	104	31
-1.5002667	119	31
-1.5000218	115	31
-1.5617393	113	31
-1.5002891	120	31
-1.5015315	136	31
-1.4998857	144	31
-1.4999553	129	31
-1.5002916	137	31
-1.5616082	156	31
-1.5621164	65	31
-1.5617147	120	31
-1.5001513	143	31
-1.4996438	145	31
-1.5000033	142	31
-1.5616993	106	31
-1.5619267	94	31
-1.4999943	144	31
-1.5617706	131	31
-1.5001278	141	31
-1.5001785	121	31
-1.50012	126	31
-1.5001499	127	31
-1.5612476	113	31
-1.5001998	103	31
-1.5617031	111	31
-1.5001096	135	31
-1.5000126	158	31
-1.5616196	114	31
-1.5617151	124	31
-1.5000212	139	31
-1.5000952	153	31
-1.5614077	111	31
-1.5002074	131	31
-1.5000408	138	31
-1.5000201	115	31
-1.5002572	119	31
-1.5613206	98	31
-1.5614721	91	31
-1.5615946	112	31
-1.5615512	101	31
-1.5616794	80	31
-1.4999168	144	31
-1.5618193	120	31
-1.560278	121	31
-1.5002779	146	31
-1.4997624	115	31
-1.5001694	136	31
-1.4998604	126	31
-1.4998732	129	31
-1.5619398	123	31
-1.5614566	127	31
-1.5000581	120	31
-1.5617308	131	31
-1.560997	144	31
-1.5614909	147	31
-1.56194	94	31
-1.499943	164	31
-1.5001907	152	31
-1.499843	154	31
-1.4999569	120	31
-1.4999472	127	31
-1.561854	122	31
-1.4999155	137	31
-1.4999706	152	31
-1.561766	97	31
-1.5001971	127	31
-1.5003341	129	31
-1.5616149	104	31
-1.5617892	94	31
-1.4996897	131	31
-1.5619831	116	31
-1.5615914	97	31
-1.5617774	91	31
-1.500365	129	31
-1.561833	61	31
-1.4999857	109	31
-1.5617661	132	31
-1.5004361	141	31
-1.5617992	122	31
-1.5001254	135	31
-1.5618528	69	31
-1.4999214	124	31
-1.561733	118	31
-1.5001402	156	31
-1.5001892	138	31
-1.561621	104	31
-1.5001316	141	31
-1.5002453	125	31
-1.4998179	150	31
-1.5001685	141	31
-1.5000226	146	31
-1.5000277	132	31
-1.5616723	115	31
-1.4999855	154	31
-1.5001561	122	31
-1.5619303	106	31
-1.500274	122	31
-1.4999756	143	31
-1.5617406	92	31
-1.5618343	114	31
-1.5617868	114	31
-1.5000188	149	31
-1.50028	132	31
-1.5002702	140	31
-1.5617457	114	31
-1.4999048	123	31
-1.5617429	134	31
-1.5617492	96	31
-1.5000544	152	31
-1.5000683	140	31
-1.5614653	133	31
-1.5617365	146	31
-1.4999825	133	31
-1.4999701	124	31
-1.5615161	106	31
-1.5614477	74	31
-1.5615348	79	31
-1.561599	54	31
-1.5000717	151	31
-1.500228	136	31
-1.5614162	126	31
-1.5614749	154	31
-1.5618564	99	31
-1.500045	125	31
-1.5617518	125	31
-1.5001031	147	31
-1.5614554	122	31
-1.5001478	118	31
-1.5001702	125	31
-1.5617192	125	31
-1.4998224	126	31
-1.5617293	113	31
-1.499776	141	31
-1.5618033	75	31
-1.4998531	142	31
-1.5616372	92	31
-1.5619221	96	31
-1.5615194	110	31
-1.500003	143	31
-1.561774	121	31
-1.5002076	144	31
-1.4998821	156	31
-1.5001139	158	31
-1.5001457	123	31
-1.5000967	132	31
-1.5000476	128	31
-1.4999945	130	31
-1.5615315	132	31
-1.5000623	123	31
-1.5613466	116	31
-1.5620663	123	31
-1.5617076	126	31
-1.5615673	106	31
-1.5003119	160	31
-1.4997099	176	31
-1.5615973	113	31
-1.5615186	134	31
-1.5613651	130	31
-1.4999768	92	31
-1.5107423	73	31
-1.4998759	150	31
-1.4996683	166	31
-1.4997374	129	31
-1.5617416	110	31
-1.5001374	145	31
-1.5618939	55	31
-1.5608371	139	31
-1.5000402	136	31
-1.5617281	79	31
-1.5616368	120	31
-1.4996325	152	31
-1.4999375	168	31
-1.5002201	149	31
-1.4999658	133	31
-1.5617266	95	31
-1.50028	111	31
-1.5001798	139	31
-1.5001692	128	31
-1.5618107	88	31
-1.5003434	129	31
-1.5003412	132	31
-1.5000789	153	31
-1.5616534	153	31
-1.5618497	102	31
-1.5617536	98	31
-1.5617145	110	31
-1.5001223	136	31
-1.5616073	122	31
-1.5002053	127	31
-1.5001352	170	31
-1.5617161	118	31
-1.5003296	128	31
-1.5616183	89	31
-1.5620103	107	31
-1.5001831	122	31
-1.5618881	93	31
-1.5617448	105	31
-1.561488	139	31
-1.5617041	110	31
-1.5000216	148	31
-1.4998702	142	31
-1.5616454	107	31
-1.5000093	150	31
-1.5613356	139	31
-1.5000147	151	31
-1.5616466	118	31
-1.5616488	121	31
-1.4999597	149	31
-1.5000585	147	31
-1.5616727	114	31
-1.4999959	152	31
-1.5002372	130	31
-1.5616108	107	31
-1.5000581	142	31
-1.5002865	145	31
-1.5001716	130	31
-1.5614655	110	31
-1.4998176	141	31
-1.5616695	87	31
-1.500167	130	31
-1.5002802	131	31
-1.5616904	129	31
-1.5001111	130	31
-1.5614286	130	31
-1.5618151	90	31
-1.5001283	143	31
-1.5617402	116	31
-1.4998794	125	31
-1.5003141	130	31
-1.5001482	136	31
-1.5615589	124	31
-1.5617881	106	31
-1.5004532	136	31
-1.5612773	99	31
-1.5001841	163	31
-1.5613455	123	31
-1.5618796	83	31
-1.5002342	120	31
-1.5000794	139	31
-1.5002761	129	31
-1.5616736	105	31
-1.5618166	122	31
-1.561806	107	31
-1.5000809	126	31
-1.5613844	113	31
-1.5615907	133	31
-1.5620503	107	31
-1.5000725	124	31
-1.4997965	156	31
-1.5001816	113	31
-1.5617199	134	31
-1.5002715	131	31
-1.5002613	144	31
-1.499908	149	31
-1.5001492	140	31
-1.5620122	79	31
-1.5617095	114	31
-1.5615146	77	31
-1.5000061	123	31
-1.5002642	141	31
-1.5001025	140	31
-1.5002173	123	31
-1.4999582	130	31
-1.4997836	128	31
-1.5000624	135	31
-1.5618723	113	31
-1.5617844	91	31
-1.5614809	120	31
-1.5618042	111	31
-1.5000661	138	31
-1.5618212	146	31
-1.4999198	149	31
-1.5002597	157	31
-1.5618471	129	31
-1.5003997	144	31
-1.5620496	115	31
-1.5002443	100	31
-1.4999782	144	31
-1.5000054	132	31
-1.5001705	130	31
-1.500255	142	31
-1.5613657	117	31
-1.5001985	135	31
-1.5617485	115	31
-1.5615519	105	31
-1.4999927	137	31
-1.500127	154	31
-1.5617412	125	31
-1.5000653	142	31
-1.5619231	94	31
-1.5615792	102	31
-1.5002256	139	31
-1.5617981	111	31
-1.5000222	152	31
-1.5614707	88	31
-1.5000541	137	31
-1.5001292	157	31
-1.5002798	132	31
-1.5000607	125	31
-1.5618493	91	31
-1.5618441	99	31
-1.5618961	76	31
-1.5003675	133	31
-1.5003729	131	31
-1.5000025	152	31
-1.5003449	128	31
-1.5618432	111	31
-1.499993	162	31
-1.5617846	128	31
-1.561957	116	31
-1.5004513	150	31
-1.5614786	120	31
-1.5002415	143	31
-1.5000677	153	31
-1.5000791	167	31
-1.5000242	138	31
-1.5616012	129	31
-1.4997997	127	31
-1.5617689	98	31
-1.5000966	109	31
-1.4998782	132	31
-1.5617649	113	31
-1.5617798	111	31
-1.5003604	134	31
-1.4999593	114	31
-1.4999235	130	31
-1.5002151	140	31
-1.5616921	125	31
-1.5616565	107	31
-1.5611595	80	31
-1.5615234	98	31
-1.5617687	91	31
-1.4998742	148	31
-1.5614993	119	31
-1.5617456	90	31
-1.5614295	76	31
-1.5617525	123	31
-1.500066	149	31
-1.561459	126	31
-1.5001319	133	31
-1.561841	130	31
-1.5002148	148	31
-1.5614435	97	31
-1.5001183	148	31
-1.5612972	121	31
-1.5614139	128	31
-1.4999683	136	31
-1.5617953	129	31
-1.5613869	145	31
-1.4999448	125	31
-1.4998364	144	31
-1.4998564	153	31
-1.5617542	114	31
-1.5003134	134	31
-1.5621933	103	31
-1.5620191	104	31
-1.5618598	75	31
-1.5000298	127	31
-1.5616599	100	31
-1.5616739	139	31
-1.5002663	171	31
-1.5002142	112	31
-1.5000989	159	31
-1.5616122	123	31
-1.561689	82	31
-1.5001291	117	31
-1.5616819	115	31
-1.5616652	133	31
-1.5618206	94	31
-1.4999796	133	31
-1.5000985	143	31
-1.5003137	130	31
-1.5001128	150	31
-1.5616847	134	31
-1.5000284	144	31
-1.4998689	131	31
-1.5002098	95	31
-1.4999715	146	31
-1.4999929	149	31
-1.5000176	110	31
-1.5002878	131	31
-1.5002192	137	31
-1.4999519	145	31
-1.5000029	132	31
-1.5613498	136	31
-1.5003181	130	31
-1.5001943	151	31
-1.5003163	135	31
-1.5000489	129	31
-1.5000398	148	31
-1.5618197	105	31
-1.5615835	135	31
-1.5619839	110	31
-1.5002188	112	31
-1.5617692	81	31
-1.5001764	129	31
-1.5614723	119	31
-1.5616658	101	31
-1.5616438	126	31
-1.5000505	141	31
-1.5617947	127	31
-1.5002579	122	31
-1.4998572	163	31
-1.5001153	147	31
-1.5002057	110	31
-1.5000267	137	31
-1.5617689	117	31
-1.4999622	131	31
-1.5001924	112	31
-1.4997383	121	31
-1.4999784	139	31
-1.5614123	90	31
-1.5002839	138	31
-1.500376	111	31
-1.5252293	82	31
-1.5617903	101	31
-1.5003648	138	31
-1.5001649	138	31
-1.561752	114	31
-1.4999904	139	31
-1.5617864	86	31
-1.5000344	155	31
-1.5615846	106	31
-1.4998871	127	31
-1.4999601	122	31
-1.5000737	136	31
-1.5002264	151	31
-1.5619974	100	31
-1.5619715	129	31
-1.5001503	127	31
-1.5000693	134	31
-1.5001677	120	31
-1.4998622	127	31
-1.5000235	140	31
-1.4999814	141	31
-1.4997499	137	31
-1.5001087	129	31
-1.5002193	109	31
-1.5613882	138	31
-1.5002378	140	31
-1.500104	126	31
-1.4999869	119	31
-1.5000041	143	31
-1.5000447	160	31
-1.5618116	90	31
-1.561712	103	31
-1.5001121	130	31
-1.5001527	138	31
-1.5617914	119	31
-1.5000399	137	31
-1.5621884	65	31
-1.5001108	141	31
-1.5615952	134	31
-1.5619078	117	31
-1.5005296	143	31
-1.5616548	102	31
-1.5000966	128	31
-1.4999604	122	31
-1.499981	152	31
-1.4999838	108	31
-1.5001685	142	31
-1.5002662	116	31
-1.4996531	153	31
-1.5000402	131	31
-1.5616535	147	31
-1.500033	124	31
-1.5618187	74	31
-1.5615939	104	31
-1.561445	103	31
-1.5001192	144	31
-1.5616609	120	31
-1.5001038	136	31
-1.4998247	121	31
-1.4998925	130	31
-1.5001063	148	31
-1.5619302	121	31
-1.5620392	112	31
-1.5613648	114	31
-1.5617251	139	31
-1.5617967	90	31
-1.4999822	139	31
-1.5002553	146	31
-1.5002067	132	31
-1.500184	139	31
-1.50014	123	31
-1.5620356	126	31
-1.5000128	125	31
-1.4999091	128	31
-1.4999171	141	31
-1.5614486	106	31
-1.5000826	129	31
-1.561767	128	31
-1.5001417	140	31
-1.5616483	134	31
-1.5617927	110	31
-1.5618315	85	31
-1.5614164	153	31
-1.5004789	162	31
-1.5619119	94	31
-1.5001281	141	31
-1.5001954	158	31
-1.5000254	137	31
-1.5612666	120	31
-1.5617533	96	31
-1.5617529	132	31
-1.4999555	148	31
-1.5618634	131	31
-1.5001874	135	31
-1.5003134	120	31
-1.5001685	133	31
-1.500104	116	31
-1.5615084	121	31
-1.4999386	109	31
-1.5000721	126	31
-1.5615176	114	31
-1.5617567	100	31
-1.5002408	101	31
-1.5614998	151	31
-1.5002839	139	31
-1.5615781	93	31
-1.5002424	127	31
-1.5615284	112	31
-1.4999064	116	31
-1.5002277	139	31
-1.5001257	142	31
-1.5612144	139	31
-1.5617381	101	31
-0.6975737	105	31
-1.5000904	155	31
-1.4997954	154	31
-1.5615373	98	31
-1.4996547	163	31
-1.4999367	130	31
-1.5002699	121	31
-1.4999816	144	31
-1.5610809	131	31
-1.5618233	91	31
-1.500183	119	31
-1.5000536	129	31
-1.5618983	122	31
-1.5617002	135	31
-1.5000468	135	31
-1.5604231	133	31
-1.5003685	122	31
-1.4995744	164	31
-1.5001705	128	31
-1.5001201	124	31
-1.56107	84	31
-1.5615848	119	31
-1.5616332	105	31
-1.561807	95	31
-1.5614392	118	31
-1.5000809	103	31
-1.5614854	109	31
-1.5611875	92	31
-1.5001479	134	31
-1.5616191	79	31
-1.5616508	89	31
-1.4999894	140	31
-1.5618137	105	31
-1.5617123	128	31
-1.5002256	154	31
-1.5620114	109	31
-1.5002173	144	31
-1.5000413	139	31
-1.5617517	108	31
-1.5001248	129	31
-1.4999495	144	31
-1.5000189	109	31
-1.5002477	136	31
-1.5618276	104	31
-1.5002623	136	31
-1.5616041	127	31
-1.561528	137	31
-1.5615759	108	31
-1.5004588	150	31
-1.5003074	140	31
-1.5617442	116	31
-1.5000904	113	31
-1.5003499	128	31
-1.5002187	126	31
-1.5615166	61	31
-1.5612519	111	31
-1.5614899	135	31
-1.5000096	150	31
-1.5617072	80	31
-1.5001621	136	31
-1.4998896	143	31
-1.5000584	137	31
-1.5613443	48	31
-1.5617451	105	31
-1.5615923	102	31
-1.4998005	134	31
-1.500144	127	31
-1.499858	152	31
-1.561867	144	31
-1.5000003	140	31
-1.5617965	95	31
-1.5003161	123	31
-1.5003158	160	31
-1.5617402	115	31
-1.4999584	123	31
-1.5001041	130	31
-1.5000939	139	31
-1.5002687	146	31
-1.561616	112	31
-1.5617518	126	31
-1.5617664	127	31
-1.5618633	133	31
-1.5001934	124	31
-1.5614623	102	31
-1.5004107	133	31
-1.5002187	147	31
-1.5602445	121	31
-1.5002118	149	31
-1.4999642	131	31
-1.5002308	129	31
-1.5617637	82	31
-1.5000618	158	31
-1.501321	117	31
-1.5618323	124	31
-1.5002849	129	31
-1.5000729	144	31
-1.4998913	112	31
-1.5611342	120	31
-1.5611441	116	31
-1.561583	112	31
-1.5621156	115	31
-1.5616639	113	31
-1.5001711	147	31
-1.5615298	93	31
-1.5001305	128	31
-1.4999677	143	31
-1.5000603	122	31
-1.5002218	126	31
-1.5000209	142	31
-1.5619754	103	31
-1.5000538	128	31
-1.5616437	111	31
-1.5001469	121	31
-1.5001107	141	31
-1.5618974	112	31
-1.5002745	135	31
-1.5001576	125	31
-1.5618384	95	31
-1.5001703	171	31
-1.5001914	154	31
-1.5613002	134	31
-1.5002294	131	31
-1.5613769	55	31
-1.5618567	120	31
-1.4999601	133	31
-1.499911	143	31
-1.5002645	138	31
-1.5618539	129	31
-1.5000177	134	31
-1.561556	84	31
-1.5620559	121	31
-1.5613891	145	31
-1.5000292	157	31
-1.5001249	108	31
-1.5001918	126	31
-1.4998859	158	31
-1.4996469	137	31
-1.5617728	95	31
-1.5000891	110	31
-1.5616249	82	31
-1.5001082	126	31
-1.5616768	76	31
-1.5617393	133	31
-1.5001812	136	31
-1.5000435	141	31
-1.5002845	141	31
-1.5616497	96	31
-1.5619736	95	31
-1.5001071	124	31
-1.5618284	115	31
-1.4999041	125	31
-1.4999583	142	31
-1.5616906	114	31
-1.5001871	112	31
-1.500253	109	31
-1.4999219	150	31
-1.4998862	119	31
-1.5617554	136	31
-1.5001718	148	31
-1.5618384	120	31
-1.561782	104	31
-1.561742	106	31
-1.5610971	141	31
-1.4999817	142	31
-1.499848	125	31
-1.5000935	150	31
-1.5618636	116	31
-1.500325	149	31
-1.5001842	151	31
-1.5618282	118	31
-1.4999432	157	31
-1.561507	123	31
-1.5002248	139	31
-1.5002267	160	31
-1.5065294	126	31
-1.5002121	134	31
-1.5004265	118	31
-1.4998565	127	31
-1.5616766	96	31
-1.5616966	162	31
-1.5000489	163	31
-1.5612297	132	31
-1.5345608	67	31
-1.4997982	148	31
-1.5621549	111	31
-1.5614734	99	31
-1.5617243	122	31
-1.5617982	109	31
-1.5000433	130	31
-1.5616457	110	31
-1.562111	115	31
-1.4999481	129	31
-1.5617917	95	31
-1.4999607	121	31
-1.5001925	147	31
-1.5003169	136	31
-1.561902	124	31
-1.5004692	119	31
-1.4999381	130	31
-1.5002874	119	31
-1.5001953	123	31
-1.5617778	120	31
-1.5000843	115	31
-1.5000266	120	31
-1.5002462	120	31
-1.5612123	131	31
-1.5614132	135	31
-1.5615294	92	31
-1.4997137	156	31
-1.5000318	171	31
-1.5001128	145	31
-1.5001267	101	31
-1.5616732	137	31
-1.5617133	109	31
-1.5001295	137	31
-1.5615585	119	31
-1.5001916	167	31
-1.5000586	121	31
-1.5002863	146	31
-1.4999838	141	31
-1.5618959	70	31
-1.4999782	140	31
-1.499991	145	31
-1.5619019	103	31
-1.5002407	112	31
-1.5619977	99	31
-1.5614501	109	31
-1.5616003	103	31
-1.4997373	139	31
-1.5620794	102	31
-1.5616787	117	31
-1.5001965	151	31
-1.5617224	112	31
-1.4998652	158	31
-1.5617672	118	31
-1.5617487	103	31
-1.5610211	135	31
-1.499943	135	31
-1.5615737	114	31
-1.5000389	138	31
-1.5614675	117	31
-1.5618754	130	31
-1.5617398	138	31
-1.5615621	101	31
-1.5614328	109	31
-1.5618359	74	31
-1.5618229	112	31
-1.5618515	95	31
-1.5613544	90	31
-1.5000724	142	31
-1.5002892	137	31
-1.5006119	125	31
-1.5617891	98	31
-1.5616929	109	31
-1.5001281	144	31
-1.5001297	140	31
-1.5616191	99	31
-1.5001103	137	31
-1.5619287	112	31
-1.5613979	106	31
-1.5053623	118	31
-1.5613415	111	31
-1.5002253	119	31
-1.5617547	118	31
-1.500323	119	31
-1.5000126	123	31
-1.5619301	103	31
-1.561789	131	31
-1.5617945	102	31
-1.5005396	140	31
-1.5613477	122	31
-1.5001731	146	31
-1.4995624	153	31
-1.5616743	98	31
-1.5001549	144	31
-1.5001558	112	31
-1.5617737	103	31
-1.4998324	138	31
-1.5615036	109	31
-1.5000883	112	31
-1.5002317	129	31
-1.5616857	86	31
-1.5001887	130	31
-1.5615853	100	31
-1.4999192	128	31
-1.5002752	112	31
-1.500096	143	31
-1.5615512	104	31
-1.5004013	139	31
-1.5001345	154	31
-1.5001222	158	31
-1.5613761	94	31
-1.5000593	128	31
-1.5593898	125	31
-1.561553	74	31
-1.5000551	133	31
-1.5002107	127	31
-1.5614326	109	31
-1.5614998	111	31
-1.5618023	90	31
-1.5613627	78	31
-1.5003606	144	31
-1.5002132	127	31
-1.500176	101	31
-1.5614419	129	31
-1.5000248	109	31
-1.5002208	155	31
-1.5616501	85	31
-1.5002838	119	31
-1.5002858	119	31
-1.5618642	85	31
-1.500294	122	31
-1.5612952	119	31
-1.499997	153	31
-1.561203	101	31
-1.50027	159	31
-1.5003164	133	31
-1.500114	114	31
-1.5000679	122	31
-1.5617154	95	31
-1.5001443	109	31
-1.5617626	86	31
-1.5001483	135	31
-1.500082	124	31
-1.5619175	101	31
-1.5615242	120	31
-1.5617775	133	31
-1.5615073	98	31
-1.5613503	142	31
-1.5614143	115	31
-1.5002548	146	31
-1.5617492	128	31
-1.5000017	136	31
-1.5002595	121	31
-1.5608404	146	31
-1.5618524	110	31
-1.5618429	104	31
-1.5613405	114	31
-1.5002145	117	31
-1.5003256	151	31
-1.5612314	126	31
-1.5001671	119	31
-1.5000338	124	31
-1.561099	138	31
-1.5002538	140	31
-1.5003686	148	31
-1.5001171	136	31
-1.5617653	77	31
-1.4998953	147	31
-1.499965	132	31
-1.5619258	82	31
-1.5619187	110	31
-1.5613972	131	31
-1.5615534	133	31
-1.5615427	103	31
-1.5617253	132	31
-1.5000476	132	31
-1.5001014	139	31
-1.5614008	139	31
-1.5001634	139	31
-1.5615044	100	31
-1.5000558	143	31
-1.561935	60	31
-1.5000245	127	31
-1.561855	108	31
-1.4997642	142	31
-1.5000897	139	31
-1.5002744	124	31
-1.5614969	140	31
-1.5619138	88	31
-1.5001676	128	31
-1.5405515	130	31
-1.5001649	139	31
-1.5002628	139	31
-1.4998739	122	31
-1.561918	89	31
-1.5615199	132	31
-1.5000705	144	31
-1.4998673	141	31
-1.5617618	97	31
-1.5004243	134	31
-1.5610097	110	31
-1.5005073	110	31
-1.5003115	134	31
-1.5001972	132	31
-1.5000585	139	31
-1.5618124	93	31
-1.5001508	139	31
-1.5616848	141	31
-1.5617071	116	31
-1.5616949	96	31
-1.5614824	104	31
-1.5618678	116	31
-1.5617255	86	31
-1.4999593	149	31
-1.5617889	142	31
-1.4999198	141	31
-1.5615334	133	31
-1.5003368	151	31
-1.5000219	155	31
-1.5615723	118	31
-1.5002521	127	31
-1.4997836	150	31
-1.5001385	121	31
-1.5620876	120	31
-1.5611916	107	31
-1.5000304	160	31
-1.561729	107	31
-1.5614767	112	31
-1.5612352	143	31
-1.5618183	113	31
-1.5614071	96	31
-1.5619755	108	31
-1.5001855	129	31
-1.5000186	129	31
-1.5619231	121	31
-1.4997938	129	31
-1.5618531	111	31
-1.5002297	148	31
-1.5617818	89	31
-1.5616884	123	31
-1.5616059	133	31
-1.5002814	157	31
-1.5617174	103	31
-1.5616708	98	31
-1.500032	168	31
-1.5619158	111	31
-1.5000621	125	31
-1.5618807	132	31
-1.5002063	150	31
-1.500285	137	31
-1.5618685	97	31
-1.5003084	133	31
-1.5003505	122	31
-1.5003206	112	31
-1.5000577	125	31
-1.5617863	127	31
-1.5000138	136	31
-1.5611261	92	31
-1.5616581	132	31
-1.5616787	138	31
-1.5618783	102	31
-1.4999352	160	31
-1.561606	132	31
-1.5615074	82	31
-1.5617432	97	31
-1.5003087	124	31
-1.4999704	159	31
-1.500014	137	31
-1.5618108	108	31
-1.5616725	135	31
-1.5617096	115	31
-1.5000761	143	31
-1.5001686	145	31
-1.5617636	88	31
-1.5002394	125	31
-1.5616845	159	31
-1.5615929	132	31
-1.4999838	122	31
-1.5114477	107	31
-1.5002284	134	31
-1.4997566	181	31
-1.5619918	139	31
-1.4999373	145	31
-1.5000498	126	31
-1.4999339	122	31
-1.5000786	122	31
-1.500294	124	31
-1.0173488	126	31
-1.5619524	104	31
-1.500026	136	31
-1.5003838	112	31
-1.5003916	92	31
-1.5000341	134	31
-1.5002562	152	31
-1.500305	113	31
-1.5000295	133	31
-1.5615758	62	31
-1.4999861	164	31
-1.5000199	124	31
-1.5002641	137	31
-1.561861	105	31
-1.56189	101	31
-1.5077855	104	31
-1.5613106	145	31
-1.56197	85	31
-1.4999579	125	31
-1.5002567	122	31
-1.5000119	147	31
-1.5003618	139	31
-1.5001468	113	31
-1.5616053	138	31
-1.4998481	136	31
-1.5002386	147	31
-1.5001983	122	31
-1.4998107	150	31
-1.5617386	81	31
-1.5000761	123	31
-1.5000103	144	31
-1.5615151	117	31
-1.499861	121	31
-1.4999559	109	31
-1.5619298	95	31
-1.5619597	129	31
-1.4999379	157	31
-1.5002833	141	31
-1.5002419	164	31
-1.5616611	108	31
-1.4997206	138	31
-1.4999326	122	31
-1.5003503	119	31
-1.500215	133	31
-1.5002308	133	31
-1.5619022	135	31
-1.5001749	146	31
-1.5000898	141	31
-1.5003336	114	31
-1.5003864	136	31
-1.5002458	138	31
-1.500376	159	31
-1.5003411	135	31
-1.499864	133	31
-1.5003142	123	31
-1.4999187	134	31
-1.5002371	146	31
-1.4998051	140	31
-1.5617501	95	31
-1.499929	142	31
-1.5005776	138	31
-1.5002	115	31
-1.5001006	142	31
-1.5616102	116	31
-1.5000624	131	31
-1.5617341	127	31
-1.5003213	117	31
-1.500093	128	31
-1.5618755	125	31
-1.5000907	138	31
-1.5617026	103	31
-1.5001149	135	31
-1.5002481	141	31
-1.5616883	99	31
-1.5618215	123	31
-1.5618103	104	31
-1.5614884	74	31
-1.4997574	129	31
-1.5001831	150	31
-1.5001034	119	31
-1.5000877	128	31
-1.5002619	130	31
-1.5618407	121	31
-1.5616444	127	31
-1.5002849	148	31
-1.5003056	121	31
-1.5001688	147	31
-1.5002537	141	31
-1.5618608	96	31
-1.5001691	119	31
-1.5617045	105	31
-1.4997806	136	31
-1.5616472	69	31
-1.5000081	151	31
-1.5615431	90	31
-1.5003768	129	31
-1.5000918	141	31
-1.499981	129	31
-1.5617227	96	31
-1.5615665	77	31
-1.5616016	109	31
-1.5002479	136	31
-1.49972	145	31
-1.5000981	132	31
-1.5618517	123	31
-1.4999711	149	31
-1.5613784	108	31
-1.5615239	123	31
-1.5000288	132	31
-1.5000713	133	31
-1.5617861	123	31
-1.500161	156	31
-1.5615599	97	31
-1.5618587	119	31
-1.5001387	130	31
-1.5003835	127	31
-1.5615146	101	31
-1.5001858	109	31
-1.561845	118	31
-1.4999417	133	31
-1.4999248	135	31
-1.4995323	145	31
-1.5613883	152	31
-1.561569	104	31
-1.5617581	128	31
-1.4999672	147	31
-1.5612434	133	31
-1.5615272	114	31
-1.499983	142	31
-1.5003595	125	31
-1.5617069	103	31
-1.5002405	130	31
-1.5002025	138	31
-1.5000663	130	31
-1.500096	142	31
-1.500014	141	31
-1.5000246	148	31
-1.5001469	131	31
-1.5617841	126	31
-1.5615977	113	31
-1.5002392	124	31
-1.561826	100	31
-1.4998369	136	31
-1.4999076	133	31
-1.5006208	119	31
-1.5001287	145	31
-1.5002638	141	31
-1.5615256	124	31
-1.5618713	82	31
-1.5001674	128	31
-1.5002755	122	31
-1.5000293	126	31
-1.5613283	112	31
-1.5001718	132	31
-1.500196	124	31
-1.5001412	152	31
-1.5618005	170	31
-1.5003462	165	31
-1.5002227	110	31
-1.5619846	73	31
-1.561365	109	31
-1.5001054	137	31
-1.5001796	138	31
-1.5000783	117	31
-1.5619323	110	31
-1.4998914	146	31
-1.5003512	138	31
-1.500137	131	31
-1.5619203	97	31
-1.499709	114	31
-1.5616433	113	31
-1.4999512	142	31
-1.5001503	146	31
-1.4997293	122	31
-1.5615794	135	31
-1.5614585	121	31
-1.5620015	113	31
-1.5004152	132	31
-1.5002439	170	31
-1.4998872	151	31
-1.499756	137	31
-1.5000304	124	31
-1.5002036	117	31
-1.5001883	121	31
-1.561672	103	31
-1.5617382	119	31
-1.5001495	137	31
-1.561669	129	31
-1.5616577	99	31
-1.5001724	143	31
-1.4999584	163	31
-1.5000059	138	31
-1.5614935	140	31
-1.5615704	115	31
-1.4999072	131	31
-1.5000399	136	31
-1.5002824	153	31
-1.4998891	141	31
-1.5618146	103	31
-1.5002501	147	31
-1.5003283	146	31
-1.5613553	59	31
-1.5615321	101	31
-1.5617945	95	31
-1.500133	122	31
-1.4999408	129	31
-1.5606891	131	31
-1.5002273	120	31
-1.5000683	133	31
-1.500327	144	31
-1.4998721	119	31
-1.5618059	119	31
-1.5616449	80	31
-1.5002435	128	31
-1.5001735	150	31
-1.5615809	77	31
-1.5002241	133	31
-1.5000736	137	31
-1.5611514	81	31
-1.4997238	137	31
-1.5619047	91	31
-1.5001175	136	31
-1.5617697	111	31
-1.5620762	114	31
-1.5613923	92	31
-1.5615789	58	31
-1.5618226	93	31
-1.5000864	147	31
-1.5616455	120	31
-1.4999607	119	31
-1.4999394	150	31
-1.5001696	113	31
-1.5001442	146	31
-1.4997618	147	31
-1.5001387	157	31
-1.5000202	138	31
-1.4999425	138	31
-1.5000108	125	31
-1.561462	111	31
-1.5617419	113	31
-1.4996431	156	31
-1.500256	167	31
-1.5000508	132	31
-1.5002725	159	31
-1.5612609	111	31
-1.561937	91	31
-1.5617813	84	31
-1.5002628	136	31
-1.5001393	131	31
-1.4999679	150	31
-1.5001538	140	31
-1.4999749	162	31
-1.5000666	120	31
-1.5001849	161	31
-1.5002556	153	31
-1.5615726	105	31
-1.5617002	75	31
-1.5001663	131	31
-1.4997798	131	31
-1.5614444	138	31
-1.4998689	141	31
-1.5001863	143	31
-1.5617483	128	31
-1.5000656	117	31
-1.5615792	127	31
-1.500262	140	31
-1.5617155	118	31
-1.4999674	138	31
-1.5000395	133	31
-1.5612697	75	31
-1.5610435	119	31
-1.5002866	132	31
-1.5000766	151	31
-1.5619581	74	31
-1.5616636	114	31
-1.5002019	145	31
-1.4999995	125	31
-1.4998359	151	31
-1.4999817	103	31
-1.5613049	152	31
-1.5000019	146	31
-1.5618814	95	31
-1.5617359	135	31
-1.5000937	129	31
-1.5617129	136	31
-1.5618547	134	31
-1.5614236	115	31
-1.5001728	151	31
-1.5000638	126	31
-1.5617807	102	31
-1.5002827	98	31
-1.5000438	158	31
-1.5005953	143	31
-1.5616841	74	31
-1.561483	109	31
-1.5001511	138	31
-1.5000586	112	31
-1.5001942	121	31
-1.2224025	114	31
-1.5618007	112	31
-1.5000051	142	31
-1.5002795	122	31
-1.5617296	89	31
-1.5616915	104	31
-1.5615934	105	31
-1.5003165	117	31
-1.500097	129	31
-1.5000663	123	31
-1.4998536	129	31
-1.5003309	151	31
-1.5002066	129	31
-1.5619	61	31
-1.5000371	125	31
-1.5002524	119	31
-1.5001722	130	31
-1.561466	107	31
-1.5002458	163	31
-1.5619746	111	31
-1.5000625	125	31
-1.5615897	137	31
-1.561334	94	31
-1.4998046	139	31
-1.5002225	117	31
-1.561528	102	31
-1.5618954	98	31
-1.5618226	127	31
-1.5616833	82	31
-1.5618496	102	31
-1.4999381	147	31
-1.5618921	109	31
-1.5004394	134	31
-1.5615474	104	31
-1.5617512	102	31
-1.561392	140	31
-1.4998336	132	31
-1.5616623	131	31
-1.5617923	115	31
-1.499925	147	31
-1.5001768	175	31
-1.5000924	137	31
-1.5616666	118	31
-1.500135	114	31
-1.4998571	128	31
-1.5618887	89	31
-1.5618648	75	31
-1.5000546	136	31
-1.5615135	94	31
-1.5613624	113	31
-1.5615258	94	31
-1.5616365	123	31
-1.4999472	146	31
-1.5618707	99	31
-1.5003918	160	31
-1.499878	128	31
-1.5617403	99	31
-1.5618375	124	31
-1.5002815	140	31
-1.5617325	109	31
-1.4999218	154	31
-1.5001839	115	31
-1.5615811	122	31
-1.5000513	147	31
-1.4999986	155	31
-1.5001302	148	31
-1.5614194	117	31
-1.561662	111	31
-1.5610152	118	31
-1.5003627	138	31
-1.4997741	137	31
-1.561684	151	31
-1.4997706	160	31
-1.5003578	137	31
-1.5001083	130	31
-1.500253	145	31
-1.5001147	127	31
-1.5615518	133	31
-1.5000249	131	31
-1.499728	148	31
-1.5001759	149	31
-1.5616013	110	31
-1.5002693	146	31
-1.5617686	104	31
-1.5004074	144	31
-1.5618082	123	31
-1.5001173	131	31
-1.5612513	95	31
-1.4998872	135	31
-1.5003309	147	31
-1.5618225	75	31
-1.5617975	114	31
-1.4996903	129	31
-1.5616384	141	31
-1.5616515	110	31
-1.4999488	145	31
-1.4999023	153	31
-1.5002942	145	31
-1.5616743	121	31
-1.5619243	110	31
-1.5003474	130	31
-1.5001897	145	31
-1.5613831	79	31
-1.5000603	134	31
-1.5002816	122	31
-1.5001507	139	31
-1.500237	144	31
-1.500196	98	31
-1.5000944	136	31
-1.5021941	120	31
-1.5002651	131	31
-1.5617256	114	31
-1.4999261	116	31
-1.500101	126	31
-1.5000952	134	31
-1.5002791	114	31
-1.5001732	131	31
-1.5616443	69	31
-1.5000175	140	31
-1.5002387	130	31
-1.5001853	96	31
-1.4998882	132	31
-1.4999523	131	31
-1.5614754	129	31
-1.5617906	143	31
-1.4998287	126	31
-1.500226	135	31
-1.5616082	105	31
-1.5616422	118	31
-1.4999705	140	31
-1.5617001	144	31
-1.5617239	73	31
-1.4999576	128	31
-1.4998135	114	31
-1.5005718	127	31
-1.5002187	144	31
-1.5001198	143	31
-1.5000207	165	31
-1.5000662	151	31
-1.5001823	151	31
-1.5615835	86	31
-1.5618467	88	31
-1.5002778	120	31
-1.5617297	119	31
-1.5616759	94	31
-1.5617123	131	31
-1.5620142	114	31
-1.500408	129	31
-1.4999512	125	31
-1.5001025	103	31
-1.5005478	146	31
-1.5002281	130	31
-1.5001445	115	31
-1.56141	124	31
-1.500565	153	31
-1.5003107	141	31
-1.5000503	151	31
-1.5002387	149	31
-1.5000268	142	31
-1.5617371	82	31
-1.5002662	105	31
-1.5002376	117	31
-1.4999028	138	31
-1.5614919	148	31
-1.5000925	167	31
-1.4998707	145	31
-1.5003091	139	31
-1.5614683	83	31
-1.499994	141	31
-1.5613106	150	31
-1.5617297	100	31
-1.5618067	102	31
-1.5002852	143	31
-1.4998683	137	31
-1.5000227	145	31
-1.5000432	150	31
-1.5615928	64	31
-1.5000876	112	31
-1.5620604	107	31
-1.5000318	172	31
-1.5615746	96	31
-1.5615747	106	31
-1.4999656	135	31
-1.5002579	115	31
-1.5618111	112	31
-1.5615579	126	31
-1.5002295	126	31
-1.5000646	128	31
-1.5002411	79	31
-1.5000248	122	31
-1.5612495	153	31
-1.5000404	129	31
-1.5000047	144	31
-1.5002548	108	31
-1.5001923	145	31
-1.5613755	128	31
-1.5002264	142	31
-1.5000233	125	31
-1.5616807	128	31
-1.5617473	93	31
-1.5616117	108	31
-1.5003076	124	31
-1.5618068	99	31
-1.5001903	142	31
-1.5617664	94	31
-1.4998224	130	31
-1.5000171	113	31
-1.5611145	135	31
-1.5001604	169	31
-1.561632	103	31
-1.5616342	104	31
-1.5619629	78	31
-1.5001679	136	31
-1.5615591	131	31
-1.561475	135	31
-1.4997372	145	31
-1.5619447	107	31
-1.5618793	77	31
-1.5000908	138	31
-1.5618975	113	31
-1.4999184	140	31
-1.5618384	111	31
-1.5616674	100	31
-1.5000665	134	31
-1.5612374	127	31
-1.5002729	128	31
-1.5620548	92	31
-1.5617954	108	31
-1.5615467	115	31
-1.5002304	136	31
-1.5618137	63	31
-1.5482538	99	31
-1.5002425	127	31
-1.5001922	131	31
-1.4999401	116	31
-1.5002023	120	31
-1.5606749	102	31
-1.4999507	151	31
-1.4999392	133	31
-1.5001779	143	31
-1.5618409	109	31
-1.5613669	129	31
-1.5616958	86	31
-1.5000059	127	31
-1.5003545	155	31
-1.5617729	111	31
-1.5617485	118	31
-1.5617851	130	31
-1.5618298	111	31
-1.5617576	114	31
-1.5003303	127	31
-1.5615187	86	31
-1.5002039	132	31
-1.4999704	154	31
-1.5617134	95	31
-1.5618124	127	31
-1.5617277	129	31
-1.5617507	155	31
-1.5002261	130	31
-1.5612636	137	31
-1.5616577	89	31
-1.5618133	127	31
-1.4999898	126	31
-1.5000303	155	31
-1.5619091	110	31
-1.5000674	128	31
-1.5614543	146	31
-1.5617898	149	31
-1.5617614	126	31
-1.5614259	114	31
-1.5614787	95	31
-1.561589	99	31
-1.5002483	135	31
-1.500092	126	31
-1.5618511	134	31
-1.5003856	139	31
-1.5001892	126	31
-1.5614046	69	31
-1.500106	106	31
-1.5621224	70	31
-1.5611358	116	31
-1.5618557	91	31
-1.5615121	78	31
-1.5000553	145	31
-1.561558	103	31
-1.5000127	130	31
-1.5618416	113	31
-1.4999469	144	31
-1.5002305	123	31
-1.5002241	159	31
-1.5004062	124	31
-1.5000405	129	31
-1.4998018	126	31
-1.5002741	151	31
-1.5001161	120	31
-1.5000796	124	31
-1.5001722	128	31
-1.5002783	111	31
-1.5618781	116	31
-1.5001441	134	31
-1.500122	113	31
-1.500246	126	31
-1.4999123	158	31
-1.499954	150	31
-1.500232	135	31
-1.5614335	81	31
-1.500262	120	31
-1.561494	134	31
-1.5000855	141	31
-1.5613949	118	31
-1.500189	128	31
-1.5616987	89	31
-1.500082	129	31
-1.5617255	70	31
-1.5002823	125	31
-1.5617262	117	31
-1.5001535	156	31
-1.5619895	104	31
-1.5002606	120	31
-1.5614818	94	31
-1.5001613	174	31
-1.5616734	101	31
-1.5001638	127	31
-1.5617526	128	31
-1.5617502	110	31
-1.5004259	131	31
-1.5000921	107	31
-1.5615837	125	31
-1.5002037	153	31
-1.5001994	130	31
-1.5000926	132	31
-1.4999354	143	31
-1.5001968	111	31
-1.5000164	147	31
-1.5000386	128	31
-1.5613594	118	31
-1.5614399	107	31
-1.5001822	121	31
-1.5618005	90	31
-1.5000345	143	31
-1.5003485	122	31
-1.5008302	122	31
-1.5002015	131	31
-1.5616023	87	31
-1.5617392	92	31
-1.5002233	112	31
-1.5001129	138	31
-1.5617033	101	31
-1.5002705	115	31
-1.5618525	132	31
-1.5613683	115	31
-1.5002468	111	31
-1.5617094	111	31
-1.561774	139	31
-1.500016	136	31
-1.5617157	120	31
-1.5001171	160	31
-1.499923	134	31
-1.5617967	118	31
-1.5001586	127	31
-1.5618682	125	31
-1.5615973	128	31
-1.4997396	121	31
-1.561897	95	31
-1.5000795	143	31
-1.500166	126	31
-1.4997526	125	31
-1.5003506	152	31
-1.5000629	130	31
-1.5612062	116	31
-1.500238	127	31
-1.5617858	110	31
-1.5618598	136	31
-1.5003821	124	31
-1.5000494	121	31
-1.5616872	109	31
-1.5618276	120	31
-1.5003073	150	31
-1.5614855	127	31
-1.500083	151	31
-1.5615833	112	31
-1.5616887	83	31
-1.5003376	133	31
-1.5616281	86	31
-1.5000849	175	31
-1.5614029	139	31
-1.500266	132	31
-1.500014	139	31
-1.5612748	111	31
-1.5000761	136	31
-1.4997373	133	31
-1.5619193	102	31
-1.5619088	83	31
-1.5616136	123	31
-1.5608456	152	31
-1.5003522	147	31
-1.5615325	174	31
-1.5609707	90	31
-1.5331773	89	31
-1.5000977	125	31
-1.5000594	126	31
-1.500016	137	31
-1.5617451	77	31
-1.4998131	140	31
-1.5000253	161	31
-1.5617581	122	31
-1.5000957	148	31
-1.5000364	136	31
-1.5002813	141	31
-1.5616297	114	31
-1.5614611	126	31
-1.5617323	98	31
-1.500154	138	31
-1.5003717	132	31
-1.5002496	136	31
-1.5003171	131	31
-1.5619438	95	31
-1.5615158	90	31
-1.5617463	138	31
-1.5001233	135	31
-1.5002193	168	31
-1.561391	101	31
-1.5618827	69	31
-1.5618476	136	31
-1.5000467	149	31
-1.499846	131	31
-1.5002351	120	31
-1.5616014	152	31
-1.561742	98	31
-1.5616281	103	31
-1.500067	129	31
-1.5616087	127	31
-1.5614223	99	31
-1.5616351	117	31
-1.5613737	99	31
-1.5002462	139	31
-1.4998663	161	31
-1.5616067	124	31
-1.4998584	141	31
-1.4999222	116	31
-1.5000602	128	31
-1.5002192	113	31
-1.5002496	108	31
-1.5001799	154	31
-1.5001701	149	31
-1.5000364	116	31
-1.5001868	131	31
-1.5002628	137	31
-1.5001098	122	31
-1.5000205	134	31
-1.4998102	145	31
-1.5002134	140	31
-1.500289	151	31
-1.5001178	136	31
-1.5002135	139	31
-1.5000221	137	31
-1.5619761	109	31
-1.5618516	91	31
-1.5614768	120	31
-1.4999426	118	31
-1.5614836	109	31
-1.5003045	146	31
-1.500475	139	31
-1.5618447	114	31
-1.5589397	89	31
-1.4999865	156	31
-1.5604286	127	31
-1.5615677	124	31
-1.5002646	142	31
-1.5617431	134	31
-1.5616803	112	31
-1.5001935	144	31
-1.5003987	170	31
-1.5617841	86	31
-1.5000569	117	31
-1.561723	132	31
-1.5003192	97	31
-1.5616983	120	31
-1.5619204	123	31
-1.5616718	84	31
-1.5619825	106	31
-1.5619348	120	31
-1.5001475	151	31
-1.5618734	127	31
-1.5000312	134	31
-1.5002764	140	31
-1.5613834	114	31
-1.5001702	136	31
-1.5002466	117	31
-1.5002508	150	31
-1.5615212	112	31
-1.5614605	114	31
-1.500325	115	31
-1.5615719	133	31
-1.5000249	117	31
-1.4999837	156	31
-1.5615691	114	31
-1.5618361	106	31
-1.500138	161	31
-1.5618226	96	31
-1.5001338	124	31
-1.5614239	127	31
-1.5616538	112	31
-1.5618215	123	31
-1.5617008	139	31
-1.5002179	143	31
-1.5002194	165	31
-1.5617464	99	31
-1.5617058	130	31
-1.5615922	120	31
-1.5613586	129	31
-1.5004208	116	31
-1.4996798	126	31
-1.5616316	121	31
-1.5000245	144	31
-1.5000573	128	31
-1.5003308	156	31
-1.4999077	141	31
-1.4999808	137	31
-1.561725	100	31
-1.4997238	157	31
-1.500148	124	31
-1.5615413	127	31
-1.499926	129	31
-1.5617366	110	31
-1.4999361	164	31
-1.5618185	141	31
-1.5606469	112	31
-1.4999805	122	31
-1.5615567	114	31
-1.5001708	146	31
-1.5615681	101	31
-1.5001024	118	31
-1.5001115	134	31
-1.5610305	115	31
-1.561539	108	31
-1.5002378	158	31
-1.5617045	134	31
-1.5002416	122	31
-1.5001136	144	31
-1.5620433	117	31
-1.5001387	154	31
-1.5618074	136	31
-1.5618004	110	31
-1.500212	126	31
-1.4999963	157	31
-1.5617095	124	31
-1.4999808	132	31
-1.5001043	144	31
-1.5617281	129	31
-1.5615694	89	31
-1.5003509	161	31
-1.5614427	152	31
-1.5617851	66	31
-1.5616319	113	31
-1.5620371	86	31
-1.5002413	164	31
-1.5618728	112	31
-1.4999088	127	31
-1.5617429	125	31
-1.5615973	81	31
-1.4997411	135	31
-1.5613265	118	31
-1.5000533	138	31
-1.4999995	145	31
-1.5617566	126	31
-1.5000312	149	31
-1.5615487	103	31
-1.5617829	74	31
-1.4999227	136	31
-1.5003296	159	31
-1.5002952	145	31
-1.5615996	84	31
-1.5000749	133	31
-1.4998998	122	31
-1.5001952	164	31
-1.5616662	144	31
-1.5002896	115	31
-1.5617339	96	31
-1.5001554	141	31
-1.4999899	123	31
-1.5000083	101	31
-1.5615829	145	31
-1.5617049	126	31
-1.5001051	136	31
-1.5617167	87	31
-1.5001075	125	31
-1.5002287	133	31
-1.5000682	147	31
-1.4998212	149	31
-1.5614064	131	31
-1.5616902	119	31
-1.5616774	99	31
-1.5615728	94	31
-1.4998243	156	31
-1.561668	107	31
-1.5615729	106	31
-1.5618062	113	31
-1.5000252	135	31
-1.5001639	143	31
-1.5003819	130	31
-1.5002093	134	31
-1.5618331	99	31
-1.5616922	130	31
-1.4999477	124	31
-1.5000665	125	31
-1.5000772	159	31
-1.4998457	145	31
-1.500071	147	31
-1.5617699	98	31
-1.5001588	146	31
-1.5617127	107	31
-1.5000872	143	31
-1.5001706	123	31
-1.5002806	114	31
-1.5032426	120	31
-1.5616262	112	31
-1.5615977	85	31
-1.5616381	113	31
-1.5029232	92	31
-1.4997877	124	31
-1.5000302	145	31
-1.5616655	118	31
-1.5617796	98	31
-1.5617419	131	31
-1.561561	110	31
-1.5608277	146	31
-1.4999408	114	31
-1.5008627	143	31
-1.5002347	136	31
-1.5002491	116	31
-1.5619709	100	31
-1.5619831	95	31
-1.561587	87	31
-1.5615554	78	31
-1.5615685	110	31
-1.5000609	121	31
-1.500258	130	31
-1.5615817	86	31
-1.5619416	112	31
-1.5001949	154	31
-1.4994445	149	31
-1.5617261	139	31
-1.4999382	140	31
-1.5003493	141	31
-1.5001135	132	31
-1.5616105	120	31
-1.5615832	105	31
-1.4999165	155	31
-1.5002053	140	31
-1.5000724	138	31
-1.5002167	141	31
-1.5002316	140	31
-1.5613774	119	31
-1.5002179	152	31
-1.5618272	94	31
-1.4999519	155	31
-1.5615209	118	31
-1.5618267	115	31
-1.5004974	164	31
-1.5617798	120	31
-1.5618645	112	31
-1.5000649	120	31
-1.5614855	146	31
-1.5008602	157	31
-1.5616719	105	31
-1.5612567	91	31
-1.5617432	70	31
-1.5619078	78	31
-1.5001484	105	31
-1.5002865	143	31
-1.5618777	113	31
-1.5617	107	31
-1.5002479	119	31
-1.4999984	144	31
-1.5615328	116	31
-1.5001456	145	31
-1.5612674	99	31
-1.5002827	132	31
-1.5003091	121	31
-1.5618574	126	31
-1.5614826	119	31
-1.5615408	101	31
-1.5615576	98	31
-1.5617233	92	31
-1.5001311	142	31
-1.5002534	130	31
-1.5606358	106	31
-1.5616546	159	31
-1.5616737	123	31
-1.4999831	151	31
-1.4998852	125	31
-1.561687	128	31
-1.5617766	112	31
-1.5000234	122	31
-1.5619097	117	31
-1.5615148	128	31
-1.5001165	106	31
-1.5618248	131	31
-1.5000642	119	31
-1.5615665	132	31
-1.4999629	126	31
-1.5618584	103	31
-1.5002167	119	31
-1.5002396	135	31
-1.5616102	136	31
-1.4997935	133	31
-1.5617384	110	31
-1.5001123	107	31
-1.500219	144	31
-1.5613984	130	31
-1.5002702	130	31
-1.5002381	159	31
-1.4998666	140	31
-1.5002741	130	31
-1.5003693	123	31
-1.5002742	118	31
-1.4999664	126	31
-1.5611753	125	31
-1.5000117	122	31
-1.5615977	90	31
-1.5614975	99	31
-1.5616246	82	31
-1.4999933	154	31
-1.5126121	119	31
-1.5617182	95	31
-1.5000966	117	31
-1.5615323	88	31
-1.5001477	139	31
-1.5001631	132	31
-1.5002318	124	31
-1.5616761	113	31
-1.5002801	120	31
-1.5000408	138	31
-1.5616773	86	31
-1.5615637	120	31
-1.5618435	89	31
-1.5615175	117	31
-1.5003017	147	31
-1.5310972	83	31
-1.5615963	90	31
-1.5002371	126	31
-1.5619065	87	31
-1.5618317	104	31
-1.5002934	134	31
-1.5613027	121	31
-1.5618614	86	31
-1.5617702	120	31
-1.5617479	93	31
-1.5001488	123	31
-1.5614755	59	31
-1.5617129	104	31
-1.5002197	149	31
-1.4998844	134	31
-1.5615937	148	31
-1.4997981	137	31
-1.5000289	139	31
-1.5616479	103	31
-1.5001941	128	31
-1.4999506	145	31
-1.5000441	146	31
-1.4998463	152	31
-1.4999968	148	31
-1.5002495	116	31
-1.50006	153	31
-1.5001403	138	31
-1.5616275	74	31
-1.5616492	142	31
-1.5618413	125	31
-1.5002607	89	31
-1.5001264	150	31
-1.4998574	161	31
-1.5612086	139	31
-1.5614393	113	31
-1.5002892	123	31
-1.5000675	154	31
-1.4999836	132	31
-1.4998549	149	31
-1.5004321	142	31
-1.5615577	120	31
-1.5000978	142	31
-1.5003845	130	31
-1.4999785	143	31
-1.5613155	105	31
-1.5618129	157	31
-1.5002089	123	31
-1.5000427	125	31
-1.5552475	132	31
-1.5614798	119	31
-1.5614962	119	31
-1.5616441	138	31
-1.5001309	115	31
-1.5000277	130	31
-1.5614497	135	31
-1.5000893	119	31
-1.4998589	152	31
-1.5618206	140	31
-1.5000017	122	31
-1.4999835	171	31
-1.5617229	99	31
-1.5000478	117	31
-1.5616104	129	31
-1.5001673	129	31
-1.5001945	124	31
-1.4998307	119	31
-1.5618243	90	31
-1.5613776	145	31
-1.5614644	129	31
-1.5001041	142	31
-1.5003268	147	31
-1.5002638	132	31
-1.5614625	117	31
-1.5000783	137	31
-1.5000987	124	31
-1.4999521	141	31
-1.4997665	122	31
-1.5617985	124	31
-1.5002838	107	31
-1.5616318	89	31
-1.5612184	106	31
-1.5615565	128	31
-1.5000255	133	31
-1.5616496	125	31
-1.4997735	130	31
-1.5616562	113	31
-1.5002273	125	31
-1.5617819	88	31
-1.5617441	98	31
-1.4998719	135	31
-1.5618006	123	31
-1.5615915	70	31
-1.5002413	100	31
-1.4999198	143	31
-1.5004793	147	31
-1.5001349	169	31
-1.5615063	132	31
-1.5001949	147	31
-1.5613072	136	31
-1.5616755	123	31
-1.537342	85	31
-1.5616443	101	31
-1.5002441	116	31
-1.4999752	126	31
-1.5615721	121	31
-1.4999635	121	31
-1.5002505	140	31
-1.561677	108	31
-1.5000052	127	31
-1.5618309	126	31
-1.5612848	81	31
-1.5003779	128	31
-1.5617369	109	31
-1.5613406	121	31
-1.5001964	130	31
-1.5000327	149	31
-1.5001425	135	31
-1.5000964	145	31
-1.5614033	116	31
-1.4999686	165	31
-1.5618285	122	31
-1.5617081	121	31
-1.5002192	139	31
-1.5001038	107	31
-1.5619107	158	31
-1.5000995	138	31
-1.5615454	88	31
-1.5615573	91	31
-1.5614364	97	31
-1.5000407	108	31
-1.5001822	102	31
-1.500152	152	31
-1.5004215	162	31
-1.5615784	110	31
-1.4995447	153	31
-1.5615304	61	31
-1.5000586	147	31
-1.561921	108	31
-1.5001107	130	31
-1.5619294	87	31
-1.5002339	139	31
-1.5000956	120	31
-1.4999239	128	31
-1.5618994	110	31
-1.5000529	137	31
-1.5614783	107	31
-1.5004417	142	31
-1.5001122	154	31
-1.5002487	133	31
-1.5001775	154	31
-1.5003029	128	31
-1.4998921	132	31
-1.5001772	154	31
-1.5619708	115	31
-1.5617776	99	31
-1.5002352	123	31
-1.5000817	118	31
-1.5613581	134	31
-1.5615184	74	31
-1.5612482	94	31
-1.4998738	143	31
-1.500127	146	31
-1.5000838	124	31
-1.5002348	145	31
-1.5002375	138	31
-1.500228	146	31
-1.5002274	130	31
-1.4997542	148	31
-1.5002302	109	31
-1.5003443	121	31
-1.5617868	64	31
-1.5612156	122	31
-1.5616601	83	31
-1.4997781	149	31
-1.5001411	129	31
-1.5002545	124	31
-1.5619216	97	31
-1.561516	109	31
-1.5616706	127	31
-1.5617619	107	31
-1.5617476	145	31
-1.5616199	95	31
-1.5611881	79	31
-1.4999903	119	31
-1.5000869	145	31
-1.5000109	113	31
-1.5614474	123	31
-1.5616237	117	31
-1.5621808	110	31
-1.5610929	147	31
-1.5619396	131	31
-1.5616858	78	31
-1.5004029	131	31
-1.5001034	125	31
-1.5002344	108	31
-1.5615579	116	31
-1.5000092	148	31
-1.5002501	138	31
-1.5002346	130	31
-1.5616471	136	31
-1.5617673	96	31
-1.5000347	132	31
-1.5001759	138	31
-1.50022	134	31
-1.5618737	107	31
-1.4998975	138	31
-1.5002689	149	31
-1.5617727	101	31
-1.5617686	116	31
-1.5002578	118	31
-1.5617716	104	31
-1.5002579	136	31
-1.5614142	115	31
-1.500132	129	31
-1.5617727	117	31
-1.5616057	97	31
-1.5620936	121	31
-1.49977	131	31
-1.5001661	147	31
-1.5000053	132	31
-1.503314	146	31
-1.5616433	112	31
-1.5000801	144	31
-1.5615702	108	31
-1.5002763	112	31
-1.500295	134	31
-1.4999818	129	31
-1.5001247	140	31
-1.5002714	132	31
-1.5000316	147	31
-1.5001121	144	31
-1.5001044	137	31
-1.5618835	104	31
-1.499989	128	31
-1.5615176	132	31
-1.5000983	138	31
-1.561675	135	31
-1.5613811	122	31
-1.5616894	106	31
-1.5613278	144	31
-1.56151	173	31
-1.5001366	123	31
-1.5619496	104	31
-1.5616841	128	31
-1.4998696	169	31
-1.5616355	105	31
-1.5615745	90	31
-1.5002382	127	31
-1.500206	128	31
-1.5616563	122	31
-1.5002108	151	31
-1.5616747	73	31
-1.5003221	120	31
-1.5000162	131	31
-1.4998906	133	31
-1.5615845	97	31
-1.5617423	118	31
-1.5616875	101	31
-1.5000254	109	31
-1.561404	114	31
-1.5000752	129	31
-1.5003512	130	31
-1.5001874	122	31
-1.5000385	140	31
-1.5000601	142	31
-1.5615133	99	31
-1.5335916	100	31
-1.5000891	130	31
-1.5001016	125	31
-1.5001202	128	31
-1.5002896	119	31
-1.4998624	126	31
