-1.50359	130	31
-1.50141	131	31
-1.56286	142	31
-1.50242	157	31
-1.56327	156	31
-1.55805	136	31
-1.49959	113	31
-1.56507	122	31
-1.49963	137	31
-1.50168	154	31
-1.50071	122	31
-1.5015	183	31
-1.5037	151	31
-1.50088	140	31
-1.55509	138	31
-1.56062	130	31
-1.56399	112	31
-1.50151	138	31
-1.51218	142	31
-1.50151	142	31
-1.50353	134	31
-1.55489	137	31
-1.55831	116	31
-1.50266	136	31
-1.50159	135	31
-1.56244	78	31
-1.56341	135	31
-1.50388	122	31
-1.56427	146	31
-1.56192	137	31
-1.49884	147	31
-1.56405	116	31
-1.50074	141	31
-1.55371	135	31
-1.50183	123	31
-1.50346	156	31
-1.50025	160	31
-1.50214	119	31
-1.50315	145	31
-1.50464	122	31
-1.56528	91	31
-1.50066	141	31
-1.56069	117	31
-1.50417	117	31
-1.56261	138	31
-1.50103	167	31
-1.49841	162	31
-1.50336	137	31
-1.50027	131	31
-1.5008	133	31
-1.56293	122	31
-1.50081	156	31
-1.5003	126	31
-1.56146	135	31
-1.49859	159	31
-1.56251	92	31
-1.49816	145	31
-1.56004	117	31
-1.56173	149	31
-1.49934	134	31
-1.56058	142	31
-1.50177	171	31
-1.50275	151	31
-1.49976	136	31
-1.55647	101	31
-1.50125	121	31
-1.55909	182	31
-1.50343	123	31
-1.50117	157	31
-1.56539	142	31
-1.56497	143	31
-1.56621	133	31
-1.50282	137	31
-1.56174	129	31
-1.5564	124	31
-1.56411	140	31
-1.5009	130	31
-1.56258	116	31
-1.5004	113	31
-1.5005	153	31
-1.56304	95	31
-1.5616	153	31
-1.55271	151	31
-1.56234	78	31
-1.55915	132	31
-1.50118	134	31
-1.50151	137	31
-1.50148	110	31
-1.4988	122	31
-1.56226	133	31
-1.49946	110	31
-1.5569	125	31
-1.55963	133	31
-1.55996	133	31
-1.49948	173	31
-1.55196	137	31
-1.56372	128	31
-1.49844	138	31
-1.56462	150	31
-1.50242	118	31
-1.50552	141	31
-1.50183	138	31
-1.50094	140	31
-1.5647	133	31
-1.50385	150	31
-1.50053	126	31
-1.50172	123	31
-1.51906	132	31
-1.56272	105	31
-1.56367	127	31
-1.50215	134	31
-1.56396	109	31
-1.56171	135	31
-1.50046	147	31
-1.50184	175	31
-1.50308	130	31
-1.501	152	31
-1.50305	166	31
-1.49891	138	31
-1.49659	132	31
-1.50117	130	31
-1.56155	123	31
-1.50035	143	31
-1.52624	107	31
-1.56213	130	31
-1.49772	120	31
-1.50245	123	31
-1.50039	148	31
-1.56474	133	31
-1.56409	136	31
-1.50123	130	31
-1.55942	139	31
-1.56323	125	31
-1.56305	95	31
-1.54617	116	31
-1.56346	129	31
-1.50462	150	31
-1.50101	135	31
-1.50203	146	31
-1.50264	150	31
-1.5008	127	31
-1.56117	153	31
-0.83745	110	31
-1.55818	126	31
-1.54237	143	31
-1.50059	131	31
-1.55976	138	31
-1.56125	128	31
-1.50279	130	31
-1.50106	171	31
-1.50289	126	31
-1.50111	150	31
-1.55777	124	31
-1.56433	120	31
-1.50044	119	31
-1.50281	155	31
-1.53225	93	31
-1.56228	134	31
-1.56336	135	31
-1.49894	145	31
-1.56218	109	31
-1.50232	137	31
-1.50054	157	31
-1.56097	125	31
-1.50332	132	31
-1.49947	129	31
-1.55633	124	31
-1.5025	145	31
-1.50303	146	31
-1.55644	144	31
-1.44903	133	31
-1.50052	141	31
-1.50031	155	31
-1.56332	126	31
-1.50283	141	31
-1.50019	99	31
-1.5616	113	31
-1.50114	118	31
-1.5032	145	31
-1.49922	158	31
-1.4986	151	31
-1.504	143	31
-1.49862	181	31
-1.49907	155	31
-1.50474	135	31
-1.56326	116	31
-1.55274	109	31
-1.56358	123	31
-1.55989	99	31
-1.49924	144	31
-1.55495	127	31
-1.56242	143	31
-1.5577	120	31
-1.5642	131	31
-1.49923	162	31
-1.55291	136	31
-1.50203	145	31
-1.49895	121	31
-1.50185	100	31
-1.49771	164	31
-1.49994	151	31
-1.56171	109	31
-1.56058	107	31
-1.4991	134	31
-1.49696	132	31
-1.50032	119	31
-1.55827	143	31
-1.56147	135	31
-1.50186	158	31
-1.50179	142	31
-1.5012	158	31
-1.56387	122	31
-1.50093	140	31
-1.50088	124	31
-1.56161	135	31
-1.49931	124	31
-1.50293	129	31
-1.55808	127	31
-1.56116	112	31
-1.55113	114	31
-1.56129	141	31
-1.50098	125	31
-1.50459	149	31
-1.56181	142	31
-1.50215	130	31
-1.50097	146	31
-1.56397	100	31
-1.50252	142	31
-1.50237	136	31
-1.49941	129	31
-1.55174	138	31
-1.50028	128	31
-1.50114	134	31
-1.55606	137	31
-1.56361	99	31
-1.55445	121	31
-1.49994	127	31
-1.5011	136	31
-1.49768	148	31
-1.50359	150	31
-1.50161	135	31
-1.50059	159	31
-1.51033	148	31
-1.56048	101	31
-1.50003	140	31
-1.49926	134	31
-1.50268	142	31
-1.55495	118	31
-1.559	133	31
-1.56535	104	31
-1.55421	107	31
-1.56215	103	31
-1.50285	164	31
-1.56168	134	31
-1.50009	117	31
-1.49911	144	31
-1.5011	142	31
-1.50141	157	31
-1.50361	133	31
-1.49955	175	31
-1.52778	148	31
-1.50156	151	31
-1.50195	143	31
-1.50153	167	31
-1.50022	157	31
-1.50109	144	31
-1.5011	121	31
-1.50404	170	31
-1.50072	148	31
-1.50145	125	31
-1.56122	125	31
-1.50189	136	31
-1.50021	150	31
-1.56193	124	31
-1.56435	107	31
-1.49819	149	31
-1.56453	104	31
-1.50161	136	31
-1.50245	128	31
-1.56089	145	31
-1.50034	159	31
-1.54672	124	31
-1.49902	164	31
-1.50199	117	31
-1.50187	144	31
-1.50114	144	31
-1.50238	166	31
-1.56378	149	31
-1.50362	167	31
-1.50159	112	31
-1.50099	141	31
-1.499	131	31
-1.56114	128	31
-1.56103	115	31
-1.56263	100	31
-1.5215	133	31
-1.56598	95	31
-1.56409	132	31
-1.56081	127	31
-1.50212	113	31
-1.50289	134	31
-1.55987	117	31
-1.50389	124	31
-1.56259	144	31
-1.50372	122	31
-1.50189	136	31
-1.50032	153	31
-1.49725	118	31
-1.49902	136	31
-1.5018	137	31
-1.50043	142	31
-1.50762	148	31
-1.49951	146	31
-1.55196	119	31
-1.49876	146	31
-1.56195	150	31
-1.50292	141	31
-1.50209	155	31
-1.50241	164	31
-1.5625	114	31
-1.5634	107	31
-1.50378	129	31
-1.56333	149	31
-1.49895	124	31
-1.5013	166	31
-1.49783	135	31
-1.50351	163	31
-1.5019	147	31
-1.56029	143	31
-1.56298	141	31
-1.50123	142	31
-1.56083	124	31
-1.55718	136	31
-1.5585	134	31
-1.55903	131	31
-1.50239	166	31
-1.55851	125	31
-1.50413	132	31
-1.50344	141	31
-1.50338	163	31
-1.56386	115	31
-1.56466	124	31
-1.49925	125	31
-1.49875	141	31
-1.49973	156	31
-1.49876	149	31
-1.50155	137	31
-1.5328	111	31
-1.5004	118	31
-1.55114	139	31
-1.56156	143	31
-1.50004	125	31
-1.50174	136	31
-1.50114	137	31
-1.56114	129	31
-1.50092	146	31
-1.56434	153	31
-1.50223	141	31
-1.56506	133	31
-1.56357	123	31
-1.5012	130	31
-1.4973	163	31
-1.56056	148	31
-1.49925	156	31
-1.50038	147	31
-1.56056	120	31
-1.50017	131	31
-1.55232	132	31
-1.56264	115	31
-1.50228	141	31
-1.5003	129	31
-1.50203	163	31
-1.56063	129	31
-1.56451	108	31
-1.50325	149	31
-1.49881	160	31
-1.50149	152	31
-1.56204	122	31
-1.54099	98	31
-1.50124	148	31
-1.49921	144	31
-1.56445	149	31
-1.50254	144	31
-1.49989	144	31
-1.50024	127	31
-1.5635	98	31
-1.56329	153	31
-1.56093	99	31
-1.49994	138	31
-1.56462	127	31
-1.50105	109	31
-1.50359	132	31
-1.49824	124	31
-1.55675	122	31
-1.50196	137	31
-1.56031	108	31
-1.56418	131	31
-1.49954	142	31
-1.56399	143	31
-1.50166	145	31
-1.51284	121	31
-1.51757	118	31
-1.50003	161	31
-1.50033	133	31
-1.50182	155	31
-1.503	131	31
-1.56427	88	31
-1.50183	122	31
-1.50287	140	31
-1.56296	130	31
-1.55031	120	31
-1.50943	140	31
-1.50166	135	31
-1.55805	126	31
-1.56031	135	31
-1.5371	131	31
-1.49985	140	31
-1.50121	151	31
-1.50416	122	31
-1.50212	137	31
-1.50247	140	31
-1.50341	111	31
-1.50205	135	31
-1.4994	135	31
-1.5607	117	31
-1.49862	158	31
-1.55	115	31
-1.50074	139	31
-1.50157	136	31
-0.46839	149	31
-1.50257	112	31
-1.56207	132	31
-1.55544	144	31
-1.53007	124	31
-1.50261	162	31
-1.5634	135	31
-1.50229	152	31
-1.56119	114	31
-1.55988	133	31
-1.50224	171	31
-1.50237	149	31
-1.50293	140	31
-1.56187	121	31
-1.54992	111	31
-1.49908	133	31
-1.50083	135	31
-1.53466	125	31
-1.50288	154	31
-1.50203	158	31
-1.55607	131	31
-1.50149	128	31
-1.50879	150	31
-1.49961	129	31
-1.56037	132	31
-1.56142	129	31
-1.52163	134	31
-1.55863	138	31
-1.56137	128	31
-1.50145	157	31
-1.50107	145	31
-1.50063	152	31
-1.56332	136	31
-1.55546	123	31
-1.50152	165	31
-1.56114	95	31
-1.50089	150	31
-1.52646	166	31
-1.50349	131	31
-1.50326	116	31
-1.55874	108	31
-1.55669	124	31
-1.56388	100	31
-1.503	147	31
-1.50224	140	31
-1.56143	126	31
-1.50348	143	31
-1.5019	153	31
-1.5631	124	31
-1.56496	117	31
-1.50078	133	31
-1.50102	148	31
-1.56268	129	31
-1.49829	117	31
-1.559	132	31
-1.50055	150	31
-1.5593	125	31
-1.5623	98	31
-1.55428	150	31
-1.55291	96	31
-1.56242	133	31
-1.56106	154	31
-1.56597	98	31
-1.50422	139	31
-1.56373	119	31
-1.49782	115	31
-1.50207	123	31
-1.1837	99	31
-1.55819	146	31
-1.50666	118	31
-1.50203	142	31
-1.50127	141	31
-1.50386	134	31
-1.5025	115	31
-1.56092	148	31
-1.54588	141	31
-1.56306	121	31
-1.55863	122	31
-1.54034	118	31
-1.50403	149	31
-1.50199	143	31
-1.50141	130	31
-1.50316	129	31
-1.50196	156	31
-1.50161	139	31
-1.55582	136	31
-1.50241	156	31
-1.56094	129	31
-1.50083	129	31
-1.55473	126	31
-1.49908	150	31
-1.56054	115	31
-1.50105	145	31
-1.50155	127	31
-1.56382	121	31
-1.56211	106	31
-1.50101	139	31
-1.50296	125	31
-1.56312	83	31
-1.50269	127	31
-1.49973	138	31
-1.50109	172	31
-1.49959	138	31
-1.56165	143	31
-1.5043	116	31
-1.50152	119	31
-1.49914	135	31
-1.50278	133	31
-1.56232	140	31
-1.49689	149	31
-1.50107	141	31
-1.56282	132	31
-1.56306	141	31
-1.55809	135	31
-1.50503	127	31
-1.50119	152	31
-1.55327	132	31
-1.56444	124	31
-1.563	119	31
-1.54157	146	31
-1.56207	134	31
-1.49779	142	31
-1.50204	124	31
-1.56302	144	31
-1.49713	139	31
-1.56141	116	31
-1.50168	148	31
-1.53567	127	31
-1.56066	136	31
-1.50138	143	31
-1.55898	107	31
-1.56092	134	31
-1.50146	146	31
-1.50089	151	31
-1.5021	132	31
-1.56189	102	31
-1.50043	139	31
-1.5014	114	31
-1.55687	154	31
-1.49859	156	31
-1.5634	103	31
-1.49885	138	31
-1.49956	129	31
-1.49732	133	31
-1.56573	101	31
-1.55903	127	31
-1.50189	160	31
-1.53064	138	31
-1.56018	134	31
-1.5011	159	31
-1.49748	149	31
-1.50145	115	31
-1.5583	116	31
-1.49998	168	31
-1.55487	79	31
-1.5022	155	31
-1.50128	130	31
-1.50272	123	31
-1.54622	103	31
-1.502	126	31
-1.55837	141	31
-1.56446	97	31
-1.55968	140	31
-1.56463	109	31
-1.56324	106	31
-1.50175	131	31
-1.56131	150	31
-1.5645	110	31
-1.50581	135	31
-1.50093	143	31
-1.50141	135	31
-1.56191	136	31
-1.50256	131	31
-1.55828	152	31
-1.50067	145	31
-1.50199	115	31
-1.49878	129	31
-1.5008	147	31
-1.56387	114	31
-1.50139	142	31
-1.5012	174	31
-1.50056	149	31
-1.50284	139	31
-1.50303	99	31
-1.56202	128	31
-1.50454	134	31
-1.5633	80	31
-1.55388	139	31
-1.49678	174	31
-1.56124	125	31
-1.50344	152	31
-1.56299	125	31
-1.55668	132	31
-1.49824	149	31
-1.49821	148	31
-1.55515	140	31
-1.56209	125	31
-1.55989	119	31
-1.50345	134	31
-1.55737	130	31
-1.56395	110	31
-1.55037	141	31
-1.50016	156	31
-1.49941	132	31
-1.50296	163	31
-1.50203	127	31
-1.55621	130	31
-1.55931	77	31
-1.56567	89	31
-1.5001	133	31
-1.56407	130	31
-1.56101	134	31
-1.56434	141	31
-1.50225	160	31
-1.5624	116	31
-1.50243	129	31
-1.50215	134	31
-1.4999	128	31
-1.50002	150	31
-1.50181	155	31
-1.50115	153	31
-1.49993	172	31
-1.50256	145	31
-1.50077	138	31
-1.55844	149	31
-1.49805	155	31
-1.55977	163	31
-1.55916	127	31
-1.50045	142	31
-1.50312	165	31
-1.55981	130	31
-1.50182	158	31
-1.56486	112	31
-1.50376	138	31
-1.50076	142	31
-1.54403	164	31
-1.49984	149	31
-1.55873	135	31
-1.50339	147	31
-1.49966	123	31
-1.50097	141	31
-1.50266	118	31
-1.54201	127	31
-1.49995	150	31
-1.50283	155	31
-1.55835	132	31
-1.50286	160	31
-1.50262	126	31
-1.50049	118	31
-1.54599	139	31
-1.52859	140	31
-1.4993	158	31
-1.50301	142	31
-1.55934	109	31
-1.55104	107	31
-1.56251	150	31
-1.56493	133	31
-1.50154	141	31
-1.50053	152	31
-1.50084	164	31
-1.50394	154	31
-1.56184	138	31
-1.50205	137	31
-1.55923	150	31
-1.50179	126	31
0.99103	142	31
-1.50634	101	31
-1.55769	153	31
-1.56084	106	31
-1.49876	120	31
-1.50868	138	31
-1.55282	113	31
-1.49784	129	31
-1.50065	152	31
-1.56029	125	31
-1.49886	149	31
-1.50224	129	31
-1.50285	134	31
-1.50144	150	31
-1.53155	144	31
-1.50155	154	31
-1.50043	140	31
-1.50085	137	31
-1.56154	103	31
-1.56268	101	31
-1.49997	119	31
-1.56303	135	31
-1.5017	130	31
-1.56324	118	31
-1.50175	145	31
-1.49949	125	31
-1.55734	91	31
-1.56152	146	31
-1.50084	141	31
-1.55409	154	31
-1.50107	149	31
-1.50331	144	31
-1.56423	137	31
-1.55994	140	31
-1.50225	143	31
-1.49742	153	31
-1.55917	138	31
-1.55475	117	31
-1.56401	137	31
-1.50133	138	31
-1.54922	146	31
-1.49931	151	31
-1.50259	148	31
-1.50318	129	31
-1.56362	117	31
-1.49901	133	31
-1.5023	141	31
-1.50127	160	31
-1.50079	158	31
-1.56394	136	31
-1.5011	133	31
-1.49976	151	31
-1.50172	138	31
-1.54748	156	31
-1.52159	137	31
-1.5041	147	31
-1.56066	128	31
-1.49967	130	31
-1.56027	141	31
-1.55382	129	31
-1.50165	135	31
-1.56416	133	31
-1.50098	129	31
-1.52024	116	31
-1.56075	131	31
-1.56188	170	31
-1.49907	165	31
-1.56244	126	31
-1.50661	136	31
-1.50411	104	31
-1.50098	149	31
-1.50479	155	31
-1.56054	149	31
-1.50043	141	31
-1.50395	135	31
-1.53104	98	31
-1.50232	139	31
-1.55917	147	31
-1.5231	120	31
-1.50131	154	31
-1.50099	137	31
-1.50052	127	31
-1.54928	122	31
-1.50281	143	31
-1.50132	142	31
-1.56322	112	31
-1.5598	116	31
-1.50173	135	31
-1.56438	124	31
-1.50197	149	31
-1.49932	173	31
-1.49869	161	31
-1.56274	119	31
-1.50284	125	31
-1.54167	118	31
-1.50242	115	31
-1.50234	144	31
-1.5007	148	31
-1.54465	144	31
-1.50349	126	31
-1.5033	153	31
-1.50097	138	31
-1.49825	141	31
-1.5037	139	31
-1.49979	150	31
-1.501	146	31
-1.56284	125	31
-1.50182	117	31
-1.56412	139	31
-1.50148	135	31
-1.50174	139	31
-1.56246	104	31
-1.55755	145	31
-1.56073	106	31
-1.56106	114	31
-1.4999	148	31
-1.50007	156	31
-1.50165	140	31
-1.50295	141	31
-1.56014	131	31
-1.56146	134	31
-1.49834	132	31
-1.5025	136	31
-1.50152	151	31
-1.50432	154	31
-1.50091	146	31
-1.50094	151	31
-1.55243	131	31
-1.49895	162	31
-1.50086	121	31
-1.50403	157	31
-1.50272	140	31
-1.50576	140	31
-1.55268	134	31
-1.54805	95	31
-1.50259	167	31
-1.50234	111	31
-1.49606	156	31
-1.50367	134	31
-1.49812	147	31
-1.50052	129	31
-1.5148	130	31
-1.49955	151	31
-1.5012	133	31
-1.50159	133	31
-1.50162	152	31
-1.56333	103	31
-1.49962	108	31
-1.56377	89	31
-1.50036	151	31
-1.50095	150	31
-1.5016	139	31
-1.50228	133	31
-1.56598	131	31
-1.50043	143	31
-1.55818	127	31
-1.50249	147	31
-1.50187	182	31
-1.49789	146	31
-1.56135	112	31
-1.49955	143	31
-1.55928	99	31
-1.50031	135	31
-1.50029	151	31
-1.50168	152	31
-1.50249	130	31
-1.49848	143	31
-1.56139	137	31
-1.50043	121	31
-1.50056	145	31
-1.56119	115	31
-1.49885	138	31
-1.54869	117	31
-1.50018	119	31
-1.50233	157	31
-1.50284	135	31
-1.56374	100	31
-1.49811	133	31
-1.56305	123	31
-1.52789	131	31
-1.49903	161	31
-1.55421	138	31
-1.50186	129	31
-1.49922	157	31
-1.50319	145	31
-1.5005	156	31
-1.50018	133	31
-1.49709	155	31
-1.56422	102	31
-1.49899	138	31
-1.53746	112	31
-1.55229	135	31
-1.50343	144	31
-1.50289	162	31
-1.56139	115	31
-1.50687	141	31
-1.50232	131	31
-1.55814	131	31
-1.50593	132	31
-1.56161	153	31
-1.49853	135	31
-1.56176	132	31
-1.5018	145	31
-1.49966	142	31
-1.53539	117	31
-1.55013	119	31
-1.56261	141	31
-1.55963	158	31
-1.56039	138	31
-1.56206	132	31
-1.50176	134	31
-1.56061	123	31
-1.50004	130	31
-1.56049	144	31
-1.49864	140	31
-1.49873	138	31
-1.50067	182	31
-1.56117	95	31
-1.50028	148	31
-1.56155	131	31
-1.50149	153	31
-1.5483	103	31
-1.55816	152	31
-1.50087	131	31
-1.56368	77	31
-1.56188	127	31
-1.49982	148	31
-1.50241	122	31
-1.54651	131	31
-1.49858	124	31
-1.50238	124	31
-1.55196	139	31
-1.50106	143	31
-1.50032	132	31
-1.49968	140	31
-1.56435	118	31
-1.5002	134	31
-1.50081	104	31
-1.55783	131	31
-1.50149	137	31
-1.50169	132	31
-1.5583	126	31
-1.56504	133	31
-1.55765	115	31
-1.53114	142	31
-1.50041	130	31
-1.56072	119	31
-1.5639	133	31
-1.4999	141	31
-1.55269	114	31
-1.56398	119	31
-1.5538	135	31
-1.50437	156	31
-1.50009	162	31
-1.56118	133	31
-1.56265	133	31
-1.55714	135	31
-1.53926	116	31
-1.55964	156	31
-1.50061	145	31
-1.50262	139	31
-1.49868	145	31
-1.50104	146	31
-1.53325	96	31
-1.50002	123	31
-1.56274	135	31
-1.56248	98	31
-1.5018	150	31
-1.50327	151	31
-1.50315	134	31
-1.55797	147	31
-1.49848	150	31
-1.49922	146	31
-1.49954	143	31
-1.50093	133	31
-1.50187	126	31
-1.56289	137	31
-1.56414	98	31
-1.53917	139	31
-1.50359	148	31
-1.50162	132	31
-1.50352	124	31
-1.50116	143	31
-1.56011	103	31
-1.56263	150	31
-1.56278	113	31
-1.55512	142	31
-1.50399	134	31
-1.50133	128	31
-1.5595	121	31
-1.50107	144	31
-1.4989	128	31
-1.56172	121	31
-1.50125	134	31
-1.49882	148	31
-1.50276	134	31
-1.50074	143	31
-1.50203	134	31
-1.50138	142	31
-1.56004	119	31
-1.5616	118	31
-1.50183	131	31
-1.50328	140	31
-1.56517	111	31
-1.50197	129	31
-1.49883	147	31
-1.5015	126	31
-1.56315	150	31
-1.49812	127	31
-1.56305	101	31
-1.55	117	31
-1.50245	156	31
-1.56446	131	31
-1.50326	131	31
-1.50253	130	31
-1.50181	123	31
-1.50162	147	31
-1.50112	130	31
-1.55699	133	31
-1.50118	148	31
-1.50074	125	31
-1.49783	145	31
-1.50128	133	31
-1.50258	145	31
-1.50064	136	31
-1.49997	131	31
-1.5038	134	31
-1.50161	163	31
-1.55024	130	31
-1.54992	106	31
-1.56038	134	31
-1.5619	115	31
-1.50126	113	31
-1.50014	154	31
-1.52999	152	31
-1.49971	125	31
-1.49932	133	31
-1.49954	135	31
-1.49773	146	31
-1.55749	112	31
-1.50339	134	31
-1.50125	157	31
-1.55197	136	31
-1.49874	144	31
-1.56348	101	31
-1.54407	121	31
-1.50188	135	31
-1.5655	138	31
-1.49996	145	31
-1.50012	106	31
-1.49835	141	31
-1.52625	137	31
-1.56261	144	31
-1.50142	146	31
-1.50256	122	31
-1.50269	139	31
-1.55921	139	31
-1.50276	164	31
-1.5515	125	31
-1.55959	165	31
-1.50306	150	31
-1.55849	130	31
-1.55494	100	31
-1.49982	137	31
-1.56591	153	31
-1.5646	120	31
-1.5006	171	31
-1.56279	119	31
-1.50036	108	31
-1.50056	142	31
-1.50298	154	31
-1.52995	104	31
-1.49989	136	31
-1.50163	132	31
-1.50056	120	31
-1.50177	157	31
-1.50333	133	31
-1.50198	122	31
-1.49939	146	31
-1.50343	130	31
-1.50174	164	31
-1.49993	136	31
-1.50118	146	31
-1.56011	159	31
-1.49796	162	31
-1.56376	108	31
-1.49796	157	31
-1.50123	134	31
-1.50343	142	31
-1.50041	163	31
-1.50108	121	31
-1.50061	133	31
-1.56095	169	31
-1.50208	114	31
-1.56444	151	31
-1.50266	137	31
-1.50976	142	31
-1.55878	141	31
-1.50213	135	31
-1.56262	127	31
-1.4977	119	31
-1.50205	125	31
-1.56238	147	31
-1.5615	106	31
-1.49859	166	31
-1.49945	140	31
-1.55928	141	31
-1.56116	137	31
-1.50175	153	31
-1.52548	122	31
-1.50008	137	31
-1.50064	149	31
-1.49999	161	31
-1.56032	113	31
-1.50092	139	31
-1.50772	122	31
-1.50267	127	31
-1.55873	115	31
-1.50001	163	31
-1.50417	134	31
-1.50212	164	31
-1.56323	104	31
-1.55811	115	31
-1.50143	122	31
-1.49978	144	31
-1.55956	129	31
-1.55674	115	31
-1.56063	119	31
-1.49902	150	31
-1.50018	124	31
-1.49857	142	31
-1.55897	144	31
-1.55959	109	31
-1.50098	140	31
-1.50221	134	31
-1.5629	121	31
-1.55304	106	31
-1.56241	134	31
-1.50178	150	31
-1.49928	159	31
-1.56052	119	31
-1.50387	124	31
-1.55968	132	31
-1.56177	130	31
-1.5049	129	31
-1.50203	137	31
-1.49847	152	31
-1.50177	133	31
-1.56226	125	31
-1.56195	133	31
-1.56159	134	31
-1.55367	128	31
-1.5012	130	31
-1.50369	117	31
-1.51759	131	31
-1.54464	130	31
-1.56566	124	31
-1.49961	138	31
-1.55736	132	31
-1.50233	162	31
-1.50146	143	31
-1.55969	146	31
-1.49905	147	31
-1.56121	130	31
-1.56094	170	31
-1.49906	145	31
-1.55477	124	31
-1.5527	159	31
-1.55995	120	31
-1.55578	140	31
-1.5016	130	31
-1.56075	123	31
-1.55896	100	31
-1.50048	121	31
-1.50155	146	31
-1.49993	142	31
-1.49935	141	31
-1.56165	115	31
-1.50345	142	31
-1.50247	154	31
-1.50469	144	31
-1.50214	134	31
-1.52267	125	31
-1.56	126	31
-1.55319	141	31
-1.50104	115	31
-1.50235	133	31
-1.49973	155	31
-1.50067	128	31
-1.50055	140	31
-1.50251	129	31
-1.50021	150	31
-1.56148	118	31
-1.5631	146	31
-1.50217	135	31
-1.49894	139	31
-1.56054	143	31
-1.56469	77	31
-1.56335	136	31
-1.4971	146	31
-1.50194	130	31
-1.56393	107	31
-1.49978	140	31
-1.49969	133	31
-1.50028	131	31
-1.5032	114	31
-1.56024	143	31
-1.50014	136	31
-1.55962	150	31
-1.56004	138	31
-1.49739	124	31
-1.49935	136	31
-1.50131	143	31
-1.50037	152	31
-1.50009	139	31
-1.52036	130	31
-1.49709	157	31
-1.49887	144	31
-1.56126	114	31
-1.5027	131	31
-1.5598	145	31
-1.50044	136	31
-1.50244	124	31
-1.50046	140	31
-1.56086	121	31
-1.49847	158	31
-1.50122	146	31
-1.49935	146	31
-1.55923	87	31
-1.50316	127	31
-1.50183	135	31
-1.51698	131	31
-1.56015	134	31
-1.56348	120	31
-1.50235	138	31
-1.49945	139	31
-1.56085	131	31
-1.56183	139	31
-1.50343	136	31
-1.5	143	31
-1.50036	151	31
-1.50336	132	31
-1.56329	142	31
-1.52083	143	31
-1.52056	122	31
-1.50022	141	31
-1.50132	132	31
-1.50083	127	31
-1.50134	136	31
-1.56015	116	31
-1.50164	143	31
-1.4991	131	31
-1.49844	134	31
-1.50116	155	31
-1.49476	123	31
-1.56174	135	31
-1.50181	147	31
-1.49661	176	31
-1.49989	160	31
-1.55417	121	31
-1.56085	82	31
-1.56335	111	31
-1.50193	148	31
-1.55957	149	31
-1.5001	126	31
-1.4964	143	31
-1.56251	124	31
-1.49916	140	31
-1.49985	125	31
-1.50154	130	31
-1.56243	98	31
-1.50043	179	31
-1.55261	148	31
-1.56344	124	31
-1.50204	136	31
-1.56115	120	31
-1.49927	140	31
-1.50199	101	31
-1.50326	158	31
-1.56262	93	31
-1.56039	144	31
-1.56217	112	31
-1.49706	156	31
-1.50243	134	31
-1.56037	119	31
-1.56114	131	31
-1.54709	137	31
-1.5032	103	31
-1.5021	118	31
-1.50084	132	31
-1.55904	120	31
-1.50191	137	31
-1.56356	132	31
-1.50215	128	31
-1.56253	98	31
-1.50226	135	31
-1.50288	137	31
-1.49798	154	31
-1.56227	94	31
-1.56292	110	31
-1.49964	118	31
-1.50039	141	31
-1.50141	148	31
-1.50279	131	31
-1.54466	117	31
-1.50175	157	31
-1.55794	149	31
-1.50255	136	31
-1.50363	151	31
-1.49842	141	31
-1.55941	144	31
-1.50246	129	31
-1.50184	147	31
-1.54352	147	31
-1.50343	138	31
-1.49733	132	31
-1.56154	131	31
-1.56156	150	31
-1.50197	149	31
-1.50491	124	31
-1.50249	114	31
-1.56222	100	31
-1.49992	128	31
-1.56045	121	31
-1.50276	132	31
-1.50125	134	31
-1.50207	132	31
-1.50184	156	31
-1.50157	159	31
-1.55949	141	31
-1.49796	146	31
-1.4996	130	31
-1.55946	118	31
-1.56177	139	31
-1.50035	134	31
-1.56605	119	31
-1.50394	136	31
-1.50015	134	31
-1.49941	129	31
-1.56281	96	31
-1.50213	145	31
-1.50297	138	31
-1.50149	129	31
-1.50278	137	31
-1.56354	105	31
-1.5635	134	31
-1.50161	152	31
-1.50298	137	31
-1.5626	141	31
-1.49959	131	31
-1.5031	145	31
-1.49809	133	31
-1.56123	121	31
-1.54939	113	31
-1.50081	166	31
-1.56336	153	31
-1.49688	138	31
-1.50094	162	31
-1.50069	129	31
-1.56054	158	31
-1.55509	120	31
-1.50308	131	31
-1.49972	125	31
-1.49818	155	31
-1.50009	132	31
-1.50167	117	31
-1.50141	139	31
-1.50196	139	31
-1.55388	122	31
-1.55701	66	31
-1.50083	127	31
-1.55924	137	31
-1.46446	114	31
-1.56237	99	31
-1.54974	129	31
-1.50167	134	31
-1.50046	126	31
-1.56232	129	31
-1.52437	142	31
-1.55702	125	31
-1.5002	133	31
-1.56551	134	31
-1.55896	121	31
-1.5008	140	31
-1.50172	138	31
-1.49805	145	31
-1.56589	93	31
-1.56274	113	31
-1.5023	123	31
-1.56242	133	31
-1.49781	144	31
-1.50481	167	31
-1.50034	128	31
-1.50242	130	31
-1.55726	124	31
-1.49982	119	31
-1.50027	133	31
-1.56302	111	31
-1.56283	130	31
-1.49907	157	31
-1.50014	123	31
-1.56106	131	31
-1.49993	135	31
-1.49861	150	31
-1.50118	137	31
-1.5	146	31
-1.50175	142	31
-1.55391	145	31
-1.49845	140	31
-1.56375	126	31
-1.50013	143	31
-1.50114	143	31
-1.56194	132	31
-1.56045	101	31
-1.56215	116	31
-1.56173	143	31
-1.50054	121	31
-1.50039	118	31
-1.56284	99	31
-1.50036	144	31
-1.49935	133	31
-1.56385	134	31
-1.50029	156	31
-1.56115	147	31
-1.51056	152	31
-1.56456	130	31
-1.50285	135	31
-1.50137	152	31
-1.5612	106	31
-1.55956	140	31
-1.50197	150	31
-1.49951	130	31
-1.50049	133	31
-1.5016	133	31
-1.50238	160	31
-1.5021	136	31
-1.56248	165	31
-1.55806	103	31
-1.49956	144	31
-1.55654	159	31
-1.50125	126	31
-1.55886	114	31
-1.5031	136	31
-1.56384	117	31
-1.50053	140	31
-1.5023	147	31
-1.50224	154	31
-1.56219	162	31
-1.50232	142	31
-1.50213	133	31
-1.50233	114	31
-1.52929	135	31
-1.50433	138	31
-1.495	126	31
-1.5032	140	31
-1.55609	123	31
-1.563	120	31
-1.49977	137	31
-1.50095	158	31
-1.50178	161	31
-1.50063	133	31
-1.50029	146	31
-1.56331	143	31
-1.50277	124	31
-1.50643	132	31
-1.51481	114	31
-1.50097	135	31
-1.56162	171	31
-1.50281	126	31
-1.50009	146	31
-1.49785	138	31
-1.50186	141	31
-1.50318	147	31
-1.50067	147	31
-1.50165	133	31
-1.50128	130	31
-1.50598	135	31
-1.56047	120	31
-1.50299	133	31
-1.50385	152	31
-1.49819	134	31
-1.5098	153	31
-1.56397	105	31
-1.50167	148	31
-1.56304	128	31
-1.50012	160	31
-1.56613	115	31
-1.49954	151	31
-1.56406	130	31
-1.50064	167	31
-1.50323	143	31
-1.56184	121	31
-1.50208	133	31
-1.56273	126	31
-1.56203	133	31
-1.50325	150	31
-1.50169	139	31
-1.50286	139	31
-1.49924	121	31
-1.56484	109	31
-1.55723	121	31
-1.50017	118	31
-1.56247	159	31
-1.56258	102	31
-1.50167	132	31
-1.50287	134	31
-1.49715	139	31
-1.55086	153	31
-1.49738	131	31
-1.55778	112	31
-1.53191	135	31
-1.49994	132	31
-1.56262	150	31
-1.50305	164	31
-1.50172	141	31
-1.55578	147	31
-1.50129	138	31
-1.54886	132	31
-1.49959	136	31
-1.49959	125	31
-1.50012	134	31
-1.56037	144	31
-1.50203	143	31
-1.55538	109	31
-1.49936	129	31
-1.49786	159	31
-1.56061	134	31
-1.49969	168	31
-1.5044	135	31
-1.49904	175	31
-1.50144	137	31
-1.50247	133	31
-1.50104	139	31
-1.56641	139	31
-1.55378	101	31
-1.56365	136	31
-1.49851	146	31
-1.50116	125	31
-1.56498	162	31
-1.50083	131	31
-1.56279	130	31
-1.56259	115	31
-1.50229	131	31
-1.55997	96	31
-1.56094	152	31
-1.49933	159	31
-1.56154	122	31
-1.50218	141	31
-1.50289	155	31
-1.56013	126	31
-1.50307	125	31
-1.50305	136	31
-1.56413	129	31
-1.49963	129	31
-1.50211	146	31
-1.50135	137	31
-1.50067	122	31
-1.50313	123	31
-1.56418	115	31
-1.55685	149	31
-1.56287	111	31
-1.50244	115	31
-1.50154	115	31
-1.50155	150	31
-1.56134	147	31
-1.5015	140	31
-1.55078	107	31
-1.50129	117	31
-1.50263	128	31
-1.49996	130	31
-1.56012	84	31
-1.56073	112	31
-1.49709	137	31
-1.55803	180	31
-1.50318	147	31
-1.49921	132	31
-1.50116	131	31
-1.49969	174	31
-1.56552	91	31
-1.53145	122	31
-1.56351	127	31
-1.56137	134	31
-1.54279	122	31
-1.50151	129	31
-1.56288	124	31
-1.55775	123	31
-1.50375	128	31
-1.50187	143	31
-1.55303	157	31
-1.56158	129	31
-1.50055	161	31
-1.56468	131	31
-1.56003	155	31
-1.54872	151	31
-1.50237	111	31
-1.56255	134	31
-1.5561	145	31
-1.49959	134	31
-1.50031	170	31
-1.49869	144	31
-1.50083	167	31
-1.56224	124	31
-1.50071	146	31
-1.49996	136	31
-1.50162	145	31
-1.5615	118	31
-1.55914	143	31
-1.50334	135	31
-1.55952	122	31
-1.55513	98	31
-1.49661	127	31
-1.5021	134	31
-1.50049	150	31
-1.50123	140	31
-1.50219	118	31
-1.4997	146	31
-1.50063	131	31
-1.55818	150	31
-1.5011	154	31
-1.56345	147	31
-1.49963	131	31
-1.50223	154	31
-1.49886	157	31
-1.56138	129	31
-1.50175	128	31
-1.50321	153	31
-1.49945	137	31
-1.56598	106	31
-1.56086	107	31
-1.50327	120	31
-1.55623	141	31
-1.50153	114	31
-1.56392	116	31
-1.56563	115	31
-1.55997	147	31
-1.50017	150	31
-1.50056	133	31
-1.49727	136	31
-1.5002	143	31
-1.55998	123	31
-1.50003	156	31
-1.49856	140	31
-1.5027	129	31
-1.56025	102	31
-1.54378	148	31
-1.53883	116	31
-1.56222	98	31
-1.55287	133	31
-1.50149	132	31
-1.56532	140	31
-1.56047	168	31
-1.50099	173	31
-1.50107	125	31
-1.56223	152	31
-1.50865	127	31
-1.54932	96	31
-1.55981	131	31
-1.49943	142	31
-1.50014	158	31
-1.55627	124	31
-1.50259	135	31
-1.5012	142	31
-1.49891	139	31
-1.50128	138	31
-1.56042	160	31
-1.50122	136	31
-1.5013	157	31
-1.49785	150	31
-1.56165	132	31
-1.5004	149	31
-1.4993	143	31
-1.50304	120	31
-1.50233	149	31
-1.50247	137	31
-1.5587	130	31
-1.4999	118	31
-1.50109	139	31
-1.50361	126	31
-1.49994	142	31
-1.50192	127	31
-1.56496	139	31
-1.56024	131	31
-1.55798	113	31
-1.5538	158	31
-1.56442	114	31
-1.50278	140	31
-1.50182	122	31
-1.553	102	31
-1.55114	141	31
-1.50042	132	31
-1.50173	127	31
-1.54035	94	31
-1.49974	133	31
-1.50027	151	31
-1.49961	143	31
-1.55622	128	31
-1.56251	121	31
-1.50326	158	31
-1.49833	146	31
-1.50062	149	31
-1.56322	82	31
-1.49845	140	31
-1.50117	162	31
-1.52882	114	31
-1.56228	173	31
-1.50167	152	31
-1.55981	110	31
-1.50375	137	31
-1.56333	140	31
-1.55995	132	31
-1.56042	117	31
-1.50094	129	31
-1.56216	99	31
-1.50117	160	31
-1.55819	113	31
-1.50186	123	31
-1.49922	148	31
-1.49829	131	31
-1.56239	125	31
-1.56243	156	31
-1.50252	157	31
-1.4993	147	31
-1.50094	146	31
-1.558	141	31
-1.56384	118	31
-1.50117	128	31
-1.06771	90	31
-1.56129	145	31
-1.50182	143	31
-1.50274	121	31
-1.50024	159	31
-1.49981	150	31
-1.50197	131	31
-1.49932	129	31
-1.50232	133	31
-1.50302	154	31
-1.5005	121	31
-1.53786	92	31
-1.498	126	31
-1.56179	117	31
-1.56269	126	31
-1.50107	163	31
-1.55809	126	31
-1.55797	156	31
-1.49877	128	31
-1.50205	149	31
-1.49977	151	31
-1.56158	129	31
-1.56309	99	31
-1.56237	104	31
-1.50033	130	31
-1.53183	113	31
-1.50268	150	31
-1.50033	122	31
-1.49923	155	31
-1.50138	162	31
-1.50183	109	31
-1.55659	130	31
-1.50192	148	31
-1.50269	135	31
-1.50237	155	31
-1.56301	117	31
-1.56378	120	31
-1.50137	152	31
-1.50148	123	31
-1.55981	148	31
-1.56271	144	31
-1.50341	131	31
-1.4992	153	31
-1.50088	145	31
-1.56248	103	31
-1.50144	149	31
-1.50182	154	31
-1.56131	119	31
-1.50131	115	31
-1.50116	119	31
-1.50004	140	31
-1.50309	133	31
-1.49896	143	31
-1.50025	143	31
-1.5004	141	31
-1.50375	142	31
-1.50145	152	31
-1.51913	113	31
-1.4998	112	31
-1.49961	120	31
-1.56421	128	31
-1.55294	124	31
-1.50026	140	31
-1.50178	135	31
-1.50344	134	31
-1.50239	143	31
-1.56404	130	31
-1.49923	164	31
-1.50166	135	31
-1.50327	141	31
-1.50293	127	31
-1.56212	134	31
-1.49886	140	31
-1.5598	139	31
-1.54546	131	31
-1.5011	121	31
-1.50425	127	31
-1.50166	148	31
-1.49904	151	31
-1.50278	136	31
-1.56435	84	31
-1.56323	135	31
-1.50354	142	31
-1.49923	154	31
-1.49841	147	31
-1.52151	133	31
-1.56334	107	31
-1.50149	134	31
-1.50297	111	31
-1.49875	149	31
-1.56268	151	31
-1.50144	133	31
-1.50012	156	31
-1.56496	92	31
-1.56085	143	31
-1.56278	139	31
-1.50264	149	31
-1.50065	152	31
-1.50044	138	31
-1.50052	156	31
-1.56168	140	31
-1.50013	140	31
-1.50357	121	31
-1.50337	147	31
-1.50028	134	31
-1.50243	156	31
-1.49557	154	31
-1.50443	156	31
-1.49914	124	31
-1.56114	120	31
-1.55985	107	31
-1.56238	116	31
-1.50125	130	31
-1.56105	153	31
-1.50174	141	31
-1.50186	149	31
-1.53792	158	31
-1.50254	145	31
-1.4983	153	31
-1.55916	129	31
-1.51924	127	31
-1.50247	130	31
-1.50023	113	31
-1.56118	110	31
-1.50342	153	31
-1.55189	136	31
-1.56338	127	31
-1.49931	130	31
-1.4941	156	31
-1.50051	151	31
-1.4999	157	31
-1.55935	137	31
-1.50073	139	31
-1.56414	98	31
-1.55754	151	31
-1.49874	134	31
-1.50036	113	31
-1.56367	140	31
-1.49957	108	31
-1.50015	140	31
-1.5627	101	31
-1.50223	135	31
-1.50146	134	31
-1.56469	116	31
-1.50136	116	31
-1.55471	116	31
-1.49527	155	31
-1.49744	119	31
-1.5597	95	31
-1.49959	136	31
-1.49988	140	31
-1.56619	81	31
-1.56608	138	31
-1.56253	138	31
-1.50171	160	31
-1.55769	135	31
-1.56396	107	31
-1.55512	139	31
-1.5632	129	31
-1.50023	143	31
-1.50199	137	31
-1.56082	157	31
-1.50236	145	31
-1.55696	125	31
-1.4971	146	31
-1.5602	153	31
-1.50264	135	31
-1.50153	129	31
-1.50158	150	31
-1.55987	115	31
-1.56074	81	31
-1.5014	125	31
-1.5651	124	31
-1.50237	136	31
-1.50414	148	31
-1.55767	137	31
-1.50129	136	31
-1.50205	140	31
-1.52366	133	31
-1.49997	147	31
-1.50182	169	31
-1.55955	155	31
-1.50343	157	31
-1.49512	138	31
-1.50476	135	31
-1.50236	152	31
-1.49982	151	31
-1.50064	125	31
-1.50199	120	31
-1.50118	141	31
-1.50082	137	31
-1.50265	136	31
-1.50276	125	31
-1.49948	138	31
-1.50004	137	31
-1.50243	149	31
-1.4997	130	31
-1.56413	154	31
-1.50261	120	31
-1.50191	157	31
-1.50135	116	31
-1.5002	114	31
-1.50136	143	31
-1.50061	138	31
-1.5581	145	31
-1.50221	127	31
-1.53179	137	31
-1.50253	118	31
-1.49943	157	31
-1.49798	116	31
-1.50033	135	31
-1.56227	138	31
-1.50106	145	31
-1.50024	149	31
-1.56285	108	31
-1.49889	105	31
-1.50075	150	31
-1.50181	143	31
-1.56151	125	31
-1.56382	102	31
-1.56239	156	31
-1.5024	121	31
-1.50186	162	31
-1.56391	118	31
-1.50073	137	31
-1.50212	129	31
-1.5654	143	31
-1.50472	138	31
-0.91355	118	31
-1.56262	113	31
-1.50085	134	31
-1.56255	124	31
-1.54785	125	31
-1.50033	134	31
-1.56103	143	31
-1.5628	147	31
-1.50096	144	31
-1.50087	154	31
-1.56213	101	31
-1.56309	151	31
-1.50065	141	31
-1.55755	143	31
-1.50191	156	31
-1.55149	145	31
-1.56283	96	31
-1.56411	145	31
-1.56203	124	31
-1.56399	116	31
-1.50027	124	31
-1.50116	133	31
-1.50058	147	31
-1.55841	105	31
-1.50525	147	31
-1.50194	136	31
-1.49827	170	31
-1.50302	142	31
-1.50047	137	31
-1.5469	101	31
-1.49968	125	31
-1.49893	133	31
-1.49615	141	31
-1.56482	119	31
-1.50148	152	31
-1.50019	108	31
-1.56437	100	31
-1.50031	140	31
-1.49665	130	31
-1.55934	133	31
-1.50008	143	31
-1.50158	133	31
-1.50015	116	31
-1.50332	167	31
-1.5637	94	31
-1.49879	131	31
-1.56404	156	31
-1.49905	180	31
-1.56348	127	31
-1.49898	161	31
-1.50168	135	31
-1.55575	138	31
-1.50082	165	31
-1.49882	127	31
-1.49996	152	31
-1.52038	125	31
-1.50029	151	31
-1.50127	140	31
-1.56128	130	31
-1.50387	128	31
-1.50121	135	31
-1.50311	145	31
-1.55562	127	31
-1.56086	136	31
-1.50239	138	31
-1.55299	135	31
-1.50385	133	31
-1.50775	162	31
-1.5019	140	31
-1.4985	185	31
-1.56299	137	31
-1.49946	117	31
-1.50138	166	31
-1.56346	148	31
-1.50158	148	31
-1.50064	150	31
-1.50053	164	31
-1.50346	120	31
-1.50074	109	31
-1.56138	144	31
-1.5623	131	31
-1.50218	147	31
-1.56529	143	31
-1.55477	133	31
-1.56088	137	31
-1.50174	113	31
-1.50113	142	31
-1.50249	134	31
-1.50296	145	31
-1.56138	137	31
-1.50294	125	31
-1.50421	135	31
-1.50207	152	31
-1.50188	131	31
-1.50135	153	31
-1.55692	143	31
-1.56648	105	31
-1.56024	147	31
-1.5018	146	31
-1.50021	161	31
-1.56388	137	31
-1.50083	135	31
-1.5019	150	31
-1.56296	83	31
-1.56174	104	31
-1.501	156	31
-1.50093	146	31
-1.50245	146	31
-1.56071	144	31
-1.49791	121	31
-1.50592	145	31
-1.50074	140	31
-1.56239	141	31
-1.50456	155	31
-1.50256	125	31
-1.50051	140	31
-1.56254	149	31
-1.50327	146	31
-1.56497	149	31
-1.50046	132	31
-1.50227	128	31
-1.56467	111	31
-1.56317	125	31
-1.50321	134	31
-1.50269	139	31
-1.56185	135	31
-1.56419	136	31
-1.50197	128	31
-1.56482	87	31
-1.55851	153	31
-1.50045	136	31
-1.50159	113	31
-1.50306	115	31
-1.56146	101	31
-1.50182	138	31
-1.56062	112	31
-1.50217	133	31
-1.56234	120	31
-1.55897	139	31
-1.49991	131	31
-1.50164	124	31
-1.50197	144	31
-1.50142	174	31
-1.56132	141	31
-1.501	128	31
-1.55657	125	31
-1.56194	127	31
-1.56443	106	31
-1.50016	163	31
-1.50159	121	31
-1.5005	143	31
-1.55736	100	31
-1.50007	138	31
-1.56325	122	31
-1.50128	137	31
-1.50054	141	31
-1.56182	105	31
-1.50112	154	31
-1.49904	156	31
-1.54422	136	31
-1.49902	145	31
-1.49877	162	31
-1.56027	131	31
-1.50082	144	31
-1.55844	132	31
-1.56241	124	31
-1.50178	125	31
-1.5008	136	31
-1.50191	145	31
-1.54207	116	31
-1.49948	127	31
-1.50124	142	31
-1.55693	135	31
-1.49923	135	31
-1.56035	130	31
-1.50232	115	31
-1.50359	165	31
-1.50104	124	31
-1.56196	150	31
-1.50036	149	31
-1.5016	132	31
-1.50159	152	31
-1.54794	137	31
-1.56293	85	31
-1.53359	156	31
-1.50198	140	31
-1.49987	137	31
-1.50163	142	31
-1.50041	129	31
-1.50197	156	31
-1.50128	151	31
-1.50538	131	31
-1.56468	128	31
-1.55824	114	31
-1.49955	124	31
-1.56316	141	31
-1.50201	121	31
-1.50244	137	31
-1.49476	140	31
-1.50142	169	31
-1.50147	139	31
-1.56201	123	31
-1.49975	178	31
-1.51235	146	31
-1.50289	134	31
-1.49978	151	31
-1.565	140	31
-1.50057	161	31
-1.50431	146	31
-1.50131	179	31
-1.50052	129	31
-1.50096	145	31
-1.50106	134	31
-1.49976	145	31
-1.50097	143	31
-1.55845	134	31
-1.56366	121	31
-1.5031	131	31
-1.56186	120	31
-1.5008	144	31
-1.56145	123	31
-1.50196	159	31
-1.56325	103	31
-1.55773	131	31
-1.50097	143	31
-1.56086	108	31
-1.49965	142	31
-1.50116	123	31
-1.49831	116	31
-1.50075	133	31
-1.56317	109	31
-1.56112	130	31
-1.499	139	31
-1.50119	126	31
-1.55658	139	31
-1.50164	155	31
-1.50145	132	31
-1.50207	162	31
-1.49948	150	31
-1.50433	142	31
-1.49949	132	31
-1.50071	177	31
-1.50183	125	31
-1.55725	142	31
-1.5035	126	31
-1.56103	142	31
-1.49952	140	31
-1.55639	98	31
-1.56099	121	31
-1.5013	129	31
-1.51972	131	31
-1.50313	141	31
-1.5149	140	31
-1.50067	157	31
-1.50132	142	31
-1.50186	155	31
-1.50162	142	31
-1.50079	154	31
-1.49963	117	31
-1.50371	125	31
-1.50093	149	31
-1.50218	139	31
-1.49924	130	31
-1.50086	127	31
-1.49856	134	31
-1.50065	153	31
-1.56229	122	31
-1.55349	112	31
-1.49965	165	31
-1.56011	137	31
-1.55198	140	31
-1.50361	139	31
-1.55957	114	31
-1.49928	114	31
-1.56412	139	31
-1.55533	138	31
-1.56556	156	31
-1.56149	129	31
-1.5017	128	31
-1.55943	151	31
-1.56498	155	31
-1.55972	131	31
-1.55679	148	31
-1.50165	144	31
-1.50176	146	31
-1.50147	123	31
-1.55339	151	31
-1.5012	127	31
-1.50105	138	31
-1.50151	156	31
-1.50251	137	31
-1.55453	138	31
-1.50256	141	31
-1.50117	160	31
-1.56483	89	31
-1.50154	136	31
-1.50089	146	31
-1.54847	135	31
-1.50315	147	31
-1.5031	132	31
-1.50011	139	31
-1.49879	148	31
-1.51216	145	31
-1.55763	110	31
-1.49888	113	31
-1.56356	129	31
-1.50334	130	31
-1.56213	101	31
-1.50286	126	31
-1.50054	137	31
-1.53663	129	31
-1.56275	116	31
-1.49903	131	31
-1.50148	155	31
-1.50322	148	31
-1.55627	154	31
-1.55177	136	31
-1.50262	143	31
-1.50195	142	31
-1.49916	155	31
-1.55828	133	31
-1.56282	127	31
-1.50215	148	31
-1.49771	149	31
-1.50345	136	31
-1.50137	148	31
-1.56229	127	31
-1.5005	152	31
-1.50161	138	31
-1.56369	110	31
-1.4978	170	31
-1.5021	168	31
-1.50093	132	31
-1.50144	169	31
-1.50064	128	31
-1.50033	126	31
-1.5039	164	31
-1.55257	132	31
-1.50034	127	31
-1.50039	135	31
-1.56126	143	31
-1.55965	149	31
-1.55993	116	31
-1.50229	141	31
-1.56182	137	31
-1.50035	173	31
-1.50156	119	31
-1.51478	141	31
-1.55824	101	31
-1.49971	139	31
-1.56283	98	31
-1.53714	135	31
-1.55849	146	31
-1.50052	149	31
-1.4994	132	31
-1.50216	128	31
-1.50316	141	31
-1.56487	151	31
-1.50647	127	31
-1.50028	107	31
-1.50077	149	31
-1.5622	140	31
-1.562	131	31
-1.50077	168	31
-1.5117	133	31
-1.49863	142	31
-1.56385	147	31
-1.5054	162	31
-1.50105	151	31
-1.49973	166	31
-1.50285	125	31
-1.50212	113	31
-1.50015	136	31
-1.50067	126	31
-1.50444	129	31
-1.50021	151	31
-1.49765	146	31
-1.50139	137	31
-1.50173	161	31
-1.50315	133	31
-1.49891	157	31
-1.50212	134	31
-1.50002	130	31
-1.50371	131	31
-1.5	129	31
-1.56285	135	31
-1.50395	117	31
-1.49839	158	31
-1.5018	156	31
-1.5019	142	31
-1.56359	117	31
-1.56081	131	31
-1.56369	144	31
-1.49925	155	31
-1.49973	138	31
-1.55952	133	31
-1.56147	111	31
-1.49924	161	31
-1.5018	132	31
-1.50272	134	31
-1.50021	136	31
-1.49872	140	31
-1.56135	147	31
-1.56331	148	31
-1.50361	110	31
-1.50145	161	31
-1.50172	136	31
-1.56477	106	31
-1.55933	138	31
-1.56315	136	31
-1.50174	126	31
-1.50214	113	31
-1.49811	154	31
-1.49633	128	31
-1.51838	136	31
-1.50007	136	31
-1.56072	129	31
-1.56327	114	31
-1.56232	130	31
-1.5438	115	31
-1.50195	156	31
-1.55559	111	31
-1.49562	162	31
-1.56163	170	31
-1.54116	94	31
-1.50216	122	31
-1.50014	142	31
-1.52051	119	31
-1.56103	87	31
-1.50255	140	31
-1.56245	129	31
-1.55789	119	31
-1.50178	160	31
-1.5028	114	31
-1.55091	150	31
-1.50161	138	31
-1.55608	136	31
-1.55734	113	31
-1.56114	117	31
-1.50033	158	31
-1.50225	119	31
-1.55798	141	31
-1.54297	102	31
-1.49964	157	31
-1.50228	133	31
-1.50032	162	31
-1.49931	125	31
-1.50074	136	31
-1.50206	147	31
-1.50381	132	31
-1.5014	154	31
-1.49979	153	31
-1.50156	152	31
-1.50095	137	31
-1.50182	169	31
-1.50929	123	31
-1.49949	140	31
-1.49993	148	31
-1.56062	144	31
-1.55793	140	31
-1.49875	151	31
-1.50071	142	31
-1.49827	146	31
-1.50128	121	31
-1.55718	165	31
-1.50075	133	31
-1.50027	161	31
-1.50147	151	31
-1.50359	144	31
-1.50156	154	31
-1.49926	146	31
-1.55724	132	31
-1.50167	148	31
-1.50055	113	31
-1.50035	127	31
-1.56047	124	31
-1.5023	155	31
-1.49898	146	31
-1.55778	119	31
-1.50298	111	31
-1.49972	132	31
-1.56246	120	31
-1.5611	113	31
-1.56242	84	31
-1.56417	138	31
-1.49962	153	31
-1.50159	155	31
-1.56098	152	31
-1.49748	153	31
-1.50147	127	31
-1.50017	143	31
-1.50223	135	31
-1.55938	125	31
-1.49983	159	31
-1.50104	146	31
-1.49891	140	31
-1.50043	143	31
-1.50152	121	31
-1.49794	124	31
-1.50189	141	31
-1.50169	147	31
-1.55389	131	31
-1.53743	129	31
-1.50449	159	31
-1.50067	116	31
-1.50038	146	31
-1.56197	130	31
-1.56011	130	31
-1.55656	147	31
-1.5613	158	31
-1.55778	125	31
-1.56409	114	31
-1.50231	110	31
-1.5015	149	31
-1.50035	182	31
-1.50354	134	31
-1.56386	97	31
-1.50324	167	31
-1.50216	106	31
-1.56198	117	31
-1.56112	130	31
-1.49992	155	31
-1.55975	152	31
-1.55974	124	31
-1.50131	117	31
-1.49876	151	31
-1.50203	150	31
-1.49706	159	31
-1.56475	120	31
-1.49981	135	31
-1.49989	171	31
-1.50289	156	31
-1.50114	141	31
-1.50169	115	31
-1.49915	138	31
-1.49908	131	31
-1.50281	123	31
-1.56307	121	31
-1.50164	128	31
-1.50163	133	31
-1.50284	138	31
-1.49872	118	31
-1.50298	133	31
-1.56239	155	31
-1.54622	99	31
-1.50236	137	31
-1.50247	143	31
-1.50105	138	31
-1.49996	152	31
-1.50094	161	31
-1.56307	122	31
-1.5007	143	31
-1.50129	158	31
-1.56276	110	31
-1.55787	118	31
-1.5594	120	31
-1.56175	126	31
-1.56237	97	31
-1.50224	112	31
-1.50037	144	31
-1.50347	148	31
-1.503	162	31
-1.50024	137	31
-1.54324	109	31
-1.49891	147	31
-1.50556	133	31
-1.4993	115	31
-1.5626	149	31
-1.49914	145	31
-1.56342	142	31
-1.49761	126	31
-1.56033	117	31
-1.50303	121	31
-1.5648	163	31
-1.49901	128	31
-1.51776	120	31
-1.50132	178	31
-1.5002	136	31
-1.50038	161	31
-1.50214	137	31
-1.50045	137	31
-1.56251	125	31
-1.50019	126	31
-1.56178	128	31
-1.50121	154	31
-1.50027	153	31
-1.50138	136	31
-1.50288	114	31
-1.50334	143	31
-1.55252	113	31
-1.56173	128	31
-1.50248	139	31
-1.4995	148	31
-1.56214	121	31
-1.49994	144	31
-1.56517	121	31
-1.56382	114	31
-1.55829	121	31
-1.55969	94	31
-1.50883	160	31
-1.49698	145	31
-1.56161	118	31
-1.56002	120	31
-1.5617	124	31
-1.50106	144	31
-1.50278	151	31
-1.50359	151	31
-1.49942	149	31
-1.50391	145	31
-1.56194	143	31
-1.50137	159	31
-1.56286	108	31
-1.50216	150	31
-1.50468	126	31
-1.55688	144	31
-1.50237	132	31
-1.50163	123	31
-1.50203	141	31
-1.50181	115	31
-1.50073	147	31
-1.56086	108	31
-1.50068	115	31
-1.50179	150	31
-1.50601	129	31
-1.50011	139	31
-1.55838	123	31
-1.50159	118	31
-1.49986	132	31
-1.50294	134	31
-1.49621	135	31
-1.50053	165	31
-1.50303	125	31
-1.52769	103	31
-1.50302	143	31
-1.56386	97	31
-1.5622	138	31
-1.5602	120	31
-1.56327	134	31
-1.50019	120	31
-1.56088	145	31
-1.50112	153	31
-1.51193	116	31
-1.50243	152	31
-1.50263	137	31
-1.56308	139	31
-1.49979	149	31
-1.5633	109	31
-1.56391	138	31
-1.50228	148	31
-1.56436	126	31
-1.50229	141	31
-1.50195	144	31
-1.50331	138	31
-1.56078	109	31
-1.50153	124	31
-1.56302	112	31
-1.55762	125	31
-1.54803	114	31
-1.49932	122	31
-1.50237	136	31
-1.50254	144	31
-1.54227	154	31
-1.49639	147	31
-1.49795	159	31
-1.50174	160	31
-1.50089	162	31
-1.50103	117	31
-1.50068	145	31
-1.50127	155	31
-1.50066	158	31
-1.50171	147	31
-1.49943	129	31
-1.49976	133	31
-1.50238	120	31
-1.49877	146	31
-1.5021	133	31
-1.4995	147	31
-1.50265	129	31
-1.50401	122	31
-1.50281	138	31
-1.49855	142	31
-1.55935	97	31
-1.49907	111	31
-1.50264	152	31
-1.50153	160	31
-1.56195	118	31
-1.50258	129	31
-1.50012	154	31
-1.50062	110	31
-1.56167	124	31
-1.50196	132	31
-1.56415	125	31
-1.55733	152	31
-1.56168	123	31
-1.56027	124	31
-1.5614	111	31
-1.56364	100	31
-1.55926	136	31
-1.56296	153	31
-1.50206	148	31
-1.50084	130	31
-1.56196	134	31
-1.50139	140	31
-1.50333	143	31
-1.56125	100	31
-1.50238	152	31
-1.50033	138	31
-1.50236	133	31
-1.56382	134	31
-1.55938	156	31
-1.50115	138	31
-1.56251	128	31
-1.55879	141	31
-1.56087	118	31
-1.5016	123	31
-1.55968	110	31
-1.50428	128	31
-1.56612	114	31
-1.50159	150	31
-1.50349	125	31
-1.50155	130	31
-1.50163	153	31
-1.49909	159	31
-1.56115	121	31
-1.5027	120	31
-1.50253	118	31
-1.50092	173	31
-1.49869	143	31
-1.50142	133	31
-1.49962	125	31
-1.56175	144	31
-1.56303	139	31
-1.50109	142	31
-1.55825	136	31
-1.50082	161	31
-1.56448	134	31
-1.49909	143	31
-1.56175	110	31
-1.50137	149	31
-1.505	128	31
-1.50245	143	31
-1.56352	103	31
-1.5019	104	31
-1.55713	124	31
-1.49986	131	31
-1.49998	143	31
-1.55887	151	31
-1.49807	132	31
-1.55889	126	31
-1.56221	123	31
-1.55855	124	31
-1.56185	142	31
-1.50123	161	31
-1.55953	104	31
-1.50105	165	31
-1.4978	144	31
-1.50321	125	31
-1.56382	115	31
-1.50105	136	31
-1.56394	102	31
-1.50225	127	31
-1.56318	123	31
-1.50171	147	31
-1.56271	110	31
-1.50241	146	31
-1.56279	99	31
-1.49999	146	31
-1.56021	150	31
-1.56262	125	31
-1.55663	132	31
-1.56187	115	31
-1.56077	102	31
-1.50236	155	31
-1.50256	129	31
-1.5643	113	31
-1.504	151	31
-1.55425	146	31
-1.5012	143	31
-1.50233	164	31
-1.50104	134	31
-1.55817	139	31
-1.50913	124	31
-1.55645	121	31
-1.56464	111	31
-1.50151	150	31
-1.50298	131	31
-1.55929	128	31
-1.50238	135	31
-1.56197	104	31
-1.56406	106	31
-1.56343	144	31
-1.5015	138	31
-1.50019	132	31
-1.50249	141	31
-1.50218	146	31
-1.50105	153	31
-1.56008	131	31
-1.56084	143	31
-1.49814	131	31
-1.50047	148	31
-1.50405	115	31
-1.55867	121	31
-1.50213	146	31
-1.55792	117	31
-1.50205	159	31
-1.56022	130	31
-1.56416	91	31
-1.50227	146	31
-1.50186	143	31
-1.55251	165	31
-1.49888	157	31
-1.50069	155	31
-1.563	106	31
-1.56011	156	31
-1.50071	137	31
-1.50276	135	31
-1.55897	125	31
-1.50343	149	31
-1.50145	142	31
-1.50035	136	31
-1.50054	155	31
-1.50271	152	31
-1.50175	159	31
-1.4993	131	31
-1.49675	134	31
-1.50299	112	31
-1.50909	110	31
-1.55868	104	31
-1.50233	141	31
-1.50596	161	31
-1.50212	160	31
-1.55964	104	31
-1.50212	138	31
-1.49806	131	31
-1.50126	133	31
-1.49999	167	31
-1.50208	130	31
-1.50028	131	31
-1.50186	133	31
-1.56182	117	31
-1.55904	124	31
-1.56539	148	31
-1.50066	156	31
-1.5035	144	31
-1.56098	101	31
-1.561	128	31
-1.50042	146	31
-1.56286	112	31
-1.56404	132	31
-1.50008	132	31
-1.50043	139	31
-1.49914	161	31
-1.49977	146	31
-1.50248	138	31
-1.49803	148	31
-1.56385	100	31
-1.56378	111	31
-1.56194	121	31
-1.50407	133	31
-1.49971	146	31
-1.50166	136	31
-1.49997	115	31
-1.56256	94	31
-1.50238	140	31
-1.56281	102	31
-1.55773	133	31
-1.50419	153	31
-1.50018	133	31
-1.5018	128	31
-1.50439	140	31
-1.56047	118	31
-1.50073	128	31
-1.50223	136	31
-1.50055	158	31
-1.5575	127	31
-1.49977	135	31
-1.54949	143	31
-1.5018	130	31
-1.56399	137	31
-1.50386	123	31
-1.50144	147	31
-1.50189	134	31
-1.55817	99	31
-1.49959	152	31
-1.56378	118	31
-1.56166	97	31
-1.50265	129	31
-1.50003	158	31
-1.56356	145	31
-1.50214	116	31
-1.5016	137	31
-1.50137	141	31
-1.50359	133	31
-1.55565	152	31
-1.49965	152	31
-1.50111	165	31
-1.55719	137	31
-1.50241	148	31
-1.50157	131	31
-1.50209	145	31
-1.50208	125	31
-1.50193	128	31
-1.55949	111	31
-1.55587	129	31
-1.5592	166	31
-1.50029	122	31
-1.55955	103	31
-1.50079	144	31
-1.49811	137	31
-1.50185	120	31
-1.50152	116	31
-1.5633	103	31
-1.50124	153	31
-1.50027	135	31
-1.56024	156	31
-1.56164	142	31
-1.50107	136	31
-1.50034	153	31
-1.56007	150	31
-1.56184	124	31
-1.5633	133	31
-1.56225	105	31
-1.49872	152	31
-1.50036	153	31
-1.49824	143	31
-1.50231	133	31
-1.55787	160	31
-1.50156	125	31
-1.53196	141	31
-1.50133	136	31
-1.49845	182	31
-1.50187	153	31
-1.50048	159	31
-1.56331	102	31
-1.49717	132	31
-1.55966	141	31
-1.50299	151	31
-1.56066	97	31
-1.50065	128	31
-1.56373	110	31
-1.56292	130	31
-1.56402	123	31
-1.55698	164	31
-1.5121	147	31
-1.50404	141	31
-1.50074	138	31
-1.56284	114	31
-1.55901	138	31
-1.56049	140	31
-1.55811	120	31
-1.50244	130	31
-1.56223	152	31
-1.50088	139	31
-1.50301	123	31
-1.56401	135	31
-1.50355	121	31
-1.55969	113	31
-1.49979	158	31
-1.55983	144	31
-1.50241	108	31
-1.49885	139	31
-1.50056	135	31
-1.50013	125	31
-1.50007	147	31
-1.50199	136	31
-1.50148	149	31
-1.50366	150	31
-1.50011	158	31
-1.50278	188	31
-1.5018	147	31
-1.56352	120	31
-1.51121	136	31
-1.56347	132	31
-1.49941	124	31
-1.56285	100	31
-1.50182	161	31
-1.55051	143	31
-1.50151	146	31
-1.49978	144	31
-1.50031	151	31
-1.5002	130	31
-1.50235	142	31
-1.56257	145	31
-1.56566	128	31
-1.50135	147	31
-1.50176	127	31
-1.49996	137	31
-1.5609	132	31
-1.56466	137	31
-1.5017	126	31
-1.56099	149	31
-1.49979	143	31
-1.50446	139	31
-1.50407	122	31
-1.50133	130	31
-1.56052	116	31
-1.49815	154	31
-1.49917	136	31
-1.49885	136	31
-1.49803	139	31
-1.50295	117	31
-1.54847	114	31
-1.5021	146	31
-1.50038	135	31
-1.4999	148	31
-1.5581	88	31
-1.5005	141	31
-1.55924	128	31
-1.50125	146	31
-1.50129	146	31
-1.49802	161	31
-1.49987	167	31
-1.50212	129	31
-1.50604	143	31
-1.50263	138	31
-1.50283	123	31
-1.50046	125	31
-1.49945	137	31
-1.55976	119	31
-1.49985	132	31
-1.56318	134	31
-1.55945	123	31
-1.56224	128	31
-1.56149	121	31
-1.50175	117	31
-1.50188	140	31
-1.55759	116	31
-1.56347	142	31
-1.50189	148	31
-1.50116	132	31
-1.50161	131	31
-1.50093	147	31
-1.56465	132	31
-1.50123	152	31
-1.49775	112	31
-1.50119	134	31
-1.50241	121	31
-1.50068	151	31
-1.49747	132	31
-1.50136	133	31
-1.5022	126	31
-1.50335	132	31
-1.55449	143	31
-1.55636	110	31
-1.50071	129	31
-1.50221	156	31
-1.49754	181	31
-1.49847	157	31
-1.49898	137	31
-1.55747	123	31
-1.56565	107	31
-1.55823	143	31
-1.55988	122	31
-1.49772	146	31
-1.55915	152	31
-1.54052	92	31
-1.49938	165	31
-1.56009	140	31
-1.55284	136	31
-1.56364	146	31
-1.50161	157	31
-1.50125	144	31
-1.5011	139	31
-1.56354	117	31
-1.56183	110	31
-1.55586	134	31
-1.504	125	31
-1.56066	141	31
-1.55892	131	31
-1.49839	154	31
-1.50056	153	31
-1.50324	140	31
-1.50791	154	31
-1.50357	168	31
-1.5009	131	31
-1.49986	142	31
-1.50162	138	31
-1.50299	142	31
-1.4997	144	31
-1.50217	128	31
-1.565	97	31
-1.50204	141	31
-1.5016	132	31
-1.56338	140	31
-1.49924	157	31
-1.50455	132	31
-1.50205	139	31
-1.50176	155	31
-1.55951	127	31
-1.55939	165	31
-1.5009	129	31
-1.50287	157	31
-1.5015	155	31
-1.56063	123	31
-1.50104	132	31
-1.50047	129	31
-1.50006	160	31
-1.49812	133	31
-1.49756	131	31
-1.5011	123	31
-1.5018	124	31
-1.5001	158	31
-1.55282	129	31
-1.50298	121	31
-1.4998	144	31
-1.50229	132	31
-1.56318	123	31
-1.53797	119	31
-1.50128	140	31
-1.49907	120	31
-1.53739	125	31
-1.50126	124	31
-1.56265	135	31
-1.55677	131	31
-1.50246	148	31
-1.50218	142	31
-1.56136	136	31
-1.50168	143	31
-1.56162	160	31
-1.50334	159	31
-1.55914	104	31
-1.5619	124	31
-1.50022	146	31
-1.50105	146	31
-1.56109	120	31
-1.55274	112	31
-1.50222	147	31
-1.50102	147	31
-1.50032	132	31
-1.49749	136	31
-1.49955	159	31
-1.56114	146	31
-1.49783	142	31
-1.55413	140	31
-1.49847	152	31
-1.50241	129	31
-1.56273	90	31
-1.55627	158	31
-1.499	155	31
-1.49976	150	31
-1.50136	132	31
-1.50289	123	31
-1.51853	113	31
-1.50182	168	31
-1.5617	124	31
-1.55802	89	31
-1.50069	128	31
-1.56331	153	31
-1.49669	124	31
-1.49916	124	31
-1.50153	143	31
-1.49719	135	31
-1.50093	124	31
-1.56248	109	31
-1.50017	151	31
-1.55917	145	31
-1.50089	149	31
-1.56109	142	31
-1.50288	165	31
-1.49975	128	31
-1.50152	141	31
-1.55953	129	31
-1.50066	137	31
-1.5632	132	31
-1.56292	115	31
-1.50177	145	31
-1.50238	127	31
-1.5015	131	31
-1.50007	132	31
-1.56208	144	31
-1.49986	156	31
-1.56242	157	31
-1.50236	139	31
-1.49999	137	31
-1.56312	133	31
-1.50168	128	31
-1.52541	150	31
-1.50066	109	31
-1.55675	140	31
-1.56366	154	31
-1.49912	145	31
-1.56119	108	31
-1.55551	125	31
-1.50218	133	31
-1.50378	122	31
-1.5606	104	31
-1.56182	114	31
-1.56366	97	31
-1.50309	134	31
-1.51014	144	31
-1.56096	149	31
-1.50349	136	31
-1.50197	157	31
-1.50049	140	31
-1.56159	133	31
-1.56071	116	31
-1.50076	134	31
-1.50133	131	31
-1.56306	150	31
-1.55792	135	31
-1.5015	121	31
-1.50097	131	31
-1.50181	128	31
-1.50388	117	31
-1.56498	118	31
-1.55188	143	31
-1.50006	134	31
-1.50229	133	31
-1.5608	127	31
-1.50087	154	31
-1.50199	142	31
-1.55853	152	31
-1.56219	138	31
-1.49926	157	31
-1.49973	154	31
-1.56464	112	31
-1.51973	129	31
-1.50193	135	31
-1.49948	141	31
-1.50275	129	31
-1.56468	131	31
-1.50038	152	31
-1.50314	138	31
-1.50208	130	31
-1.5578	121	31
-1.50253	145	31
-1.49854	142	31
-1.49631	150	31
-1.5598	154	31
-1.50348	127	31
-1.50176	131	31
-1.56127	143	31
-1.55834	120	31
-1.50188	123	31
-1.5619	164	31
-1.55251	121	31
-1.56313	103	31
-1.4998	126	31
-1.56135	129	31
-1.56065	127	31
-1.49807	185	31
-1.55765	140	31
-1.56218	126	31
-1.502	116	31
-1.50248	149	31
-1.50142	136	31
-1.50116	165	31
-1.56392	116	31
-1.50267	119	31
-1.50809	154	31
-1.49867	148	31
-1.49977	131	31
-1.4988	131	31
-1.5025	145	31
-1.49969	147	31
-1.49992	154	31
-1.50235	123	31
-1.5025	148	31
-1.55586	75	31
-1.50169	165	31
-1.5011	131	31
-1.50191	113	31
-1.4981	164	31
-1.50297	138	31
-1.55904	134	31
-1.50187	106	31
-1.50274	121	31
-1.50229	115	31
-1.50139	157	31
-1.50357	134	31
-1.56252	129	31
-1.50064	160	31
-1.56392	158	31
-1.50237	141	31
-1.50283	131	31
-1.50406	125	31
-1.56177	135	31
-1.50738	137	31
-1.5051	140	31
-1.55854	148	31
-1.49898	157	31
-1.50001	145	31
-0.81889	102	31
-1.50042	142	31
-1.49981	135	31
-1.49999	153	31
-0.89529	113	31
-1.56083	141	31
-1.49968	117	31
-1.4993	178	31
-1.50254	136	31
-1.50144	147	31
-1.50287	134	31
-1.56307	132	31
-1.50235	150	31
-1.55986	127	31
-1.55261	115	31
-1.49857	160	31
-1.50346	173	31
-1.49718	142	31
-1.49772	146	31
-1.49663	157	31
-1.56668	114	31
-1.56067	118	31
-1.50285	137	31
-1.56444	137	31
-1.50141	137	31
-1.50116	151	31
-1.50008	150	31
-1.55477	107	31
-1.50111	152	31
-1.50125	146	31
-1.56031	138	31
-1.49757	155	31
-1.50041	121	31
-1.56364	138	31
-1.49912	160	31
-1.55953	141	31
-1.50267	162	31
-1.55446	120	31
-1.50081	149	31
-1.50164	135	31
-1.56293	108	31
-1.50061	139	31
-1.5603	130	31
-1.56005	123	31
-1.49922	173	31
-1.56384	147	31
-1.50343	160	31
-1.50106	167	31
-1.50006	169	31
-1.50227	166	31
-1.56081	129	31
-1.50051	132	31
-1.50087	156	31
-1.50007	112	31
-1.50155	128	31
-1.50302	135	31
-1.50288	140	31
-1.4984	142	31
-1.50191	123	31
-1.49923	139	31
-1.50037	125	31
-1.56107	156	31
-1.50253	163	31
-1.50205	123	31
-1.52953	115	31
-1.50406	133	31
-1.56023	127	31
-1.50087	128	31
-1.5591	139	31
-1.50296	149	31
-1.50568	143	31
-1.56033	143	31
-1.55718	133	31
-1.55739	127	31
-1.49658	160	31
-1.50097	137	31
-1.51296	139	31
-1.50449	145	31
-1.51257	102	31
-1.5003	153	31
-1.50004	135	31
-1.50178	142	31
-1.56174	105	31
-1.50255	120	31
-1.50083	150	31
-1.49897	156	31
-1.50049	156	31
-1.50006	157	31
-1.49956	138	31
-1.50155	148	31
-1.49593	136	31
-1.56285	118	31
-1.49965	153	31
-1.50165	108	31
-1.50172	151	31
-1.5027	104	31
-1.50614	144	31
-1.56031	145	31
-1.50278	144	31
-1.50239	154	31
-1.56029	138	31
-1.5013	139	31
-1.55597	129	31
-1.56426	130	31
-1.50117	167	31
-1.49865	152	31
-1.50005	165	31
-1.50029	145	31
-1.50055	128	31
-1.56053	126	31
-1.55964	130	31
-1.49841	155	31
-1.55647	115	31
-1.506	161	31
-1.56099	144	31
-1.56001	108	31
-1.50525	145	31
-1.5019	166	31
-1.50219	128	31
-1.50149	122	31
-1.5021	142	31
-1.56301	112	31
-1.56484	99	31
-1.52303	114	31
-1.50136	131	31
-1.50175	165	31
-1.49807	145	31
-1.56315	104	31
-1.56599	106	31
-1.49931	134	31
-1.50106	110	31
-1.56273	115	31
-1.56197	137	31
-1.50328	132	31
-1.55499	80	31
-1.56009	127	31
-1.49943	135	31
-1.49907	148	31
-1.50036	169	31
-1.56217	113	31
-1.50091	146	31
-1.55188	123	31
-1.501	134	31
-1.49952	150	31
-1.55708	138	31
-1.56085	125	31
-1.50104	138	31
-1.50123	125	31
-1.5514	107	31
-1.49959	132	31
-1.55086	153	31
-1.56479	172	31
-1.55227	125	31
-1.55796	103	31
-1.56264	145	31
-1.50288	163	31
-1.50027	172	31
-1.56178	135	31
-1.55984	144	31
-1.50248	146	31
-1.52525	126	31
-1.55976	142	31
-1.56326	137	31
-1.55977	124	31
-1.50193	145	31
-1.56444	133	31
-1.49829	165	31
-1.56343	115	31
-1.53639	143	31
-1.56166	115	31
-1.49906	136	31
-1.49993	150	31
-1.55951	132	31
-1.50279	132	31
-1.49951	133	31
-1.55637	145	31
-1.55784	136	31
-1.49999	136	31
-1.50175	150	31
-1.53824	95	31
-1.56464	116	31
-1.50241	139	31
-1.56318	141	31
-1.56006	155	31
-1.50291	148	31
-1.50065	170	31
-1.49624	142	31
-1.56052	132	31
-1.56137	138	31
-1.50087	133	31
-1.5632	118	31
-1.50086	157	31
-1.50001	131	31
-1.50202	140	31
-1.56222	138	31
-1.5021	146	31
-1.50027	148	31
-1.56341	128	31
-1.5561	116	31
-1.50704	126	31
-1.5615	119	31
-1.50452	137	31
-1.50394	134	31
-1.49959	135	31
-1.50311	119	31
-1.56214	133	31
-1.49951	145	31
-1.50071	152	31
-1.50253	145	31
-1.50197	166	31
-1.49956	161	31
-1.49978	141	31
-1.50037	132	31
-1.49952	121	31
-1.50161	152	31
-1.49782	144	31
-1.54728	139	31
-1.50176	122	31
-1.56204	136	31
-1.56069	139	31
-1.56176	154	31
-1.50244	142	31
-1.56636	99	31
-1.55745	138	31
-1.50194	133	31
-1.50145	113	31
-1.5009	121	31
-1.50356	123	31
-1.50145	139	31
-1.55763	121	31
-1.49746	142	31
-1.54099	154	31
-1.52977	128	31
-1.50059	137	31
-1.5001	120	31
-1.55959	156	31
-1.50267	135	31
-1.50155	124	31
-1.50218	139	31
-1.5021	146	31
-1.55913	141	31
-1.49926	133	31
-1.56427	139	31
-1.49736	155	31
-1.56156	135	31
-1.56056	120	31
-1.50192	138	31
-1.55985	119	31
-1.50121	135	31
-1.56194	129	31
-1.49991	154	31
-1.5027	136	31
-1.50247	157	31
-1.56201	164	31
-1.50071	149	31
-1.502	145	31
-1.56281	117	31
-1.56305	138	31
-1.50038	153	31
-1.52661	143	31
-1.50092	124	31
-1.49986	144	31
-1.5017	137	31
-1.55225	119	31
-1.5008	124	31
-1.49885	133	31
-1.50046	138	31
-1.4971	93	31
-1.5411	112	31
-1.55719	110	31
-1.49881	147	31
-1.50059	164	31
-1.55599	153	31
-1.50408	123	31
-1.55914	121	31
-1.49755	133	31
-1.49998	134	31
-1.55608	134	31
-1.50113	145	31
-1.56203	123	31
-1.5598	132	31
-1.50165	127	31
-1.50304	132	31
-1.56551	122	31
-1.50213	153	31
-1.55685	138	31
-1.56216	122	31
-1.55845	125	31
-1.49978	134	31
-1.55453	126	31
-1.50009	150	31
-1.50121	135	31
-1.55926	117	31
-1.56003	152	31
-1.5033	134	31
-1.50056	127	31
-1.50109	151	31
-1.50206	117	31
-1.56291	114	31
-1.56127	138	31
-1.50277	125	31
-1.56359	106	31
-1.49863	141	31
-1.50265	145	31
-1.56516	124	31
-1.49908	123	31
-1.56142	131	31
-1.50155	159	31
-1.49739	158	31
-1.49921	140	31
-1.56345	110	31
-1.56207	117	31
-1.50028	119	31
-1.50139	142	31
-1.50306	138	31
-1.55919	169	31
-1.56167	148	31
-1.56063	131	31
-1.4992	131	31
-1.50116	135	31
-1.50067	145	31
-1.50232	141	31
-1.5645	105	31
-1.50191	159	31
-1.56559	114	31
-1.50199	136	31
-1.55754	135	31
-1.50134	141	31
-1.5012	158	31
-1.50159	141	31
-1.54991	107	31
-1.50043	142	31
-1.5001	163	31
-1.4983	152	31
-1.55879	102	31
-1.499	164	31
-1.50117	127	31
-1.49772	141	31
-1.56284	135	31
-1.50259	138	31
-1.50304	131	31
-1.54686	107	31
-1.5025	129	31
-1.50119	171	31
-1.56271	107	31
-1.56399	112	31
-1.56096	121	31
-1.50323	154	31
-1.5027	133	31
-1.56182	124	31
-1.50162	128	31
-1.56169	143	31
-1.50136	136	31
-1.55739	142	31
-1.50254	140	31
-1.50112	166	31
-1.50006	150	31
-1.56128	98	31
-1.50104	128	31
-1.50403	115	31
-1.50169	130	31
-1.50011	152	31
-1.55579	143	31
-1.50218	150	31
-1.50175	122	31
-1.55336	121	31
-1.50279	127	31
-1.50148	141	31
-1.55992	153	31
-1.51451	139	31
-1.54186	84	31
-1.56097	100	31
-1.55478	149	31
-1.50016	158	31
-1.50173	141	31
-1.49913	148	31
-1.49919	132	31
-1.50085	133	31
-1.50106	145	31
-1.49797	143	31
-1.49915	139	31
-1.55855	129	31
-1.55867	172	31
-1.56027	95	31
-1.55116	132	31
-1.5025	140	31
-1.50233	133	31
-1.56311	103	31
-1.50106	154	31
-1.5058	147	31
-1.50201	156	31
-1.56035	130	31
-1.50054	175	31
-1.49881	141	31
-1.50097	165	31
-1.50661	119	31
-1.50259	142	31
-1.50037	162	31
-1.55946	98	31
-1.56176	140	31
-1.50908	125	31
-1.55771	133	31
-1.50043	149	31
-1.50005	131	31
-1.50223	127	31
-1.56209	154	31
-1.50339	141	31
-1.5012	144	31
-1.50005	152	31
-1.56166	142	31
-1.56206	108	31
-1.56165	78	31
-1.50102	144	31
-1.56519	161	31
-1.50162	165	31
-1.56342	144	31
-1.50309	137	31
-1.51537	148	31
-1.5568	147	31
-1.50233	129	31
-1.50026	138	31
-1.49911	123	31
-1.50188	157	31
-1.50041	140	31
-1.56178	138	31
-1.50179	155	31
-1.50658	141	31
-1.50013	155	31
-1.50268	126	31
-1.55955	104	31
-1.56481	101	31
-1.50087	149	31
-1.53324	101	31
-1.49945	125	31
-1.55929	132	31
-1.53937	112	31
-1.50119	111	31
-1.55962	141	31
-1.54462	91	31
-1.56187	108	31
-1.55985	133	31
-1.55628	136	31
-1.50153	153	31
-1.50166	150	31
-1.4998	138	31
-1.55225	104	31
-1.49992	141	31
-1.50078	136	31
-1.50312	145	31
-1.56203	100	31
-1.50281	140	31
-1.50354	145	31
-1.50011	170	31
-1.56214	150	31
-1.49924	134	31
-1.50192	135	31
-1.49718	143	31
-1.4995	150	31
-1.55882	135	31
-1.49927	126	31
-1.55999	114	31
-1.55731	118	31
-1.56604	124	31
-1.56024	142	31
-1.50316	119	31
-1.56399	143	31
-1.49934	122	31
-1.50038	155	31
-1.56171	109	31
-1.5621	119	31
-1.56401	96	31
-1.50232	146	31
-1.50141	134	31
-1.56161	114	31
-1.56386	132	31
-1.50035	142	31
-1.55129	132	31
-1.56368	130	31
-1.49865	137	31
-1.50155	107	31
-1.50059	138	31
-1.5635	129	31
-1.50437	114	31
-1.56104	134	31
-1.50506	162	31
-1.55214	133	31
-1.50008	142	31
-1.50053	136	31
-1.49961	138	31
-1.55877	98	31
-1.49973	137	31
-1.50313	115	31
-1.50315	139	31
-1.50039	140	31
-1.56134	123	31
-1.49755	135	31
-1.50078	126	31
-1.56176	132	31
-1.56082	152	31
-1.5633	103	31
-1.50115	160	31
-1.50132	153	31
-1.49885	126	31
-1.50051	166	31
-1.50301	137	31
-1.5587	143	31
-1.56227	126	31
-1.50261	156	31
-1.55391	128	31
-1.56019	121	31
-1.56085	158	31
-1.50264	135	31
-1.50054	159	31
-1.5309	159	31
-1.5611	144	31
-1.50105	135	31
-1.5052	137	31
-1.50145	130	31
-1.55975	142	31
-1.5644	139	31
-1.55773	121	31
-1.56287	121	31
-1.50365	145	31
-1.50137	137	31
-1.55932	131	31
-1.54547	141	31
-1.50228	139	31
-1.51695	151	31
-1.56039	140	31
-1.50106	128	31
-1.51878	152	31
-1.50235	142	31
-1.56364	142	31
-1.50363	143	31
-1.50061	146	31
-1.50044	128	31
-1.50244	144	31
-1.56207	93	31
-1.5575	139	31
-1.50076	162	31
-1.54956	119	31
-1.49924	145	31
-1.5035	141	31
-1.50079	154	31
-1.50123	118	31
-1.49916	159	31
-1.50338	150	31
-1.50068	140	31
-1.49928	164	31
-1.56231	115	31
-1.49862	151	31
-1.50382	140	31
-1.56072	122	31
-1.50154	130	31
-1.49977	142	31
-1.54538	145	31
-1.50105	131	31
-1.50002	132	31
-1.56129	78	31
-1.50351	115	31
-1.50135	133	31
-1.56068	126	31
-1.55911	127	31
-1.49995	120	31
-1.50177	128	31
-1.56173	85	31
-1.52258	153	31
-1.50199	131	31
-1.55723	140	31
-1.50014	165	31
-1.50218	148	31
-1.56346	126	31
-1.50214	143	31
-1.49939	123	31
-1.52296	144	31
-1.5024	140	31
-1.49887	134	31
-1.50089	135	31
-1.55849	150	31
-1.49824	141	31
-1.50365	131	31
-1.56006	129	31
-1.50006	158	31
-1.55679	127	31
-1.50156	114	31
-1.55937	117	31
-1.50333	129	31
-1.56058	84	31
-1.5359	173	31
-1.53435	134	31
-1.50103	132	31
-1.56441	137	31
-1.50059	143	31
-1.50217	140	31
-1.55463	146	31
-1.49911	133	31
-1.50128	146	31
-1.55803	158	31
-1.50016	150	31
-1.50071	136	31
-1.50226	140	31
-1.49873	136	31
-1.56332	94	31
-1.50192	174	31
-1.49992	146	31
-1.49864	118	31
-1.50271	132	31
-1.50179	111	31
-1.50247	138	31
-1.49748	153	31
-1.55745	136	31
-1.50016	127	31
-1.49856	130	31
-1.56059	117	31
-1.4983	119	31
-1.53886	151	31
-1.55937	142	31
-1.56435	129	31
-1.4994	132	31
-1.50278	132	31
-1.5001	141	31
-1.50455	161	31
-1.55714	123	31
-1.50022	161	31
-1.56195	131	31
-1.55176	130	31
-1.50248	138	31
-1.56199	127	31
-1.50225	131	31
-1.5596	142	31
-1.50157	147	31
-1.50183	123	31
-1.56254	116	31
-1.50182	147	31
-1.50294	128	31
-1.50176	134	31
-1.50265	152	31
-1.50214	124	31
-1.55408	131	31
-1.49868	141	31
-1.49969	139	31
-1.55409	122	31
-1.49847	159	31
-1.56191	158	31
-1.50263	131	31
-1.56063	146	31
-1.49924	150	31
-1.5034	139	31
-1.50331	130	31
-1.50261	159	31
-1.56151	111	31
-1.49932	150	31
-1.56214	145	31
-1.50019	115	31
-1.50056	127	31
-1.50093	161	31
-1.5019	139	31
-1.50179	173	31
-1.56614	171	31
-1.56028	130	31
-1.50022	145	31
-1.56224	98	31
-1.50179	129	31
-1.56161	125	31
-1.56351	79	31
-1.49946	159	31
-1.49924	150	31
-1.49894	143	31
-1.50359	149	31
-1.50235	145	31
-1.50055	147	31
-1.52029	124	31
-1.56572	127	31
-1.50201	164	31
-1.50093	139	31
-1.52573	129	31
-1.50273	144	31
-1.50131	144	31
-1.56162	130	31
-1.5035	149	31
-1.49846	141	31
-1.56315	140	31
-1.49973	139	31
-1.50016	147	31
-1.50005	156	31
-1.56208	167	31
-1.56462	116	31
-1.56115	118	31
-1.56016	116	31
-1.50063	156	31
-1.50091	158	31
-1.50209	136	31
-1.5586	78	31
-1.56154	151	31
-1.50099	125	31
-1.50156	133	31
-1.49862	127	31
-1.50125	125	31
-1.50009	118	31
-1.5625	135	31
-1.50063	156	31
-1.50121	120	31
-1.49753	141	31
-1.50092	126	31
-1.56395	143	31
-1.56018	140	31
-1.55932	129	31
-1.49899	136	31
-1.50044	132	31
-1.50231	132	31
-1.55949	149	31
-1.50049	173	31
-1.50004	164	31
-1.5022	152	31
-1.53854	153	31
-1.49986	153	31
-1.56447	99	31
-1.56233	117	31
-1.54875	123	31
-1.56211	159	31
-1.50211	139	31
-1.50062	145	31
-1.49964	142	31
-1.56524	157	31
-1.50703	127	31
-1.5628	100	31
-1.50102	115	31
-1.50347	131	31
-1.55513	81	31
-1.56514	103	31
-1.56479	104	31
-1.56109	135	31
-1.56161	127	31
-1.56096	78	31
-1.56246	133	31
-1.50141	150	31
-1.5017	118	31
-1.56047	156	31
-1.50117	138	31
-1.49912	105	31
-1.49936	139	31
-1.50216	149	31
-1.55391	119	31
-1.52489	137	31
-1.49724	171	31
-1.49985	148	31
-1.50138	156	31
-1.56148	88	31
-1.50174	118	31
-1.49955	145	31
-1.50002	167	31
-1.56302	125	31
-1.50372	140	31
-1.56449	127	31
-1.56263	114	31
-1.502	108	31
-1.5014	127	31
-1.50189	126	31
-1.56072	154	31
-1.50194	134	31
-1.56135	121	31
-1.56484	140	31
-1.50005	131	31
-1.56429	111	31
-1.50119	145	31
-1.55236	175	31
-1.56108	140	31
-1.55925	105	31
-1.50291	127	31
-1.502	151	31
-1.55731	123	31
-1.56467	115	31
-1.56015	138	31
-1.50222	126	31
-1.5002	115	31
-1.50284	124	31
-1.55306	121	31
-1.50206	119	31
-1.5013	156	31
-1.50132	132	31
-1.55957	148	31
-1.50193	143	31
-1.49918	145	31
-1.49992	115	31
-1.50371	119	31
-1.56289	125	31
-1.50164	141	31
-1.56191	112	31
-1.50216	141	31
-1.50364	153	31
-1.50063	155	31
-1.49722	156	31
-1.56246	160	31
-1.55776	118	31
-1.50195	137	31
-1.56006	129	31
-1.56171	134	31
-1.49919	119	31
-1.50125	139	31
-1.49921	132	31
-1.54034	108	31
-1.56181	77	31
-1.50218	135	31
-1.50259	98	31
-1.50044	162	31
-1.50102	140	31
-1.50141	125	31
-1.56255	142	31
-1.54363	137	31
-1.50123	158	31
-1.56175	138	31
-1.55011	88	31
-1.51908	139	31
-1.55739	102	31
-1.50381	139	31
-1.50071	117	31
-1.56346	114	31
-1.55383	137	31
-1.55932	118	31
-1.50144	157	31
-1.50046	118	31
-1.50105	119	31
-1.55821	136	31
-1.5037	131	31
-1.50176	140	31
-1.50215	139	31
-1.56087	98	31
-1.56146	134	31
-1.50057	121	31
-1.49657	164	31
-1.558	120	31
-1.50009	147	31
-1.55912	136	31
-1.50229	154	31
-1.50186	110	31
-1.49964	146	31
-1.56217	149	31
-1.50301	167	31
-1.50102	141	31
-1.55752	129	31
-1.50078	141	31
-1.502	135	31
-1.50124	143	31
-1.50325	132	31
-1.50207	148	31
-1.50088	124	31
-1.50129	166	31
-1.56106	122	31
-1.4985	133	31
-1.50222	122	31
-1.54978	118	31
-1.50235	143	31
-1.49019	101	31
-1.49735	167	31
-1.56343	147	31
-1.55763	116	31
-1.50049	123	31
-1.50116	156	31
-1.49949	138	31
-1.5592	149	31
-1.56236	125	31
-1.50165	155	31
-1.50255	116	31
-1.56311	115	31
-1.49788	149	31
-1.56412	125	31
-1.49905	132	31
-1.54743	128	31
-1.50253	124	31
-1.50198	100	31
-1.56197	75	31
-1.56008	136	31
-1.50203	136	31
-1.50295	151	31
-1.50522	130	31
-1.56421	137	31
-1.56035	130	31
-1.56268	102	31
-1.50127	137	31
-1.50126	128	31
-1.55372	153	31
-1.49801	138	31
-1.50122	130	31
-1.50294	135	31
-1.5625	136	31
-1.50171	158	31
-1.56261	153	31
-1.55441	155	31
-1.56311	149	31
-1.5502	163	31
-1.50367	154	31
-1.50016	142	31
-1.5612	139	31
-1.55955	151	31
-1.50095	126	31
-1.50311	144	31
-1.5002	157	31
-1.557	147	31
-1.5613	118	31
-1.49996	141	31
-1.56198	131	31
-1.49962	133	31
-1.52061	117	31
-1.56369	90	31
-1.56353	113	31
-1.50149	127	31
-1.55157	150	31
-1.5558	128	31
-1.45631	105	31
-1.50174	124	31
-1.56216	117	31
-1.49945	131	31
-1.55922	127	31
-1.49918	146	31
-1.50119	136	31
-1.52438	107	31
-1.50296	147	31
-1.50233	152	31
-1.49954	147	31
-1.50296	154	31
-1.50219	125	31
-1.56441	145	31
-1.50277	124	31
-1.50257	141	31
-1.50391	132	31
-1.5143	120	31
-1.55938	125	31
-1.56447	126	31
-1.50092	161	31
-1.55815	113	31
-1.50096	139	31
-1.55867	119	31
-1.50283	146	31
-1.50033	141	31
-1.50278	113	31
-1.50246	153	31
-1.5557	139	31
-1.50045	198	31
-1.49978	145	31
-1.50368	133	31
-1.5532	143	31
-1.56215	146	31
-1.50279	149	31
-1.50241	159	31
-1.50446	141	31
-1.50352	116	31
-1.50132	148	31
-1.50289	132	31
-1.56093	101	31
-1.56381	124	31
-1.55865	106	31
-1.50146	121	31
-1.50407	108	31
-1.56186	133	31
-1.49948	137	31
-1.56297	140	31
-1.56503	102	31
-1.54892	127	31
-1.56325	118	31
-1.50178	128	31
-1.56254	111	31
-1.50006	133	31
-1.49937	148	31
-1.56437	156	31
-1.50037	147	31
-1.50381	144	31
-1.5001	138	31
-1.49916	140	31
-1.49957	135	31
-1.55768	135	31
-1.55857	131	31
-1.52369	126	31
-1.49964	143	31
-1.5015	146	31
-1.49653	171	31
-1.55559	122	31
-1.56017	129	31
-1.56057	110	31
-1.50038	140	31
-1.50201	123	31
-1.50238	125	31
-1.56128	142	31
-1.49972	145	31
-1.50125	135	31
-1.56358	133	31
-1.54041	179	31
-1.49995	149	31
-1.55991	148	31
-1.56341	109	31
-1.49901	144	31
-1.50257	148	31
-1.50144	122	31
-1.4994	149	31
-1.49671	148	31
-1.50023	136	31
-1.50128	168	31
-1.50258	137	31
-1.50015	135	31
-1.56028	130	31
-1.49812	139	31
-1.50045	123	31
-1.49878	149	31
-1.56254	119	31
-1.50161	124	31
-1.50087	138	31
-1.50174	155	31
-1.50272	123	31
-1.50227	139	31
-1.50225	160	31
-1.49958	137	31
-1.50173	123	31
-1.55751	133	31
-1.49913	115	31
-1.50136	138	31
-1.50262	116	31
-1.55893	140	31
-1.56292	93	31
-1.50363	164	31
-1.50173	79	31
-1.50061	126	31
-1.5012	149	31
-1.56369	88	31
-1.4996	161	31
-1.50312	148	31
-1.50174	142	31
-1.56019	123	31
-1.50224	165	31
-1.50459	124	31
-1.55869	148	31
-1.49953	150	31
-1.55903	125	31
-1.50274	135	31
-1.5544	127	31
-1.56139	117	31
-1.50231	141	31
-1.56217	118	31
-1.49757	167	31
-1.50189	126	31
-1.50018	149	31
-1.56332	138	31
-1.49994	138	31
-1.56323	149	31
-1.56068	153	31
-1.50186	141	31
-1.55821	135	31
-1.56278	120	31
-1.50172	137	31
-1.5635	101	31
-1.50096	104	31
-1.50066	139	31
-1.4995	142	31
-1.49912	143	31
-1.49941	143	31
-1.56061	141	31
-1.56297	109	31
-1.56191	127	31
-1.50029	137	31
-1.55901	112	31
-1.56338	136	31
-1.53969	116	31
-1.50059	120	31
-1.50348	149	31
-1.50279	116	31
-1.56244	138	31
-1.55863	129	31
-1.55651	148	31
-1.50235	140	31
-1.56085	112	31
-1.56443	113	31
-1.50188	149	31
-1.50228	113	31
-1.50208	141	31
-1.55789	137	31
-1.56324	123	31
-1.5609	111	31
-1.50084	131	31
-1.5032	145	31
-1.50147	139	31
-1.50215	140	31
-1.50396	138	31
-1.55323	163	31
-1.56294	105	31
-1.56226	133	31
-1.50203	160	31
-1.50152	136	31
-1.50014	166	31
-1.55873	140	31
-1.55955	135	31
-1.50139	134	31
-1.50227	128	31
-1.50289	159	31
-1.50123	143	31
-1.54626	130	31
-1.50079	141	31
-1.56236	94	31
-1.56066	99	31
-1.55971	120	31
-1.55799	160	31
-1.49985	148	31
-1.56074	106	31
-1.50115	134	31
-1.5016	147	31
-1.56009	114	31
-1.56173	104	31
-1.56317	120	31
-1.5011	131	31
-1.56508	134	31
-1.50181	139	31
-1.49971	130	31
-1.50128	135	31
-1.50044	136	31
-1.55908	152	31
-1.56562	101	31
-1.50247	121	31
-1.56418	115	31
-1.50133	141	31
-1.5592	128	31
-1.55807	139	31
-1.55956	149	31
-1.49921	149	31
-1.4999	145	31
-1.56282	133	31
-1.56029	143	31
-1.54664	119	31
-1.50156	141	31
-1.56113	146	31
-1.5541	133	31
-1.5014	122	31
-1.55863	107	31
-1.5638	134	31
-1.50017	146	31
-1.5042	112	31
-1.50038	135	31
-1.501	155	31
-1.56146	125	31
-1.50204	125	31
-1.50245	122	31
-1.55787	147	31
-1.56308	90	31
-1.56165	132	31
-1.50036	141	31
-1.49951	136	31
-1.50113	149	31
-1.50081	159	31
-1.55811	131	31
-1.50077	141	31
-1.49936	130	31
-1.50202	142	31
-1.50018	133	31
-1.50024	153	31
-1.55706	124	31
-1.50233	151	31
-1.49826	148	31
-1.49957	149	31
-1.54965	135	31
-1.56326	148	31
-1.56055	124	31
-1.56062	127	31
-1.5024	150	31
-1.56351	76	31
-1.49994	148	31
-1.54215	117	31
-1.50244	141	31
-1.50139	126	31
-1.4979	128	31
-1.51757	132	31
-1.5602	112	31
-1.53689	138	31
-1.50045	138	31
-1.50304	121	31
-1.56144	151	31
-1.50129	166	31
-1.49894	136	31
-1.50025	124	31
-1.49978	139	31
-1.49699	165	31
-1.56063	133	31
-1.5017	161	31
-1.55922	161	31
-1.50149	132	31
-1.54685	136	31
-1.50157	142	31
-1.50065	131	31
-1.56502	101	31
-1.50181	130	31
-1.50177	134	31
-1.49853	130	31
-1.49936	106	31
-1.56065	129	31
-1.4973	146	31
-1.55978	125	31
-1.56113	119	31
-1.56248	103	31
-1.50103	158	31
-1.50171	142	31
-1.56449	125	31
-1.50254	122	31
-1.50019	152	31
-1.5014	126	31
-1.50194	146	31
-1.50341	112	31
-1.53313	93	31
-1.56196	120	31
-1.55824	146	31
-1.49849	147	31
-1.5026	148	31
-1.50307	143	31
-1.50114	145	31
-1.56203	126	31
-1.55415	115	31
-1.50232	143	31
-1.50084	159	31
-1.49806	180	31
-1.50022	131	31
-1.50338	149	31
-1.56297	111	31
-1.56376	108	31
-1.49989	136	31
-1.50161	141	31
-1.49997	146	31
-1.50129	143	31
-1.49992	139	31
-1.5603	133	31
-1.50251	152	31
-1.56322	133	31
-1.49992	136	31
-1.56477	148	31
-1.50134	138	31
-1.55369	149	31
-1.49921	149	31
-1.56079	121	31
-1.55892	98	31
-1.50715	128	31
-1.56305	116	31
-1.4994	139	31
-1.56347	129	31
-1.56035	147	31
-1.49899	156	31
-1.4989	153	31
-1.50084	130	31
-1.56096	128	31
-1.54161	117	31
-1.56077	148	31
-1.49907	136	31
-1.56283	141	31
-1.55587	171	31
-1.50184	126	31
-1.56396	121	31
-1.56249	134	31
-1.50103	140	31
-1.56483	117	31
-1.56205	126	31
-1.4986	156	31
-1.50066	128	31
-1.50261	144	31
-1.49939	165	31
-1.56074	137	31
-1.56127	134	31
-1.56243	140	31
-1.502	148	31
-1.50147	122	31
-1.55983	128	31
-1.50331	112	31
-1.49936	140	31
-1.49997	154	31
-1.50296	143	31
-1.50054	143	31
-1.50006	156	31
-1.56025	127	31
-1.50056	158	31
-1.50234	151	31
-1.49964	139	31
-1.50158	120	31
-1.56276	116	31
-1.55074	125	31
-1.56231	127	31
-1.54865	111	31
-1.50236	144	31
-1.49993	160	31
-1.50129	127	31
-1.51648	127	31
-1.56318	107	31
-1.50083	151	31
-1.49726	148	31
-1.56196	100	31
-1.50227	112	31
-1.50113	126	31
-1.56208	136	31
-1.50145	137	31
-1.5616	140	31
-1.5607	139	31
-1.50116	144	31
-1.55827	117	31
-1.56296	136	31
-1.49835	141	31
-1.5591	128	31
-1.55315	97	31
-1.55775	113	31
-1.49843	154	31
-1.5493	113	31
-1.50074	148	31
-1.56413	113	31
-1.50063	151	31
-1.56394	142	31
-1.50414	151	31
-1.56338	122	31
-1.50126	133	31
-1.50128	178	31
-1.5023	130	31
-1.5004	160	31
-1.51473	126	31
-1.5645	141	31
-1.56142	114	31
-1.50026	156	31
-1.50088	137	31
-1.49751	129	31
-1.49748	142	31
-1.50197	123	31
-1.50086	125	31
-1.50204	124	31
-1.50147	131	31
-1.56222	139	31
-1.5075	129	31
-1.50106	143	31
-1.50003	132	31
-1.50806	161	31
-1.49943	145	31
-1.49748	154	31
-1.56407	92	31
-1.55813	121	31
-1.50192	152	31
-1.50149	143	31
-1.5041	134	31
-1.50075	157	31
-1.49976	141	31
-1.50351	139	31
-1.56079	130	31
-1.50422	129	31
-1.56019	153	31
-1.56769	143	31
-1.55987	150	31
-1.56195	125	31
-1.49979	139	31
-1.56175	113	31
-1.4979	127	31
-1.50012	132	31
-1.50132	120	31
-1.50156	118	31
-1.55788	155	31
-1.49961	126	31
-1.56366	123	31
-1.56348	98	31
-1.50412	134	31
-1.50136	125	31
-1.35224	117	31
-1.55859	135	31
-1.50151	140	31
-1.50296	144	31
-1.50134	149	31
-1.55891	126	31
-1.55565	137	31
-1.49708	140	31
-1.49745	160	31
-1.50147	163	31
-1.49983	159	31
-1.50244	175	31
-1.50121	128	31
-1.49957	145	31
-1.50316	137	31
-1.5245	161	31
-1.50133	140	31
-1.52257	125	31
-1.50078	141	31
-1.5025	147	31
-1.50221	121	31
-1.50291	145	31
-1.56251	119	31
-1.50391	135	31
-1.56222	133	31
-1.5038	117	31
-1.56416	101	31
-1.5004	140	31
-1.55626	135	31
-1.49999	142	31
-1.50317	154	31
-1.50271	138	31
-1.50192	147	31
-1.50097	131	31
-1.49877	128	31
-1.56241	133	31
-1.50003	162	31
-1.50187	156	31
-1.55057	128	31
-1.56027	113	31
-1.56317	124	31
-1.56374	103	31
-1.54294	121	31
-1.50331	145	31
-1.50137	135	31
-1.56295	124	31
-1.49942	130	31
-1.55798	144	31
-1.56233	134	31
-1.56144	121	31
-1.50037	146	31
-1.50272	148	31
-1.49587	145	31
-1.50256	124	31
-1.504	158	31
-1.55957	110	31
-1.4998	118	31
-1.50063	159	31
-1.50307	136	31
-1.56486	135	31
-1.55216	125	31
-1.49886	137	31
-1.55459	115	31
-1.50094	125	31
-1.50206	138	31
-1.50317	130	31
-1.55738	127	31
-1.50147	151	31
-1.49778	158	31
-1.56191	121	31
-1.56179	128	31
-1.4974	170	31
-1.50048	168	31
-1.54903	141	31
-1.50268	135	31
-1.50201	129	31
-1.54633	118	31
-1.49908	144	31
-1.50358	134	31
-1.50119	149	31
-1.49843	133	31
-1.56305	116	31
-1.49998	139	31
-1.50121	135	31
-1.50086	161	31
-1.50216	130	31
-1.56093	141	31
-1.5622	140	31
-1.5628	133	31
-1.53401	146	31
-1.56506	122	31
-1.49836	138	31
-1.50375	148	31
-1.50346	160	31
-1.55474	84	31
-1.49789	162	31
-1.50088	154	31
-1.56079	115	31
-1.55902	131	31
-1.49891	146	31
-1.50134	151	31
-1.56534	167	31
-1.498	141	31
-1.50259	127	31
-1.56409	147	31
-1.55854	141	31
-1.50299	151	31
-1.50029	132	31
-1.49702	171	31
-1.50332	143	31
-1.50237	135	31
-1.561	115	31
-1.5638	126	31
-1.56307	137	31
-1.50301	145	31
-1.50131	162	31
-1.50153	127	31
-1.49992	140	31
-1.50132	121	31
-1.50013	147	31
-1.49989	150	31
-1.50121	156	31
-1.5105	146	31
-1.49852	133	31
-1.50372	156	31
-1.52157	182	31
-1.50187	129	31
-1.5611	130	31
-1.56022	117	31
-1.5574	101	31
-1.56157	140	31
-1.52043	143	31
-1.56346	122	31
-1.50097	114	31
-1.50028	104	31
-1.50271	131	31
-1.52892	134	31
-1.50169	130	31
-1.49753	141	31
-1.56385	146	31
-1.50262	145	31
-1.50136	134	31
-1.50299	140	31
-1.56203	119	31
-1.50176	152	31
-1.50041	144	31
