-1.4809	94	47
-1.4824	94	47
-1.5026	94	47
-1.4959	94	47
-1.4609	94	47
-1.484	94	47
-1.4983	94	47
-1.373	94	47
-1.2967	94	47
-1.5469	94	47
-1.4093	94	47
-1.4914	94	47
-1.5347	94	47
-1.4449	94	47
-1.5421	94	47
-1.5265	94	47
-1.5027	94	47
-1.4984	94	47
-1.4085	94	47
-1.4971	94	47
-1.5051	94	47
-1.4537	94	47
-1.5317	94	47
-1.4693	94	47
-1.4057	94	47
-1.0503	94	47
-1.5262	94	47
-1.4857	94	47
-1.4902	94	47
-1.4069	94	47
-1.5024	94	47
-1.4854	94	47
-1.54	94	47
-1.5227	94	47
-1.4739	94	47
-1.4928	94	47
-1.261	94	47
-1.4681	94	47
-1.464	94	47
-1.4109	94	47
-1.5358	94	47
-1.5176	94	47
-1.4809	94	47
-1.4796	94	47
-1.492	94	47
-1.4992	94	47
-1.4996	94	47
-1.4882	94	47
-1.4068	94	47
-1.5011	94	47
-1.4378	94	47
-1.5029	94	47
-1.4778	94	47
-1.499	94	47
-1.5016	94	47
-1.5573	94	47
-1.4879	94	47
-1.4789	94	47
-1.4968	94	47
-1.5078	94	47
-1.4999	94	47
-1.4244	94	47
-1.5271	94	47
-1.5022	94	47
-1.4788	94	47
-1.488	94	47
-1.4918	94	47
-1.4997	94	47
-1.3696	94	47
-1.4927	94	47
-1.5029	94	47
-1.5437	94	47
-1.4958	94	47
-0.8413	94	47
-1.5563	94	47
-1.3875	94	47
-1.4423	94	47
-1.4914	94	47
-1.4941	94	47
-0.9476	94	47
-1.4758	94	47
-1.4235	94	47
-1.3894	94	47
-1.4851	94	47
-1.4734	94	47
-1.533	94	47
-1.5235	94	47
-1.5023	94	47
-1.5104	94	47
-1.4899	94	47
-1.4835	94	47
-1.4867	94	47
-1.5024	94	47
-1.5415	94	47
-0.2424	94	47
-1.2959	94	47
-1.2724	94	47
-1.4519	94	47
-1.4865	94	47
-1.4651	94	47
-1.5339	94	47
1.4793	94	47
-1.4508	94	47
-1.4817	94	47
-1.4361	94	47
-1.4625	94	47
-1.4944	94	47
-1.5251	94	47
-1.5596	94	47
-1.5026	94	47
-1.4766	94	47
-1.4715	94	47
-1.5421	94	47
-1.5042	94	47
-1.5522	94	47
-1.4848	94	47
-1.5047	94	47
-1.499	94	47
-1.4997	94	47
-1.3291	94	47
-1.4549	94	47
-1.4878	94	47
-1.5052	94	47
-1.4875	94	47
-1.4113	94	47
-1.4938	94	47
-1.4641	94	47
-1.5141	94	47
-1.522	94	47
-1.4895	94	47
-1.5018	94	47
-1.4704	94	47
-1.4551	94	47
-1.4532	94	47
-1.4986	94	47
-1.514	94	47
-1.4889	94	47
-1.5268	94	47
-1.4907	94	47
-1.5237	94	47
-1.4844	94	47
-1.5013	94	47
-1.2755	94	47
-1.4772	94	47
-1.4827	94	47
-1.4595	94	47
-1.4825	94	47
-1.5116	94	47
-1.4947	94	47
-0.6928	94	47
-1.5238	94	47
-1.4897	94	47
-1.5159	94	47
-1.4864	94	47
-1.533	94	47
-1.4506	94	47
-1.4676	94	47
-1.5114	94	47
-1.4931	94	47
-1.1979	94	47
-1.5313	94	47
-1.4537	94	47
-1.4365	94	47
-1.4842	94	47
-1.5033	94	47
-1.1645	94	47
-1.4708	94	47
-1.4917	94	47
-1.446	94	47
-1.4416	94	47
-1.5036	94	47
-1.3552	94	47
-1.4936	94	47
-1.4772	94	47
-1.4869	94	47
-1.5519	94	47
-1.5325	94	47
-1.3742	94	47
-1.5009	94	47
-1.5035	94	47
-1.4756	94	47
-1.4556	94	47
-1.4905	94	47
-1.473	94	47
-1.489	94	47
-1.4811	94	47
-1.4691	94	47
-1.2194	94	47
-0.9824	94	47
-1.4895	94	47
-1.3096	94	47
-1.487	94	47
-1.5321	94	47
0.4659	94	47
-1.5071	94	47
-1.5	94	47
-1.5674	94	47
-1.5221	94	47
-1.4754	94	47
-0.6352	94	47
-1.4993	94	47
-1.536	94	47
-1.5006	94	47
-1.4859	94	47
-1.4721	94	47
-1.5055	94	47
-1.4399	94	47
-1.5008	94	47
-1.5435	94	47
-1.4958	94	47
-1.4712	94	47
-1.4038	94	47
-1.4015	94	47
-1.5116	94	47
-1.3811	94	47
-1.4667	94	47
-1.3802	94	47
-1.4272	94	47
-1.4583	94	47
-1.498	94	47
-1.495	94	47
-1.4708	94	47
-1.4955	94	47
-1.5061	94	47
-1.4892	94	47
-1.5056	94	47
-1.2965	94	47
-1.5551	94	47
-1.5235	94	47
-1.4415	94	47
-1.4592	94	47
-1.4861	94	47
-1.547	94	47
-1.4809	94	47
-1.457	94	47
-1.4424	94	47
-1.4646	94	47
-1.5192	94	47
-1.5023	94	47
-1.4745	94	47
-1.4536	94	47
-1.4776	94	47
-1.5226	94	47
-0.5905	94	47
-1.4711	94	47
-1.4963	94	47
-1.5077	94	47
-1.4588	94	47
-1.4706	94	47
-1.5326	94	47
-1.345	94	47
-1.5554	94	47
-1.4705	94	47
-1.4962	94	47
-1.4954	94	47
-1.5421	94	47
-1.3024	94	47
-1.4087	94	47
-1.3757	94	47
-1.5252	94	47
-1.497	94	47
-1.492	94	47
-1.4166	94	47
-1.4223	94	47
-1.5029	94	47
-1.5029	94	47
-1.4919	94	47
-1.4158	94	47
-1.5301	94	47
-1.4867	94	47
-1.3605	94	47
-1.5598	94	47
-1.5472	94	47
-1.4857	94	47
-1.5398	94	47
-1.1828	94	47
-1.4716	94	47
-1.4992	94	47
-1.494	94	47
-1.5377	94	47
-1.4007	94	47
-1.482	94	47
-1.4968	94	47
-1.5466	94	47
-1.5135	94	47
-1.5097	94	47
-1.4122	94	47
-1.4093	94	47
-1.4996	94	47
-1.4827	94	47
-1.4711	94	47
-1.3404	94	47
-1.3074	94	47
-1.4689	94	47
-1.4403	94	47
-1.5064	94	47
-1.5508	94	47
-1.5185	94	47
-1.5009	94	47
-1.4768	94	47
-1.4976	94	47
-1.4719	94	47
-1.1609	94	47
-1.4173	94	47
-1.5064	94	47
-1.4598	94	47
-1.4737	94	47
-1.4175	94	47
-1.4423	94	47
-1.5208	94	47
-1.1338	94	47
-1.4905	94	47
-1.4691	94	47
-1.499	94	47
-1.3351	94	47
-1.459	94	47
-1.4964	94	47
-1.4972	94	47
-1.3309	94	47
-1.5272	94	47
-1.5475	94	47
-1.5621	94	47
-1.4787	94	47
-1.4291	94	47
-1.452	94	47
-1.4766	94	47
-1.4899	94	47
-1.2048	94	47
-1.516	94	47
-1.4843	94	47
-1.5367	94	47
-1.5091	94	47
-1.4761	94	47
-1.5066	94	47
-1.4725	94	47
-1.4518	94	47
-1.5056	94	47
-1.4672	94	47
-1.4849	94	47
-1.4877	94	47
-1.4978	94	47
-1.4791	94	47
-1.4741	94	47
-1.525	94	47
-1.1251	94	47
-1.4731	94	47
-1.3881	94	47
-1.4528	94	47
-1.4719	94	47
-1.5086	94	47
-1.4524	94	47
-1.4041	94	47
-1.3495	94	47
-1.328	94	47
-1.5071	94	47
-0.3263	94	47
-1.5171	94	47
-1.4922	94	47
-1.4992	94	47
-1.3892	94	47
-1.4946	94	47
-1.4218	94	47
-1.0382	94	47
-1.4947	94	47
-1.4976	94	47
-1.4546	94	47
-1.5099	94	47
-1.4651	94	47
-1.497	94	47
-1.5444	94	47
-1.4976	94	47
-1.4802	94	47
-1.489	94	47
-1.4995	94	47
-1.386	94	47
-1.5392	94	47
-1.4558	94	47
-1.4981	94	47
-1.4783	94	47
-1.4793	94	47
-1.1797	94	47
-1.4734	94	47
-1.3867	94	47
-1.5086	94	47
-1.4704	94	47
-1.5566	94	47
-1.4833	94	47
-1.5052	94	47
-1.503	94	47
-1.4359	94	47
-1.5311	94	47
-1.4928	94	47
-1.4973	94	47
-1.4942	94	47
-1.4844	94	47
-1.501	94	47
-1.487	94	47
-1.51	94	47
-1.5348	94	47
-1.5314	94	47
-1.4922	94	47
-1.4035	94	47
-1.4055	94	47
-1.2989	94	47
-1.472	94	47
-1.4927	94	47
-1.4631	94	47
-1.5633	94	47
-1.4681	94	47
-1.4675	94	47
-1.5187	94	47
-1.4979	94	47
-1.4864	94	47
-1.4891	94	47
-1.4329	94	47
-1.3909	94	47
-1.492	94	47
-1.454	94	47
-1.4437	94	47
-1.4007	94	47
-1.4893	94	47
-1.4718	94	47
-1.4438	94	47
-1.5165	94	47
-1.3843	94	47
-1.487	94	47
-1.4572	94	47
-1.5555	94	47
-1.4851	94	47
-1.4823	94	47
-1.4987	94	47
-1.5028	94	47
-1.501	94	47
-1.5322	94	47
-1.4856	94	47
-1.4736	94	47
-1.4927	94	47
-1.3051	94	47
-1.4479	94	47
-1.4234	94	47
-1.4517	94	47
-1.487	94	47
-1.5008	94	47
-1.3417	94	47
-1.5038	94	47
-1.4986	94	47
-1.4649	94	47
-1.5327	94	47
-1.4882	94	47
-1.4941	94	47
-1.4698	94	47
-1.4664	94	47
-1.3263	94	47
-1.5354	94	47
-1.4924	94	47
-1.3571	94	47
-1.4835	94	47
-1.4994	94	47
-1.5466	94	47
-1.3909	94	47
-1.4119	94	47
-1.4964	94	47
-1.5032	94	47
-1.4851	94	47
-1.4227	94	47
-1.4796	94	47
-1.4903	94	47
-1.4301	94	47
-1.4639	94	47
-1.5321	94	47
-1.4944	94	47
-1.4918	94	47
-1.4368	94	47
-1.4367	94	47
-1.4716	94	47
-1.484	94	47
-1.4774	94	47
-1.4985	94	47
-1.4997	94	47
-0.798	94	47
-1.5162	94	47
-1.5443	94	47
-1.4865	94	47
-1.4233	94	47
-1.4618	94	47
-1.5192	94	47
-1.4653	94	47
-1.4538	94	47
-1.4445	94	47
-1.443	94	47
-1.4942	94	47
-1.4895	94	47
-1.4723	94	47
-1.4992	94	47
-1.5006	94	47
-1.2798	94	47
-1.4887	94	47
-1.4834	94	47
-1.4946	94	47
-1.4746	94	47
-1.5361	94	47
-1.4817	94	47
-1.4655	94	47
-1.494	94	47
-1.4919	94	47
-1.4427	94	47
-1.4741	94	47
-1.4941	94	47
-1.516	94	47
-1.4034	94	47
-1.4119	94	47
-1.4773	94	47
-1.3961	94	47
-1.4951	94	47
-1.4479	94	47
-1.5495	94	47
-1.4527	94	47
-1.5491	94	47
-1.5044	94	47
-1.5558	94	47
-1.4958	94	47
-1.489	94	47
-1.4897	94	47
-1.4547	94	47
-1.4848	94	47
-1.4672	94	47
-1.4996	94	47
-1.499	94	47
-1.5042	94	47
-1.4963	94	47
-1.4741	94	47
-1.5066	94	47
-1.3989	94	47
-1.5139	94	47
-1.2545	94	47
-1.4935	94	47
-1.4998	94	47
-1.378	94	47
-1.4231	94	47
-1.361	94	47
-1.2557	94	47
-1.481	94	47
-1.5065	94	47
-1.5133	94	47
-1.4948	94	47
-1.3027	94	47
-1.5459	94	47
-1.5152	94	47
-1.4786	94	47
-1.4758	94	47
-1.3928	94	47
-1.4916	94	47
-1.4883	94	47
-1.492	94	47
-1.4566	94	47
-1.4942	94	47
-1.468	94	47
-1.3781	94	47
-1.5058	94	47
-1.4905	94	47
-1.4609	94	47
-1.4958	94	47
-1.4978	94	47
-1.4858	94	47
-1.4728	94	47
-1.4216	94	47
-1.4887	94	47
-1.4368	94	47
-1.4994	94	47
-1.3296	94	47
-1.436	94	47
-1.4905	94	47
-1.5497	94	47
-1.4945	94	47
-1.4774	94	47
-1.4863	94	47
-1.5017	94	47
-0.5269	94	47
-1.3928	94	47
-1.5293	94	47
-1.4936	94	47
-1.4782	94	47
-1.4736	94	47
-1.5568	94	47
-1.4687	94	47
-1.4888	94	47
-1.4414	94	47
-1.4651	94	47
-1.4899	94	47
-1.4616	94	47
-1.4953	94	47
-1.4841	94	47
-1.4808	94	47
-1.4578	94	47
-1.4906	94	47
-1.4954	94	47
-1.4638	94	47
-1.4873	94	47
-1.498	94	47
-1.396	94	47
-1.4736	94	47
-1.5291	94	47
-1.495	94	47
-1.4858	94	47
-1.5024	94	47
-1.4974	94	47
-1.4666	94	47
-1.5027	94	47
-1.525	94	47
-1.4812	94	47
-1.4428	94	47
-1.4996	94	47
-0.4525	94	47
-1.47	94	47
-1.5117	94	47
-1.5585	94	47
-1.4331	94	47
-1.4805	94	47
-1.4873	94	47
-1.4275	94	47
-1.4884	94	47
-1.5048	94	47
-1.4821	94	47
-1.4704	94	47
-1.4692	94	47
-1.4162	94	47
-1.4891	94	47
-1.5007	94	47
-1.4354	94	47
-1.5082	94	47
-1.4919	94	47
-1.4862	94	47
-1.5122	94	47
-1.4946	94	47
-1.4909	94	47
-1.5017	94	47
-1.3872	94	47
-1.4947	94	47
-1.5425	94	47
-1.4846	94	47
-1.5185	94	47
-1.3752	94	47
-1.4958	94	47
-1.49	94	47
-1.2127	94	47
-1.4556	94	47
-1.5013	94	47
-1.5532	94	47
-1.5513	94	47
-1.493	94	47
-1.3353	94	47
-1.4097	94	47
-1.4515	94	47
-1.4692	94	47
-1.5087	94	47
-1.4849	94	47
-1.4919	94	47
-1.4186	94	47
-1.4326	94	47
-1.457	94	47
-1.4879	94	47
-1.5115	94	47
-1.4279	94	47
-1.4916	94	47
-1.4918	94	47
-1.5044	94	47
-1.454	94	47
-1.4964	94	47
-1.5299	94	47
-1.4536	94	47
-1.5178	94	47
-1.3711	94	47
-1.4918	94	47
-1.4751	94	47
-1.5021	94	47
-1.528	94	47
-1.4994	94	47
-1.4773	94	47
-1.4818	94	47
-1.4866	94	47
-1.5039	94	47
-1.4936	94	47
-1.534	94	47
0.6603	94	47
-1.4997	94	47
-1.4876	94	47
-1.4613	94	47
-1.356	94	47
-1.463	94	47
-1.5277	94	47
-1.4838	94	47
-1.4931	94	47
-1.5178	94	47
-1.5212	94	47
-1.5097	94	47
-1.2729	94	47
-1.1602	94	47
-1.4821	94	47
-1.4197	94	47
-1.4701	94	47
-1.3097	94	47
-1.4092	94	47
-1.5012	94	47
-1.4628	94	47
-1.5345	94	47
-1.5513	94	47
-1.4767	94	47
-1.4902	94	47
-1.5066	94	47
-1.4491	94	47
-1.5215	94	47
-1.1293	94	47
-1.4483	94	47
-1.3624	94	47
-1.4874	94	47
-1.492	94	47
-1.4983	94	47
-1.5064	94	47
-1.501	94	47
-1.4792	94	47
-1.4577	94	47
-1.5217	94	47
0.0288	94	47
-1.466	94	47
-1.3929	94	47
-1.5007	94	47
-1.4989	94	47
-1.4965	94	47
-1.5355	94	47
-0.9971	94	47
-1.49	94	47
-1.4759	94	47
-1.4949	94	47
-1.5064	94	47
-1.4882	94	47
-1.2868	94	47
-1.4799	94	47
-1.4954	94	47
-1.4445	94	47
-1.3514	94	47
-1.5432	94	47
-1.5126	94	47
-1.4986	94	47
-1.4802	94	47
-1.4959	94	47
-1.5175	94	47
-1.5072	94	47
-1.4765	94	47
-1.4934	94	47
-1.4834	94	47
-1.4927	94	47
-1.4446	94	47
-1.4974	94	47
-1.4846	94	47
-1.4393	94	47
-1.4881	94	47
-1.1981	94	47
-1.4981	94	47
-1.4559	94	47
-1.4858	94	47
-1.498	94	47
-1.5119	94	47
-1.4885	94	47
-1.4962	94	47
-1.4779	94	47
-1.4235	94	47
-1.4617	94	47
-1.5229	94	47
-1.5054	94	47
-1.4758	94	47
-1.5082	94	47
-1.2454	94	47
0.0715	94	47
-1.4649	94	47
-1.4904	94	47
-1.4868	94	47
-1.4807	94	47
-1.4903	94	47
-1.4907	94	47
-1.4901	94	47
-1.5169	94	47
-0.6065	94	47
-1.4502	94	47
-1.4717	94	47
-1.5087	94	47
-1.5457	94	47
-0.807	94	47
-1.4821	94	47
-1.4723	94	47
-1.5006	94	47
-1.487	94	47
-1.4995	94	47
-1.492	94	47
-1.4652	94	47
-1.5296	94	47
-1.4625	94	47
-1.4666	94	47
-1.4385	94	47
-1.4586	94	47
-1.4962	94	47
-1.4965	94	47
-1.4891	94	47
-1.4931	94	47
-1.4787	94	47
-1.4644	94	47
-1.2352	94	47
-1.5057	94	47
-1.3979	94	47
-1.4429	94	47
-1.4976	94	47
-1.486	94	47
-1.4779	94	47
-1.4986	94	47
-1.4826	94	47
-1.3982	94	47
-1.481	94	47
-1.4955	94	47
-1.4188	94	47
-1.4959	94	47
-1.4589	94	47
-1.5332	94	47
-1.3803	94	47
-1.5227	94	47
-1.504	94	47
-1.4675	94	47
-1.4774	94	47
-1.5087	94	47
-1.4733	94	47
-1.4634	94	47
-1.3981	94	47
-1.5266	94	47
-1.4807	94	47
-1.4498	94	47
-1.4131	94	47
-1.5358	94	47
-1.4809	94	47
-1.4544	94	47
-1.4575	94	47
-1.5027	94	47
-1.488	94	47
-1.4992	94	47
-1.4575	94	47
-1.5189	94	47
-1.4914	94	47
-1.4819	94	47
-1.4898	94	47
-1.4881	94	47
-1.4735	94	47
-1.4386	94	47
-1.4894	94	47
-1.5187	94	47
-1.5005	94	47
-1.4472	94	47
-1.4882	94	47
-1.5108	94	47
-1.4975	94	47
-1.2954	94	47
-1.4602	94	47
-1.4882	94	47
-1.4953	94	47
-1.4483	94	47
-1.5089	94	47
-1.0415	94	47
-1.4946	94	47
-1.4937	94	47
-1.4933	94	47
-1.5002	94	47
-1.4595	94	47
-1.4882	94	47
-1.4905	94	47
-1.4799	94	47
-1.376	94	47
-1.4885	94	47
-1.5506	94	47
-1.5404	94	47
-1.5586	94	47
-1.4819	94	47
-1.4907	94	47
-1.4967	94	47
-1.4976	94	47
-1.5445	94	47
-1.4916	94	47
-1.4922	94	47
-1.5359	94	47
-1.4513	94	47
-1.4895	94	47
-1.5	94	47
-1.4908	94	47
-1.5295	94	47
-1.3598	94	47
-1.5281	94	47
-1.4229	94	47
-1.4601	94	47
-1.4891	94	47
-1.4687	94	47
-1.4551	94	47
-1.4981	94	47
-1.4942	94	47
-1.4932	94	47
-1.4602	94	47
-1.551	94	47
-1.4791	94	47
-1.4309	94	47
-1.518	94	47
-1.4884	94	47
-1.4921	94	47
-1.5196	94	47
-1.154	94	47
-1.5375	94	47
-1.5222	94	47
-1.4919	94	47
-1.3655	94	47
-1.4973	94	47
-1.5004	94	47
-1.5281	94	47
-1.5022	94	47
-1.4883	94	47
-1.5003	94	47
-1.4759	94	47
-1.449	94	47
-1.4877	94	47
-1.4869	94	47
-1.5408	94	47
-1.464	94	47
-1.4664	94	47
-1.3953	94	47
-1.2786	94	47
-1.5076	94	47
-1.4148	94	47
-1.541	94	47
-1.3016	94	47
-1.5417	94	47
-1.502	94	47
-1.4641	94	47
-0.8328	94	47
-1.4896	94	47
-1.4662	94	47
-1.4982	94	47
-0.6289	94	47
0.0153	94	47
-1.5244	94	47
-1.4971	94	47
-1.398	94	47
-1.4859	94	47
-1.5052	94	47
-1.4835	94	47
-1.4911	94	47
-1.558	94	47
-1.4573	94	47
-1.4659	94	47
-1.4934	94	47
-1.3196	94	47
-1.4948	94	47
-1.4915	94	47
-1.4518	94	47
-1.44	94	47
-1.5029	94	47
-1.5075	94	47
-1.5019	94	47
-1.4949	94	47
-1.4724	94	47
-1.4928	94	47
-1.4601	94	47
-1.525	94	47
-1.4971	94	47
-1.4868	94	47
-1.3967	94	47
-1.4664	94	47
-1.4616	94	47
-1.4948	94	47
-1.4777	94	47
-1.4883	94	47
-1.4887	94	47
-1.4721	94	47
-1.4136	94	47
-1.4785	94	47
-1.4763	94	47
-1.4797	94	47
-1.5218	94	47
-1.486	94	47
-1.5292	94	47
-1.4716	94	47
-1.4793	94	47
-1.4997	94	47
-1.4899	94	47
-1.472	94	47
-1.5241	94	47
-1.5256	94	47
-0.6441	94	47
-1.5164	94	47
-1.5433	94	47
-0.9633	94	47
-1.4961	94	47
-1.5501	94	47
-1.429	94	47
-1.5331	94	47
-1.4815	94	47
-1.4664	94	47
-1.5075	94	47
-1.4758	94	47
-1.505	94	47
-1.5341	94	47
-1.5107	94	47
-1.4604	94	47
-1.4367	94	47
-1.4806	94	47
0.481	94	47
-1.5576	94	47
-1.398	94	47
-1.4575	94	47
-1.4776	94	47
-1.5277	94	47
-1.5014	94	47
-1.4619	94	47
-1.4475	94	47
-1.4977	94	47
-1.3165	94	47
-1.4705	94	47
-1.3107	94	47
-1.5019	94	47
-1.4665	94	47
-1.4838	94	47
-1.4627	94	47
-1.4862	94	47
-1.4925	94	47
-1.482	94	47
-1.4837	94	47
-1.5138	94	47
-1.5104	94	47
-1.3796	94	47
-1.507	94	47
-1.4383	94	47
-1.4433	94	47
-1.4414	94	47
-1.471	94	47
-1.4632	94	47
-1.4232	94	47
-1.5006	94	47
-1.4508	94	47
-1.4982	94	47
-1.5346	94	47
-1.1022	94	47
-1.5232	94	47
-1.4981	94	47
-1.5037	94	47
-1.5033	94	47
-1.4405	94	47
-1.4957	94	47
-1.4825	94	47
-1.47	94	47
-1.4713	94	47
-1.5555	94	47
-1.4991	94	47
-1.4479	94	47
-1.4628	94	47
-1.5067	94	47
-1.4957	94	47
-0.8737	94	47
-1.4696	94	47
-1.4936	94	47
-1.4814	94	47
-1.5378	94	47
-1.5223	94	47
-1.5292	94	47
-1.5247	94	47
-1.5102	94	47
-1.5521	94	47
-1.5312	94	47
-1.3527	94	47
-1.5197	94	47
-1.4596	94	47
-1.4746	94	47
-1.4836	94	47
-1.4976	94	47
-1.2816	94	47
-1.4052	94	47
-1.5401	94	47
-1.4945	94	47
-1.5215	94	47
-1.5018	94	47
-1.5033	94	47
-1.4603	94	47
-1.4474	94	47
-1.4869	94	47
-1.4965	94	47
-1.4966	94	47
-1.4824	94	47
-1.0617	94	47
-1.4415	94	47
-1.4818	94	47
-1.3553	94	47
-1.5257	94	47
-1.3751	94	47
-1.5232	94	47
-1.5001	94	47
-1.5277	94	47
-1.4989	94	47
-1.4929	94	47
-1.4884	94	47
-1.5006	94	47
-1.4492	94	47
-1.5302	94	47
-1.4724	94	47
-1.4863	94	47
-1.264	94	47
-1.2219	94	47
-1.4879	94	47
-1.4909	94	47
-1.5076	94	47
-1.4825	94	47
-1.4569	94	47
-1.4792	94	47
-1.5146	94	47
-1.5264	94	47
-1.4719	94	47
-1.5637	94	47
-1.5264	94	47
-1.4805	94	47
-1.4514	94	47
-1.5024	94	47
-1.3733	94	47
-1.4938	94	47
-1.4887	94	47
-1.4834	94	47
-1.4239	94	47
-1.4776	94	47
-1.4814	94	47
0.0242	94	47
-1.452	94	47
-1.5012	94	47
-1.3863	94	47
-1.5029	94	47
-1.384	94	47
-1.4794	94	47
-1.2844	94	47
-1.5098	94	47
-1.4842	94	47
-1.5339	94	47
-1.5002	94	47
-1.507	94	47
-1.4816	94	47
-1.5449	94	47
-1.4718	94	47
-1.2159	94	47
-1.5117	94	47
-1.4877	94	47
-1.5008	94	47
-1.4946	94	47
-1.5151	94	47
-1.463	94	47
-1.495	94	47
-1.5141	94	47
-1.5219	94	47
-1.4526	94	47
-1.4858	94	47
-1.5062	94	47
-1.4989	94	47
-1.5502	94	47
-1.4971	94	47
-1.4976	94	47
1.3236	94	47
-1.4332	94	47
-1.4958	94	47
-1.4348	94	47
-1.5232	94	47
-1.5487	94	47
-1.5352	94	47
-1.5088	94	47
-1.4881	94	47
-1.4681	94	47
-1.4814	94	47
-1.5072	94	47
-1.4474	94	47
-1.4907	94	47
-1.4973	94	47
-1.4652	94	47
-1.4904	94	47
-1.4898	94	47
-1.4935	94	47
-1.5316	94	47
-1.4828	94	47
-1.5271	94	47
-1.5092	94	47
-1.194	94	47
-1.4607	94	47
-1.4791	94	47
-1.505	94	47
-1.5184	94	47
-1.4897	94	47
-1.5024	94	47
-1.4718	94	47
-1.5225	94	47
-1.5056	94	47
-1.4845	94	47
-1.3366	94	47
-1.4573	94	47
-1.4908	94	47
-1.4963	94	47
-1.5204	94	47
0.9156	94	47
-1.4746	94	47
-1.5029	94	47
-1.5233	94	47
-1.5026	94	47
-1.465	94	47
-1.5181	94	47
-1.2189	94	47
-1.5019	94	47
-1.4891	94	47
-1.4972	94	47
-1.4767	94	47
-1.4874	94	47
-1.4964	94	47
-1.4834	94	47
-1.4903	94	47
-1.5346	94	47
-1.3992	94	47
-1.4959	94	47
-1.4818	94	47
-1.1761	94	47
-1.4312	94	47
-1.4008	94	47
-1.4963	94	47
-1.4696	94	47
-1.5326	94	47
-1.5596	94	47
-1.4902	94	47
-1.0852	94	47
-1.499	94	47
-1.5002	94	47
-1.3005	94	47
-1.5261	94	47
-1.4686	94	47
-1.4925	94	47
-1.4604	94	47
-1.4946	94	47
-1.4491	94	47
-1.4466	94	47
-0.9379	94	47
-1.4941	94	47
-1.4844	94	47
-1.4235	94	47
-1.4582	94	47
-1.5004	94	47
-1.4621	94	47
-1.4345	94	47
-1.4668	94	47
-1.5167	94	47
-1.4664	94	47
-1.4921	94	47
-1.4458	94	47
-1.4966	94	47
-1.3726	94	47
-1.344	94	47
-1.4899	94	47
-1.4848	94	47
-1.5027	94	47
-1.2987	94	47
-1.5029	94	47
-1.5033	94	47
-1.4394	94	47
-1.4535	94	47
-1.4877	94	47
-1.4591	94	47
-1.5389	94	47
-1.5022	94	47
-1.4112	94	47
-1.4974	94	47
-1.4857	94	47
-1.5359	94	47
-1.4433	94	47
-1.5004	94	47
-1.5062	94	47
-1.5193	94	47
-1.4601	94	47
-1.431	94	47
-1.4773	94	47
-1.514	94	47
-1.5318	94	47
-1.1871	94	47
-1.5136	94	47
-1.4976	94	47
-1.4876	94	47
-1.5082	94	47
-1.5466	94	47
-1.5208	94	47
-1.1924	94	47
-1.4992	94	47
-1.5268	94	47
-1.5498	94	47
-1.5324	94	47
-0.6052	94	47
-1.3873	94	47
-1.4999	94	47
-1.478	94	47
-1.4336	94	47
-1.4558	94	47
-1.5268	94	47
-1.5056	94	47
-1.321	94	47
-1.3611	94	47
-1.4982	94	47
-1.4889	94	47
-1.3806	94	47
-1.5308	94	47
-1.5317	94	47
-1.5029	94	47
-1.4711	94	47
-1.4506	94	47
-1.5202	94	47
-1.4268	94	47
-1.5072	94	47
-1.4744	94	47
-1.4429	94	47
-1.4983	94	47
-1.5498	94	47
-1.4189	94	47
-1.4491	94	47
-1.4486	94	47
-1.1164	94	47
-1.5118	94	47
-1.4182	94	47
-1.4758	94	47
-1.4089	94	47
-1.4792	94	47
-1.5045	94	47
-1.4962	94	47
-1.5356	94	47
-1.497	94	47
-1.4305	94	47
-1.5088	94	47
-1.4743	94	47
-1.4989	94	47
-1.4997	94	47
-1.4714	94	47
-1.4682	94	47
-1.4372	94	47
-1.5486	94	47
-1.4436	94	47
-1.5168	94	47
-1.5018	94	47
-1.435	94	47
-1.5209	94	47
-1.4544	94	47
-1.4975	94	47
-1.4678	94	47
-1.4829	94	47
-1.5003	94	47
-1.4969	94	47
-1.4254	94	47
-1.2454	94	47
-1.4219	94	47
-1.4337	94	47
-1.5049	94	47
-1.4463	94	47
-1.4924	94	47
-1.5595	94	47
-1.4191	94	47
-1.4476	94	47
-1.4687	94	47
-1.4701	94	47
-0.9493	94	47
-1.4712	94	47
-1.5216	94	47
-1.0689	94	47
-1.5251	94	47
-1.4585	94	47
-1.5368	94	47
-1.493	94	47
-1.4402	94	47
-1.494	94	47
-1.502	94	47
-1.5144	94	47
-1.499	94	47
-1.4859	94	47
-1.5138	94	47
-1.4811	94	47
-1.5014	94	47
-1.5015	94	47
-1.5132	94	47
-1.4829	94	47
-1.4917	94	47
-1.4869	94	47
-1.4969	94	47
-1.4752	94	47
-1.4384	94	47
-1.2664	94	47
-1.494	94	47
-1.4974	94	47
-1.5516	94	47
-1.5393	94	47
-1.1851	94	47
-1.4904	94	47
-1.5397	94	47
-1.4629	94	47
-1.5287	94	47
-1.4907	94	47
-1.4513	94	47
-1.3363	94	47
-1.4253	94	47
-1.5333	94	47
-1.4973	94	47
-1.4987	94	47
-1.5326	94	47
-1.5241	94	47
-1.4721	94	47
-1.5005	94	47
-1.4861	94	47
-1.4744	94	47
-1.5116	94	47
-1.3855	94	47
-1.5237	94	47
-1.4965	94	47
-1.4998	94	47
-1.4625	94	47
-1.4855	94	47
-1.4666	94	47
-1.4896	94	47
-1.5269	94	47
-1.4188	94	47
-1.5373	94	47
-1.5033	94	47
-1.4783	94	47
-1.4992	94	47
-1.4963	94	47
-1.4865	94	47
-1.4858	94	47
-1.4387	94	47
-1.5444	94	47
-1.468	94	47
-1.4756	94	47
-1.4975	94	47
-1.3846	94	47
-1.4811	94	47
-1.4972	94	47
-1.4938	94	47
-1.4904	94	47
-1.502	94	47
-1.4529	94	47
-1.4866	94	47
-1.4079	94	47
-1.3687	94	47
-1.5004	94	47
-1.5246	94	47
-1.5003	94	47
-1.5002	94	47
-1.4134	94	47
-1.5382	94	47
-1.4966	94	47
-1.5068	94	47
-1.2441	94	47
-1.5026	94	47
-1.2888	94	47
-1.5319	94	47
-1.4709	94	47
-1.5563	94	47
-1.4861	94	47
-1.4974	94	47
-1.3925	94	47
-1.4759	94	47
-1.4934	94	47
-1.4716	94	47
-1.4179	94	47
-1.4864	94	47
-1.5112	94	47
-1.4879	94	47
-1.5519	94	47
-1.5264	94	47
-1.5452	94	47
-1.5502	94	47
-1.4906	94	47
-1.5007	94	47
-1.2535	94	47
-1.5024	94	47
-1.4429	94	47
-1.4703	94	47
-1.4653	94	47
-1.2451	94	47
-1.5403	94	47
-1.4538	94	47
-1.4533	94	47
-1.4777	94	47
-1.4964	94	47
1.4067	94	47
-1.4828	94	47
-1.4309	94	47
-1.525	94	47
-1.5236	94	47
-1.543	94	47
-0.732	94	47
-1.4606	94	47
-1.5186	94	47
-1.4762	94	47
-1.4897	94	47
-1.3313	94	47
-1.4737	94	47
-1.5397	94	47
-1.4653	94	47
-1.51	94	47
-1.4468	94	47
-1.4908	94	47
-1.4852	94	47
-1.4755	94	47
-1.4155	94	47
-1.3102	94	47
-1.4901	94	47
-1.4506	94	47
-1.4945	94	47
-1.4228	94	47
-1.4541	94	47
-1.4493	94	47
-1.4514	94	47
-1.495	94	47
-1.4944	94	47
-1.4633	94	47
-1.4409	94	47
-1.4628	94	47
-1.492	94	47
-1.4901	94	47
-1.511	94	47
-1.4576	94	47
-1.4954	94	47
-1.4997	94	47
-1.4262	94	47
-1.4971	94	47
-1.4323	94	47
-1.5001	94	47
-1.4972	94	47
-1.5414	94	47
-1.5126	94	47
0.582	94	47
-1.4988	94	47
-1.4975	94	47
-1.5438	94	47
-1.5374	94	47
-1.4748	94	47
-1.481	94	47
-1.4992	94	47
-1.4227	94	47
-1.5363	94	47
-1.4903	94	47
-1.4735	94	47
-1.4293	94	47
-1.1561	94	47
-1.5267	94	47
-1.54	94	47
-1.4785	94	47
-1.5076	94	47
-1.5388	94	47
-1.5085	94	47
-1.3751	94	47
-1.4821	94	47
-1.4882	94	47
-1.4425	94	47
-1.509	94	47
-1.2004	94	47
-1.4507	94	47
-1.4646	94	47
-1.4932	94	47
-1.5039	94	47
-1.4913	94	47
-1.5005	94	47
-1.5085	94	47
-1.483	94	47
-1.5432	94	47
-1.5122	94	47
-1.4884	94	47
-1.3641	94	47
-1.5227	94	47
-1.5197	94	47
-1.4972	94	47
-1.4738	94	47
-1.4996	94	47
-1.4853	94	47
-1.4641	94	47
-1.4938	94	47
-1.3917	94	47
-1.4667	94	47
-1.5138	94	47
-1.4545	94	47
-1.5067	94	47
-1.4262	94	47
-1.2242	94	47
-1.5197	94	47
-1.4912	94	47
-1.4371	94	47
-1.5065	94	47
-1.494	94	47
-1.4217	94	47
-1.486	94	47
-1.4967	94	47
-1.5018	94	47
-1.499	94	47
-1.2762	94	47
-1.5018	94	47
-1.4962	94	47
-1.3168	94	47
-1.4759	94	47
-1.4944	94	47
-1.4205	94	47
-1.5131	94	47
-1.5556	94	47
-1.5384	94	47
-1.5016	94	47
-1.4911	94	47
-1.489	94	47
-1.3839	94	47
-1.391	94	47
-1.4809	94	47
-1.5498	94	47
-1.5342	94	47
-1.3451	94	47
-1.4578	94	47
-0.0271	94	47
-1.493	94	47
-1.4976	94	47
-1.2849	94	47
-1.4482	94	47
-1.4339	94	47
-1.427	94	47
-1.4918	94	47
-1.3153	94	47
-1.4835	94	47
-1.3676	94	47
-1.5029	94	47
-1.4812	94	47
-1.486	94	47
-1.4493	94	47
-1.4959	94	47
-1.402	94	47
-1.4778	94	47
-1.3096	94	47
-1.4934	94	47
-1.4986	94	47
-1.4608	94	47
-1.5553	94	47
-1.5217	94	47
-1.3967	94	47
-1.474	94	47
-1.4941	94	47
-1.5326	94	47
0.2898	94	47
-1.5082	94	47
-1.3951	94	47
-1.4916	94	47
-1.2753	94	47
-1.4808	94	47
-1.4651	94	47
-1.5211	94	47
-1.4643	94	47
-1.4382	94	47
-0.7205	94	47
-1.4196	94	47
-1.3743	94	47
-1.5202	94	47
-1.5051	94	47
-1.5162	94	47
-1.5121	94	47
-1.5109	94	47
-1.5177	94	47
-1.5013	94	47
-1.4942	94	47
-1.4971	94	47
-1.3917	94	47
-1.3593	94	47
-1.4582	94	47
-1.405	94	47
-1.4943	94	47
-1.4927	94	47
-1.4994	94	47
-1.3094	94	47
-1.4574	94	47
-1.5444	94	47
-1.4678	94	47
-1.3388	94	47
-1.5187	94	47
-1.4494	94	47
-1.3886	94	47
-1.5029	94	47
-1.5086	94	47
-0.5029	94	47
-1.3715	94	47
-1.4802	94	47
-1.4993	94	47
-1.4271	94	47
-1.5036	94	47
-1.3849	94	47
-1.424	94	47
-1.4945	94	47
-1.4295	94	47
-1.5178	94	47
-1.4726	94	47
-1.4586	94	47
-1.5057	94	47
-1.5607	94	47
-1.4889	94	47
-1.544	94	47
-1.516	94	47
-1.4567	94	47
-1.5328	94	47
-1.4505	94	47
-1.5056	94	47
-1.4429	94	47
-1.4903	94	47
-1.3807	94	47
-1.5424	94	47
-1.4893	94	47
-1.4937	94	47
-1.4917	94	47
-1.4778	94	47
-1.2206	94	47
-1.3281	94	47
-1.3257	94	47
-1.5031	94	47
-1.5052	94	47
-1.504	94	47
-1.49	94	47
-1.537	94	47
-1.5062	94	47
-1.4968	94	47
-1.3926	94	47
-1.4818	94	47
-1.5354	94	47
-1.4722	94	47
-1.4978	94	47
-1.4733	94	47
-1.5396	94	47
-1.481	94	47
-1.4258	94	47
-1.4956	94	47
-1.4008	94	47
-1.5191	94	47
-1.4965	94	47
-1.4751	94	47
-1.4872	94	47
-1.4729	94	47
-1.4492	94	47
-1.5281	94	47
-1.4938	94	47
-1.4628	94	47
-1.4942	94	47
-1.4972	94	47
-1.4758	94	47
-1.5018	94	47
-1.4997	94	47
-1.5237	94	47
-1.4852	94	47
-1.4961	94	47
-1.5328	94	47
-0.2723	94	47
-1.4439	94	47
-1.4914	94	47
-1.4988	94	47
-1.4879	94	47
-1.4989	94	47
-1.4236	94	47
-1.4118	94	47
-1.3517	94	47
-1.4467	94	47
-1.4764	94	47
-1.4838	94	47
-1.4933	94	47
-1.5043	94	47
-1.4411	94	47
-1.4965	94	47
-1.5563	94	47
-1.49	94	47
-1.4521	94	47
-0.9097	94	47
-1.4971	94	47
-1.482	94	47
-1.4822	94	47
-1.4997	94	47
-1.5143	94	47
-1.4208	94	47
-1.499	94	47
-1.4595	94	47
-1.4802	94	47
-1.3748	94	47
-1.4567	94	47
-1.4779	94	47
-1.4306	94	47
-1.497	94	47
-1.49	94	47
-1.4916	94	47
-1.4989	94	47
-1.5354	94	47
-1.3947	94	47
-1.4772	94	47
-1.4889	94	47
-1.3582	94	47
-1.4966	94	47
-1.4698	94	47
-1.5045	94	47
-1.4681	94	47
-1.4593	94	47
-1.5047	94	47
-1.4905	94	47
-1.4905	94	47
-1.5173	94	47
-1.5168	94	47
-1.4761	94	47
-1.4588	94	47
-1.1904	94	47
-1.5462	94	47
-1.4667	94	47
-1.5436	94	47
-1.5456	94	47
-1.493	94	47
-1.4445	94	47
-1.5198	94	47
-1.4743	94	47
-1.5278	94	47
-1.4956	94	47
-1.5461	94	47
-1.4517	94	47
-1.4631	94	47
-1.5572	94	47
-1.473	94	47
-1.4997	94	47
-1.4759	94	47
-1.496	94	47
-1.4821	94	47
-1.4786	94	47
-1.4676	94	47
-1.4264	94	47
-1.4692	94	47
-1.497	94	47
-1.5307	94	47
-1.491	94	47
-1.3507	94	47
-1.5333	94	47
-1.424	94	47
-1.4862	94	47
-1.4882	94	47
-1.4789	94	47
-1.4054	94	47
-1.4963	94	47
-1.4007	94	47
-1.1599	94	47
-1.4872	94	47
-1.3459	94	47
-1.4713	94	47
-1.5017	94	47
-1.4879	94	47
-1.437	94	47
-1.3649	94	47
-1.3475	94	47
-1.482	94	47
-1.5045	94	47
-1.4223	94	47
-1.3697	94	47
-1.5105	94	47
-1.4753	94	47
-1.4993	94	47
-1.3862	94	47
-1.5001	94	47
-1.4874	94	47
-1.5003	94	47
-1.4899	94	47
-1.5167	94	47
-1.4647	94	47
-1.4538	94	47
-1.4821	94	47
-1.4564	94	47
-1.453	94	47
-1.5014	94	47
-1.4948	94	47
-1.4569	94	47
-1.4743	94	47
-1.4286	94	47
-1.4952	94	47
-1.4747	94	47
-1.5414	94	47
-1.5012	94	47
0.8368	94	47
-1.2399	94	47
-1.489	94	47
-1.4835	94	47
-1.495	94	47
-1.4828	94	47
-1.4863	94	47
-1.5077	94	47
-1.4602	94	47
-1.5049	94	47
-1.4974	94	47
-1.5067	94	47
-1.5318	94	47
-1.5291	94	47
-1.4849	94	47
-1.5378	94	47
-1.4866	94	47
-1.496	94	47
-1.4714	94	47
-1.514	94	47
-1.5132	94	47
-1.4606	94	47
-1.512	94	47
-1.4441	94	47
-1.4962	94	47
-1.4948	94	47
-1.5001	94	47
-1.5091	94	47
-1.5004	94	47
-1.5214	94	47
0.0353	94	47
-1.4419	94	47
-1.382	94	47
-1.4909	94	47
-1.5024	94	47
-1.4419	94	47
-1.4895	94	47
-1.4949	94	47
-1.4828	94	47
-1.4049	94	47
-1.5315	94	47
-1.54	94	47
-1.419	94	47
-1.2435	94	47
-1.4946	94	47
-1.5063	94	47
-1.5309	94	47
-1.499	94	47
-1.4821	94	47
-1.4738	94	47
-1.5023	94	47
-1.5138	94	47
-1.4996	94	47
-1.4888	94	47
-1.5048	94	47
-1.4006	94	47
-1.4748	94	47
-1.4763	94	47
-1.4976	94	47
-1.4908	94	47
-1.4611	94	47
-1.4758	94	47
-1.4807	94	47
-1.4904	94	47
-1.5045	94	47
-1.4135	94	47
-1.5306	94	47
-1.5039	94	47
-1.4787	94	47
-1.4688	94	47
-1.434	94	47
-1.4869	94	47
-1.5267	94	47
-1.4972	94	47
-1.4889	94	47
-1.4024	94	47
-1.5102	94	47
-1.5222	94	47
-1.4792	94	47
-1.4262	94	47
-1.5064	94	47
-1.2061	94	47
-1.5127	94	47
-1.4869	94	47
-1.4826	94	47
-1.4751	94	47
-1.5433	94	47
-1.4583	94	47
-1.4698	94	47
-1.4719	94	47
-1.4755	94	47
-1.3167	94	47
0.0487	94	47
-1.4932	94	47
-0.8257	94	47
-1.4898	94	47
-1.508	94	47
-0.9208	94	47
-1.4824	94	47
-1.2827	94	47
-1.5136	94	47
-1.539	94	47
-1.5055	94	47
-1.497	94	47
-1.4965	94	47
-1.4009	94	47
-1.4987	94	47
-1.4949	94	47
-1.5247	94	47
-1.4264	94	47
-1.4344	94	47
-1.4144	94	47
-1.4719	94	47
-1.4418	94	47
-1.4702	94	47
-1.4031	94	47
-1.5316	94	47
-1.4507	94	47
-1.4407	94	47
-1.4548	94	47
-1.5062	94	47
-1.3245	94	47
-1.3015	94	47
-1.4757	94	47
-1.4654	94	47
-1.4937	94	47
-1.4674	94	47
-1.5142	94	47
-1.4682	94	47
-1.488	94	47
-1.5287	94	47
-1.4832	94	47
-1.4719	94	47
-1.4825	94	47
-1.4602	94	47
-1.5109	94	47
-1.2647	94	47
-1.4831	94	47
-1.4968	94	47
-1.4596	94	47
-1.5126	94	47
-1.3584	94	47
-1.5077	94	47
-1.5361	94	47
-1.494	94	47
-1.4986	94	47
-1.5338	94	47
-1.4991	94	47
-1.4643	94	47
-1.4583	94	47
-1.4667	94	47
-1.4944	94	47
-1.4074	94	47
-1.4664	94	47
-1.5221	94	47
-1.5519	94	47
-1.516	94	47
-1.4241	94	47
-1.4422	94	47
-1.4811	94	47
-1.5339	94	47
-1.494	94	47
-1.5062	94	47
-1.479	94	47
-1.5031	94	47
-1.4772	94	47
-1.4972	94	47
-1.4803	94	47
-1.4953	94	47
-1.5162	94	47
-1.4848	94	47
-1.4623	94	47
-1.5032	94	47
-1.5276	94	47
-1.4425	94	47
-1.4977	94	47
-1.414	94	47
-1.5522	94	47
-1.5094	94	47
-1.4935	94	47
-1.4734	94	47
-1.4851	94	47
-0.9549	94	47
-1.4682	94	47
-1.4922	94	47
-1.474	94	47
-1.4913	94	47
-1.4223	94	47
-1.4294	94	47
-1.4603	94	47
-1.5125	94	47
-1.5004	94	47
-1.0235	94	47
-1.489	94	47
-1.5051	94	47
-1.3611	94	47
-1.4994	94	47
-1.4377	94	47
-1.3518	94	47
-1.4962	94	47
-1.513	94	47
-1.475	94	47
-1.4591	94	47
-1.4752	94	47
-1.469	94	47
-1.5248	94	47
-1.4803	94	47
-1.503	94	47
-1.4903	94	47
-1.202	94	47
-1.3264	94	47
-1.4026	94	47
-1.4986	94	47
-1.3104	94	47
-1.4273	94	47
-1.5262	94	47
-1.4622	94	47
-1.4425	94	47
-1.5315	94	47
-1.506	94	47
-1.5062	94	47
-1.4411	94	47
-1.5008	94	47
-1.4525	94	47
-1.4949	94	47
-1.5199	94	47
-1.483	94	47
-1.47	94	47
-1.4984	94	47
-1.4751	94	47
-1.4863	94	47
-1.499	94	47
-1.4678	94	47
-1.5197	94	47
-1.5425	94	47
-1.2606	94	47
-1.4405	94	47
-1.4917	94	47
-1.5188	94	47
-1.4648	94	47
-1.4966	94	47
-1.4675	94	47
-1.5589	94	47
-1.5004	94	47
-1.5133	94	47
-1.5181	94	47
-1.4153	94	47
-1.4809	94	47
-1.4308	94	47
-1.4747	94	47
-1.4949	94	47
-1.4213	94	47
-1.4554	94	47
-1.4903	94	47
-1.4777	94	47
-1.4867	94	47
-1.5087	94	47
-1.503	94	47
-1.4787	94	47
-1.4225	94	47
-1.5178	94	47
-1.5024	94	47
-1.4941	94	47
-1.4466	94	47
-1.4971	94	47
-1.1815	94	47
-1.4768	94	47
-1.4849	94	47
-1.5581	94	47
-1.4048	94	47
-1.4762	94	47
-1.4954	94	47
-1.4567	94	47
-1.2859	94	47
-1.4928	94	47
-1.4933	94	47
-1.4734	94	47
-1.4817	94	47
-1.4842	94	47
-1.4905	94	47
-1.51	94	47
-1.4853	94	47
-1.4224	94	47
-1.4279	94	47
-1.5118	94	47
-1.4911	94	47
-1.3932	94	47
-1.4937	94	47
-1.4566	94	47
-1.4169	94	47
-1.5252	94	47
-1.4882	94	47
-1.5154	94	47
-1.4949	94	47
-1.489	94	47
-1.413	94	47
-1.4733	94	47
-1.4952	94	47
-1.452	94	47
-1.4808	94	47
-1.494	94	47
-1.5344	94	47
-1.5084	94	47
-1.1559	94	47
-1.521	94	47
-1.2949	94	47
-1.4923	94	47
-1.4901	94	47
-1.5063	94	47
-1.4981	94	47
-1.5557	94	47
-1.4684	94	47
-1.5276	94	47
-1.5262	94	47
-1.4242	94	47
-1.4752	94	47
-1.5183	94	47
-1.4607	94	47
-1.4999	94	47
-1.4916	94	47
-1.4379	94	47
-1.5548	94	47
-1.4764	94	47
-1.4845	94	47
-1.5573	94	47
-1.4334	94	47
-1.4939	94	47
-1.2378	94	47
-1.4951	94	47
-1.498	94	47
-1.5218	94	47
-1.4631	94	47
-1.504	94	47
-0.4344	94	47
-1.49	94	47
-1.4894	94	47
-1.468	94	47
-1.3764	94	47
-1.5016	94	47
-1.3899	94	47
-1.4769	94	47
-1.4634	94	47
-1.514	94	47
-1.4959	94	47
-1.4929	94	47
-1.4724	94	47
-1.4884	94	47
-1.4828	94	47
-1.525	94	47
-1.5317	94	47
-1.4592	94	47
-1.411	94	47
-1.5305	94	47
-1.4921	94	47
-1.473	94	47
-1.4579	94	47
-1.4928	94	47
-1.495	94	47
-1.504	94	47
-1.4028	94	47
-1.5077	94	47
-1.4766	94	47
-1.4613	94	47
-1.4892	94	47
-1.4451	94	47
-1.5046	94	47
-1.5482	94	47
-1.4659	94	47
-1.5052	94	47
-1.4282	94	47
-1.4804	94	47
-1.3477	94	47
-1.4977	94	47
-1.5141	94	47
-1.4901	94	47
-1.2222	94	47
-1.495	94	47
-1.3787	94	47
-1.4947	94	47
-1.4677	94	47
-1.5203	94	47
-1.5131	94	47
-1.491	94	47
-1.2617	94	47
-1.4874	94	47
-1.4845	94	47
-1.4951	94	47
-1.4883	94	47
-1.4189	94	47
-1.525	94	47
-1.367	94	47
-1.4791	94	47
-1.4801	94	47
-1.4271	94	47
-1.417	94	47
-1.5261	94	47
-1.2395	94	47
-1.481	94	47
-1.4935	94	47
-1.478	94	47
-1.4553	94	47
-1.5009	94	47
-1.4951	94	47
-1.3502	94	47
-1.4989	94	47
-1.4762	94	47
-1.4527	94	47
-1.4834	94	47
-1.1172	94	47
-1.5346	94	47
-1.5211	94	47
-1.5527	94	47
-1.4978	94	47
-1.4784	94	47
-1.4426	94	47
-1.4865	94	47
-1.4831	94	47
-1.4956	94	47
0.2014	94	47
-1.5083	94	47
-1.5168	94	47
-1.5072	94	47
-1.4978	94	47
-1.4852	94	47
-1.4854	94	47
-1.5012	94	47
-1.4787	94	47
-1.5216	94	47
-1.4278	94	47
-1.4808	94	47
-0.2334	94	47
-1.503	94	47
-1.4658	94	47
-1.4177	94	47
-1.4747	94	47
-1.4339	94	47
-1.4932	94	47
-1.5608	94	47
-0.7789	94	47
-1.4735	94	47
-1.4703	94	47
-1.4927	94	47
-1.5298	94	47
-1.4374	94	47
-1.5217	94	47
-1.4963	94	47
-1.4771	94	47
-1.504	94	47
-1.4951	94	47
-1.5052	94	47
-0.9191	94	47
-1.4712	94	47
-1.4898	94	47
-1.5458	94	47
-1.368	94	47
-1.332	94	47
-1.5128	94	47
-0.8797	94	47
-1.5015	94	47
-1.5248	94	47
-1.4744	94	47
-1.5248	94	47
-1.496	94	47
-1.4425	94	47
-1.5559	94	47
-1.4773	94	47
-1.4688	94	47
-1.476	94	47
-1.4882	94	47
-1.4518	94	47
-1.4795	94	47
-1.4876	94	47
-1.4723	94	47
-1.4989	94	47
-1.4144	94	47
-1.4756	94	47
-1.4928	94	47
-1.421	94	47
-1.5317	94	47
-1.5519	94	47
-1.4885	94	47
-1.4906	94	47
-1.4978	94	47
-1.2347	94	47
-1.4865	94	47
-1.4264	94	47
-1.419	94	47
-1.5069	94	47
-1.4976	94	47
-1.5219	94	47
-1.4057	94	47
-1.4998	94	47
-1.5152	94	47
-1.516	94	47
-1.463	94	47
-1.3363	94	47
-1.4765	94	47
-1.5159	94	47
-1.4944	94	47
-1.4318	94	47
-1.5002	94	47
-1.4899	94	47
-1.4749	94	47
-1.5071	94	47
-1.4215	94	47
-1.5444	94	47
-1.4661	94	47
-1.4302	94	47
-1.5048	94	47
-1.4954	94	47
-1.2771	94	47
-1.4978	94	47
-1.499	94	47
-1.5273	94	47
-1.459	94	47
-1.4449	94	47
-1.3904	94	47
-1.4299	94	47
-1.5164	94	47
-1.4605	94	47
-1.4937	94	47
-1.4712	94	47
-1.4872	94	47
-1.5545	94	47
-1.4916	94	47
-1.465	94	47
-1.2971	94	47
-1.5286	94	47
-1.5332	94	47
-1.4619	94	47
-0.446	94	47
-1.5344	94	47
-1.4763	94	47
-1.5022	94	47
-1.4318	94	47
-1.4965	94	47
-1.4416	94	47
-1.5547	94	47
-1.5354	94	47
-1.4982	94	47
-1.3981	94	47
-1.5308	94	47
-1.4927	94	47
-1.5043	94	47
-1.5031	94	47
-1.5205	94	47
-1.5288	94	47
-1.5096	94	47
-1.496	94	47
-1.1057	94	47
-1.4973	94	47
-1.3845	94	47
-1.4873	94	47
-1.5075	94	47
-1.4715	94	47
-1.4965	94	47
-1.497	94	47
-1.4739	94	47
-1.4935	94	47
-0.3921	94	47
-1.5099	94	47
-0.9633	94	47
-1.4213	94	47
-1.5166	94	47
-1.3413	94	47
-1.5031	94	47
-1.4444	94	47
-1.5276	94	47
-1.4721	94	47
-1.5087	94	47
-1.5296	94	47
-1.5044	94	47
-1.4885	94	47
-1.485	94	47
-1.4623	94	47
-1.4906	94	47
-1.4809	94	47
-1.348	94	47
-1.435	94	47
-1.4878	94	47
-1.4735	94	47
-1.4878	94	47
-1.4903	94	47
-1.4891	94	47
-1.5598	94	47
-1.4979	94	47
-1.4871	94	47
-1.4735	94	47
-1.384	94	47
-1.4804	94	47
-1.4354	94	47
-1.5014	94	47
-1.4559	94	47
-1.409	94	47
-1.4867	94	47
-1.3552	94	47
-1.497	94	47
-1.4769	94	47
-1.4966	94	47
-1.5006	94	47
1.1747	94	47
-1.4031	94	47
-1.4962	94	47
-1.5374	94	47
-1.4628	94	47
-1.3831	94	47
-1.5071	94	47
-1.4492	94	47
-1.4976	94	47
-1.5021	94	47
-1.4769	94	47
-1.4946	94	47
-1.5003	94	47
-1.5205	94	47
-1.4985	94	47
-1.4954	94	47
-1.489	94	47
-1.5549	94	47
-1.4706	94	47
-1.5361	94	47
-1.4937	94	47
-1.5059	94	47
-1.4265	94	47
-1.4931	94	47
-1.4932	94	47
-1.4864	94	47
-1.483	94	47
-1.4884	94	47
-1.5494	94	47
-1.4845	94	47
-1.5081	94	47
-1.4887	94	47
-1.4829	94	47
-1.4794	94	47
-1.4728	94	47
-1.4793	94	47
-1.3671	94	47
-1.4985	94	47
-1.507	94	47
-1.4342	94	47
-1.4987	94	47
-1.5265	94	47
-1.4889	94	47
-1.5565	94	47
-1.4497	94	47
-1.4575	94	47
-1.4084	94	47
-1.456	94	47
-1.5219	94	47
-1.4916	94	47
-1.4795	94	47
-1.3989	94	47
-1.4774	94	47
-1.5335	94	47
-1.4997	94	47
-1.454	94	47
-1.4781	94	47
-1.3996	94	47
-1.4868	94	47
-1.3634	94	47
-1.4749	94	47
-1.4944	94	47
-1.4001	94	47
-1.5166	94	47
-1.4885	94	47
-1.5447	94	47
-1.423	94	47
-1.4893	94	47
-1.5048	94	47
-1.5028	94	47
-1.4993	94	47
-1.5097	94	47
-1.4871	94	47
-1.4799	94	47
-1.481	94	47
-1.4816	94	47
-1.5043	94	47
0.803	94	47
-1.4337	94	47
-1.4087	94	47
-1.4988	94	47
-1.4877	94	47
-1.5012	94	47
-1.4791	94	47
-1.4594	94	47
-1.4755	94	47
-1.5254	94	47
-1.306	94	47
-0.7565	94	47
-1.5044	94	47
-1.4988	94	47
-1.4988	94	47
-1.543	94	47
-1.3756	94	47
-1.4467	94	47
-1.479	94	47
-1.4532	94	47
-1.5007	94	47
-1.5219	94	47
-1.483	94	47
-1.5204	94	47
-1.5539	94	47
-1.5438	94	47
-1.5391	94	47
-1.4716	94	47
-1.1833	94	47
-1.434	94	47
-1.5637	94	47
-1.4638	94	47
-1.4801	94	47
-1.4752	94	47
-1.4812	94	47
-1.4733	94	47
-1.5123	94	47
-1.4647	94	47
-1.4569	94	47
-1.3608	94	47
-1.4712	94	47
-1.4727	94	47
-1.3932	94	47
-1.4943	94	47
-1.461	94	47
-1.4954	94	47
-1.5236	94	47
-1.4846	94	47
-1.4242	94	47
-1.4485	94	47
-1.4812	94	47
-1.3214	94	47
-1.5048	94	47
-1.4914	94	47
-0.4388	94	47
-1.5467	94	47
-1.4667	94	47
-1.5277	94	47
-1.4475	94	47
-1.5133	94	47
-1.5288	94	47
-1.515	94	47
-1.4904	94	47
-1.4984	94	47
-1.5013	94	47
-1.487	94	47
-1.5193	94	47
-1.5009	94	47
-1.4989	94	47
-1.4419	94	47
-1.5498	94	47
-1.4248	94	47
-1.5067	94	47
-1.3082	94	47
-1.3915	94	47
-1.4903	94	47
-1.5255	94	47
-1.428	94	47
-1.4914	94	47
-1.5496	94	47
-1.4903	94	47
-1.3924	94	47
-1.4932	94	47
-1.5214	94	47
-1.5321	94	47
-1.5445	94	47
-1.4996	94	47
-1.3765	94	47
-1.3688	94	47
-1.5022	94	47
-1.4269	94	47
-1.4651	94	47
-1.5078	94	47
-1.4954	94	47
-1.4955	94	47
-1.4432	94	47
-1.493	94	47
-1.4856	94	47
-1.4876	94	47
-1.4848	94	47
-1.5327	94	47
-1.4961	94	47
-1.4067	94	47
-1.4679	94	47
-1.5459	94	47
-1.5429	94	47
-1.4873	94	47
-1.5022	94	47
-1.5559	94	47
-1.2616	94	47
-1.5048	94	47
-1.4998	94	47
-1.5152	94	47
-1.5434	94	47
-1.4763	94	47
-1.3167	94	47
-1.403	94	47
-1.4328	94	47
-1.4517	94	47
-1.547	94	47
-1.4731	94	47
-1.4072	94	47
-1.4897	94	47
-1.541	94	47
-1.4973	94	47
-1.4951	94	47
-1.5046	94	47
-1.4878	94	47
-1.5533	94	47
-1.4937	94	47
-1.5107	94	47
-1.5087	94	47
-1.5183	94	47
-1.491	94	47
-1.4863	94	47
-1.4402	94	47
-1.544	94	47
-1.5184	94	47
-1.5091	94	47
-1.4651	94	47
-1.4466	94	47
-1.4658	94	47
-1.4929	94	47
-1.4739	94	47
-1.5158	94	47
-1.3115	94	47
-1.497	94	47
-1.4925	94	47
-1.4832	94	47
-1.5003	94	47
-1.5201	94	47
-1.467	94	47
-1.4962	94	47
-1.4469	94	47
-1.5053	94	47
-1.4785	94	47
1.4986	94	47
-1.4943	94	47
-1.4944	94	47
-1.497	94	47
-1.4992	94	47
-1.5139	94	47
-1.5474	94	47
-1.3712	94	47
1.4648	94	47
-1.2858	94	47
-1.4959	94	47
-1.4985	94	47
-1.489	94	47
-1.4398	94	47
-1.4898	94	47
-1.5149	94	47
-1.5296	94	47
-1.4752	94	47
-1.4982	94	47
-1.4769	94	47
-1.5003	94	47
-1.4588	94	47
-1.2489	94	47
-1.5022	94	47
-1.5459	94	47
-1.4582	94	47
-1.509	94	47
-1.5053	94	47
-1.4921	94	47
-1.4874	94	47
-1.452	94	47
-1.5026	94	47
-1.5363	94	47
-1.5624	94	47
-1.4984	94	47
-1.4968	94	47
-1.489	94	47
-1.4681	94	47
-1.4886	94	47
-1.4488	94	47
-1.5073	94	47
-1.2518	94	47
-1.4959	94	47
-1.5	94	47
-1.4708	94	47
-1.4759	94	47
-1.5456	94	47
-1.5378	94	47
-1.4928	94	47
-1.54	94	47
-0.8863	94	47
-1.484	94	47
-1.5425	94	47
-1.4833	94	47
-1.4394	94	47
-1.4959	94	47
-1.397	94	47
-1.496	94	47
-1.4974	94	47
-1.4969	94	47
-1.1369	94	47
-1.4711	94	47
-1.4104	94	47
-1.4693	94	47
-1.4973	94	47
-1.484	94	47
-1.5525	94	47
-1.4512	94	47
-1.4953	94	47
-1.4997	94	47
-1.4933	94	47
-1.4806	94	47
-1.4906	94	47
-1.4607	94	47
-1.5106	94	47
-1.5023	94	47
-1.2738	94	47
-1.4896	94	47
-1.5123	94	47
-1.3568	94	47
-1.4934	94	47
-1.4785	94	47
-1.3259	94	47
-1.481	94	47
-1.4325	94	47
-1.5044	94	47
-1.5004	94	47
-1.4403	94	47
-1.4887	94	47
-1.4943	94	47
-1.5384	94	47
-1.4696	94	47
-1.5022	94	47
-1.4807	94	47
-1.5399	94	47
-1.5264	94	47
-1.4994	94	47
-1.4947	94	47
-1.5131	94	47
-1.3683	94	47
-1.4946	94	47
-1.4892	94	47
-1.4197	94	47
-1.4809	94	47
-1.3929	94	47
-1.4662	94	47
-1.4777	94	47
-1.5074	94	47
-1.4806	94	47
-1.4622	94	47
-1.393	94	47
-1.4911	94	47
-1.4644	94	47
-1.479	94	47
-1.5469	94	47
-1.2777	94	47
-1.2581	94	47
-1.4797	94	47
-1.5297	94	47
-1.5389	94	47
-1.477	94	47
-1.3826	94	47
-1.5456	94	47
-1.5005	94	47
-1.4852	94	47
-1.5344	94	47
-0.7697	94	47
-1.4741	94	47
-1.4214	94	47
-1.1477	94	47
-1.502	94	47
-1.4965	94	47
-1.5085	94	47
-1.4975	94	47
-1.4701	94	47
-1.4498	94	47
-1.2465	94	47
-1.5219	94	47
-1.5116	94	47
-0.5671	94	47
-1.4814	94	47
-1.5038	94	47
-1.5359	94	47
-1.4889	94	47
-1.4824	94	47
-1.4952	94	47
-1.4626	94	47
-1.4932	94	47
-1.4617	94	47
-1.5437	94	47
-1.5209	94	47
-1.1969	94	47
-1.5116	94	47
-1.4868	94	47
-1.4881	94	47
-1.5515	94	47
-1.4939	94	47
-1.4629	94	47
-1.5044	94	47
0.5945	94	47
-1.5018	94	47
-1.5005	94	47
-1.4986	94	47
-1.5262	94	47
-1.5624	94	47
-1.3685	94	47
-1.4595	94	47
-1.5176	94	47
-1.5	94	47
-1.503	94	47
-1.5195	94	47
-1.5024	94	47
-1.4538	94	47
-1.4946	94	47
-1.4605	94	47
-1.4668	94	47
-1.2772	94	47
-1.4963	94	47
-1.4053	94	47
-1.4522	94	47
-1.471	94	47
-1.4954	94	47
-1.4968	94	47
-1.4933	94	47
-1.4562	94	47
-1.4955	94	47
-1.0447	94	47
-1.5159	94	47
-1.4757	94	47
-1.4055	94	47
-1.5175	94	47
-1.4245	94	47
-1.4826	94	47
-1.3654	94	47
-1.549	94	47
-1.4427	94	47
-1.4994	94	47
-1.5182	94	47
-1.5167	94	47
-1.4111	94	47
-1.4626	94	47
-1.5328	94	47
-1.4496	94	47
-1.4745	94	47
-1.3599	94	47
-1.497	94	47
-1.5302	94	47
-1.4938	94	47
-1.5297	94	47
-1.4657	94	47
-1.4894	94	47
-1.4988	94	47
-1.474	94	47
-1.5307	94	47
-1.4611	94	47
-1.4832	94	47
-1.5011	94	47
-0.4501	94	47
-1.4933	94	47
-1.5122	94	47
-1.2846	94	47
-1.4916	94	47
-1.5011	94	47
-1.4948	94	47
-1.4891	94	47
-1.5352	94	47
-1.4901	94	47
-1.4964	94	47
-1.455	94	47
-1.4446	94	47
-1.5279	94	47
-1.484	94	47
-1.266	94	47
-1.5278	94	47
-1.4906	94	47
-1.5321	94	47
-1.5017	94	47
-1.4945	94	47
-1.448	94	47
-1.3959	94	47
-1.441	94	47
-1.4743	94	47
-1.4957	94	47
-1.4894	94	47
-1.5074	94	47
-1.4875	94	47
-1.5031	94	47
-1.4805	94	47
-1.5023	94	47
-1.4804	94	47
-1.3892	94	47
-1.4747	94	47
-1.4979	94	47
-1.3974	94	47
-1.525	94	47
-1.5228	94	47
-1.3282	94	47
-1.501	94	47
-1.4124	94	47
-1.4741	94	47
-1.4744	94	47
-1.4908	94	47
-1.485	94	47
-1.5053	94	47
-1.4868	94	47
-1.4908	94	47
-1.5278	94	47
-1.5507	94	47
-1.4201	94	47
-1.4833	94	47
-1.4913	94	47
-1.5416	94	47
-1.47	94	47
-1.5011	94	47
-1.5292	94	47
-1.2494	94	47
-1.4868	94	47
-1.1939	94	47
-1.5147	94	47
-1.4645	94	47
-1.4988	94	47
-1.549	94	47
-1.4436	94	47
-1.3741	94	47
-1.4479	94	47
-1.4114	94	47
-1.5211	94	47
-1.4981	94	47
-1.4849	94	47
-1.3726	94	47
-1.5139	94	47
-1.4866	94	47
-1.478	94	47
-1.4967	94	47
-1.4287	94	47
-1.4797	94	47
-1.5583	94	47
-1.5662	94	47
-1.5236	94	47
-1.2562	94	47
-1.4755	94	47
-1.4908	94	47
-1.5032	94	47
-1.499	94	47
-1.4863	94	47
-1.2012	94	47
-0.9093	94	47
-1.3072	94	47
-1.4312	94	47
-1.4927	94	47
-1.4955	94	47
-1.5055	94	47
-1.5077	94	47
-1.5224	94	47
-1.5251	94	47
-1.4096	94	47
-1.4622	94	47
-1.2461	94	47
-1.4663	94	47
-1.5167	94	47
-1.4889	94	47
-1.4658	94	47
-0.2953	94	47
-1.5007	94	47
-1.5077	94	47
-1.4979	94	47
-1.4508	94	47
-1.5222	94	47
-1.4615	94	47
-1.4879	94	47
-1.1463	94	47
-1.5349	94	47
-1.4975	94	47
-1.5371	94	47
-1.4693	94	47
-1.4986	94	47
-1.4664	94	47
-1.4889	94	47
-1.4954	94	47
-1.4773	94	47
-1.501	94	47
-1.4902	94	47
-1.5037	94	47
-1.5083	94	47
-1.4299	94	47
-1.5042	94	47
-1.4877	94	47
-1.4421	94	47
-0.8571	94	47
-1.3794	94	47
-1.4822	94	47
-1.5032	94	47
-1.3255	94	47
-1.4975	94	47
-1.5049	94	47
-1.4908	94	47
-1.4722	94	47
-1.5016	94	47
-1.5335	94	47
-1.456	94	47
-1.4797	94	47
-1.474	94	47
-1.4647	94	47
-1.4931	94	47
-1.38	94	47
-1.4735	94	47
-1.4731	94	47
-1.554	94	47
-1.4998	94	47
-1.5057	94	47
-1.4946	94	47
-1.4995	94	47
-1.4375	94	47
-1.5536	94	47
-1.4897	94	47
-1.4887	94	47
-1.5403	94	47
-1.4659	94	47
-1.0509	94	47
-1.4625	94	47
-1.4534	94	47
-1.4876	94	47
-1.4923	94	47
-1.5658	94	47
-1.4776	94	47
-1.4668	94	47
-1.4961	94	47
-1.4424	94	47
-1.5173	94	47
-1.4793	94	47
-1.1678	94	47
-1.4958	94	47
-1.4456	94	47
-1.4202	94	47
-1.4953	94	47
-1.5107	94	47
-1.48	94	47
-1.4948	94	47
-1.4804	94	47
-1.5057	94	47
-1.0735	94	47
-1.4882	94	47
-1.4806	94	47
-1.5036	94	47
-1.4338	94	47
-1.2821	94	47
-1.5093	94	47
-1.4982	94	47
-1.4045	94	47
-1.3654	94	47
-1.5048	94	47
-1.4528	94	47
-1.3701	94	47
-1.5022	94	47
-1.4978	94	47
-1.4895	94	47
-1.5109	94	47
-1.4934	94	47
-1.4843	94	47
-1.4581	94	47
-1.5349	94	47
-1.2454	94	47
-1.4947	94	47
-1.306	94	47
-1.5225	94	47
-1.5052	94	47
-1.3518	94	47
-1.4771	94	47
-1.4579	94	47
-1.421	94	47
-1.4654	94	47
-1.4749	94	47
-1.4912	94	47
-1.5161	94	47
-1.5056	94	47
-1.4985	94	47
-1.4496	94	47
-1.4758	94	47
-1.4874	94	47
-1.4799	94	47
1.2372	94	47
-1.4946	94	47
-1.4974	94	47
-1.4827	94	47
-1.4619	94	47
-1.4966	94	47
-1.4437	94	47
-1.3251	94	47
-1.4764	94	47
-1.4852	94	47
-1.5153	94	47
-1.4135	94	47
-1.4761	94	47
-1.5065	94	47
-1.4998	94	47
-1.4894	94	47
-1.4894	94	47
-1.5005	94	47
-1.4727	94	47
-1.4818	94	47
-1.5481	94	47
-1.1492	94	47
-1.4979	94	47
-1.4917	94	47
-1.2916	94	47
-1.4987	94	47
-1.4294	94	47
-1.4793	94	47
-1.4877	94	47
-1.4956	94	47
-1.5035	94	47
-1.4992	94	47
-1.5289	94	47
-1.4932	94	47
-1.5002	94	47
-1.4795	94	47
-1.4798	94	47
-1.5268	94	47
-1.5012	94	47
-1.4219	94	47
-1.4921	94	47
-1.4295	94	47
-1.4906	94	47
-1.5371	94	47
-1.4606	94	47
-1.496	94	47
-1.4999	94	47
-1.4851	94	47
0.057	94	47
-1.4647	94	47
-1.505	94	47
-1.3962	94	47
-1.4411	94	47
-1.4889	94	47
-1.494	94	47
-1.1612	94	47
-1.4235	94	47
-1.5315	94	47
-1.49	94	47
-1.4717	94	47
-1.4379	94	47
-1.5106	94	47
-1.5221	94	47
-1.4838	94	47
-1.4895	94	47
-1.5214	94	47
-1.5557	94	47
-1.4656	94	47
-1.5373	94	47
-1.5223	94	47
-1.5558	94	47
-1.4519	94	47
-1.5236	94	47
-1.349	94	47
-1.3994	94	47
-1.4854	94	47
-1.495	94	47
-1.38	94	47
-1.481	94	47
-1.5109	94	47
-1.3836	94	47
-1.4289	94	47
-1.4377	94	47
-1.4888	94	47
-1.5548	94	47
-1.4995	94	47
-1.5514	94	47
-1.5088	94	47
-1.5098	94	47
-1.4116	94	47
-1.4815	94	47
-1.4882	94	47
-1.5014	94	47
-1.5465	94	47
1.0925	94	47
-1.5124	94	47
-1.5474	94	47
-1.4874	94	47
-1.5551	94	47
-1.5408	94	47
-1.4911	94	47
-1.2749	94	47
-1.4813	94	47
-1.3449	94	47
-1.3798	94	47
-1.496	94	47
-1.5414	94	47
-1.1593	94	47
-1.4753	94	47
-1.4974	94	47
-1.4958	94	47
-1.4905	94	47
-1.3973	94	47
-1.4858	94	47
-1.4845	94	47
-1.4946	94	47
-1.5248	94	47
-1.5405	94	47
-1.5286	94	47
-1.4019	94	47
-1.498	94	47
-1.4378	94	47
0.1427	94	47
-1.5267	94	47
-1.4536	94	47
-1.5514	94	47
-1.494	94	47
-1.4954	94	47
-1.4018	94	47
-1.4946	94	47
-1.4884	94	47
-1.4384	94	47
-1.4425	94	47
-1.5135	94	47
-1.5331	94	47
-1.5101	94	47
-1.5436	94	47
-1.554	94	47
-1.4819	94	47
-1.5095	94	47
-1.4578	94	47
-1.426	94	47
-1.4949	94	47
-1.4993	94	47
-1.5326	94	47
-1.4095	94	47
-1.4759	94	47
-0.9438	94	47
-1.4836	94	47
-1.4828	94	47
-1.4992	94	47
-1.495	94	47
-1.502	94	47
-1.4923	94	47
-1.4852	94	47
-1.49	94	47
-1.4953	94	47
-1.4741	94	47
-1.4902	94	47
-1.4871	94	47
-1.5066	94	47
-1.4677	94	47
-1.4856	94	47
-1.2989	94	47
-1.4797	94	47
-0.6727	94	47
-1.5028	94	47
-1.5013	94	47
-1.4855	94	47
-1.4998	94	47
-1.4301	94	47
-1.4828	94	47
-1.4616	94	47
-1.459	94	47
-1.3448	94	47
-1.4609	94	47
-1.5445	94	47
-1.5411	94	47
-1.4328	94	47
-1.464	94	47
-1.4912	94	47
-1.4709	94	47
-1.4274	94	47
-1.5076	94	47
-1.4035	94	47
-1.5193	94	47
-1.478	94	47
-1.4441	94	47
-1.5276	94	47
-1.4505	94	47
-1.4853	94	47
-1.5047	94	47
-1.3462	94	47
-1.5295	94	47
-1.4719	94	47
-1.496	94	47
-1.5081	94	47
-1.5507	94	47
-1.5077	94	47
-1.3847	94	47
-0.6591	94	47
-1.4902	94	47
-1.5001	94	47
-1.5014	94	47
-1.4431	94	47
-1.5055	94	47
-1.4669	94	47
-1.2136	94	47
-1.4781	94	47
-1.4628	94	47
-1.4903	94	47
-1.3678	94	47
-1.5022	94	47
-1.4742	94	47
-1.4892	94	47
-1.4991	94	47
-1.0973	94	47
-1.5706	94	47
-1.5458	94	47
-1.5062	94	47
-1.4599	94	47
-1.4909	94	47
-1.4742	94	47
-0.7741	94	47
-1.4836	94	47
-1.5286	94	47
-1.4978	94	47
-1.4699	94	47
-1.5307	94	47
-1.4999	94	47
-1.5225	94	47
-1.4386	94	47
-1.3287	94	47
-1.4673	94	47
-1.5115	94	47
-1.4326	94	47
-1.4963	94	47
-1.4304	94	47
-1.5207	94	47
-1.457	94	47
-1.4792	94	47
-1.5362	94	47
-1.432	94	47
-1.49	94	47
-1.4665	94	47
-1.4658	94	47
-1.4881	94	47
-1.4775	94	47
-1.4843	94	47
-1.475	94	47
-1.3287	94	47
-1.4954	94	47
-1.5094	94	47
-1.4939	94	47
-1.4554	94	47
-1.4971	94	47
-1.5315	94	47
-1.5017	94	47
1.0524	94	47
-1.5226	94	47
-1.5055	94	47
-1.5193	94	47
-1.5087	94	47
-1.4679	94	47
-1.475	94	47
-1.4662	94	47
-1.4985	94	47
-1.4806	94	47
-1.4934	94	47
-1.485	94	47
-1.4943	94	47
-1.4711	94	47
-1.3914	94	47
-1.438	94	47
-1.5294	94	47
-1.4965	94	47
-1.4902	94	47
-1.4954	94	47
-1.5106	94	47
-1.5502	94	47
-1.505	94	47
-1.3662	94	47
-1.4706	94	47
-1.5494	94	47
-1.5071	94	47
-1.508	94	47
-1.513	94	47
-1.4912	94	47
-1.4578	94	47
-1.4638	94	47
-1.4556	94	47
-1.4818	94	47
-1.4646	94	47
-1.4892	94	47
-1.4951	94	47
-1.4811	94	47
-1.466	94	47
-1.294	94	47
-1.4953	94	47
-1.5232	94	47
-1.5232	94	47
-1.4568	94	47
-1.3354	94	47
-1.485	94	47
-1.4769	94	47
-1.5038	94	47
-1.5524	94	47
-1.5284	94	47
-1.3342	94	47
-1.4076	94	47
-1.498	94	47
-1.4898	94	47
-1.4899	94	47
-1.4903	94	47
-1.4864	94	47
-1.4824	94	47
1.3877	94	47
-1.4853	94	47
-1.4459	94	47
-1.4819	94	47
-1.4924	94	47
-1.402	94	47
-1.477	94	47
-1.4391	94	47
-1.4761	94	47
-1.4465	94	47
-1.5071	94	47
-1.4708	94	47
-1.5022	94	47
-1.5409	94	47
-1.484	94	47
-1.5054	94	47
-0.6775	94	47
-1.4981	94	47
-1.4744	94	47
-1.5076	94	47
-1.5042	94	47
-1.5316	94	47
-1.502	94	47
-1.4805	94	47
-1.5211	94	47
-1.4047	94	47
-1.5241	94	47
-1.4654	94	47
-1.4919	94	47
-1.4901	94	47
-1.243	94	47
-1.4939	94	47
-1.5549	94	47
-1.4884	94	47
-1.3424	94	47
-1.5034	94	47
-1.4679	94	47
-1.5061	94	47
-1.5001	94	47
-1.5031	94	47
-1.4733	94	47
-1.5493	94	47
-1.4332	94	47
-1.4563	94	47
-1.442	94	47
1.4532	94	47
-1.4635	94	47
-1.511	94	47
-1.4946	94	47
-0.472	94	47
-0.763	94	47
-1.49	94	47
-1.373	94	47
-1.5281	94	47
-1.5517	94	47
-1.4662	94	47
-1.4845	94	47
-1.352	94	47
-1.5491	94	47
-1.1757	94	47
-1.4696	94	47
-1.4879	94	47
-1.4719	94	47
-1.5276	94	47
-1.3716	94	47
-1.4592	94	47
-1.4203	94	47
-1.5002	94	47
-1.4863	94	47
-1.3924	94	47
-1.4991	94	47
-1.3227	94	47
-1.4796	94	47
-1.5536	94	47
-1.4863	94	47
-1.4307	94	47
-1.5017	94	47
-1.428	94	47
-1.5035	94	47
-1.5062	94	47
-1.3954	94	47
-1.5549	94	47
-1.463	94	47
-1.5329	94	47
-1.3955	94	47
-1.4819	94	47
-1.4945	94	47
-1.4852	94	47
-1.5303	94	47
-1.5143	94	47
-1.5513	94	47
-1.5236	94	47
-1.4466	94	47
-1.5405	94	47
-1.4003	94	47
-1.4382	94	47
-1.5263	94	47
-1.4548	94	47
-0.6916	94	47
-1.4509	94	47
-1.4981	94	47
-1.5042	94	47
-1.4727	94	47
-1.5524	94	47
-1.1906	94	47
-1.5261	94	47
-1.4848	94	47
-1.5102	94	47
-1.3348	94	47
-1.5244	94	47
-1.5418	94	47
-1.5161	94	47
-1.4825	94	47
-1.5255	94	47
-1.4531	94	47
-1.5192	94	47
-1.236	94	47
-1.4529	94	47
-1.5502	94	47
-1.4148	94	47
0.0159	94	47
-1.4055	94	47
-1.4362	94	47
-1.4838	94	47
-1.4949	94	47
-1.486	94	47
-1.4977	94	47
-1.1579	94	47
-1.4742	94	47
-1.5294	94	47
-1.4869	94	47
-1.4932	94	47
-1.463	94	47
-1.4805	94	47
-1.4839	94	47
-1.4199	94	47
-1.4902	94	47
-1.4391	94	47
-1.4902	94	47
-1.489	94	47
-1.4909	94	47
-1.4718	94	47
-0.8345	94	47
-1.4964	94	47
-1.4581	94	47
-1.4804	94	47
-1.4881	94	47
-1.2536	94	47
-1.4917	94	47
-1.4793	94	47
-1.493	94	47
-1.4382	94	47
-1.4794	94	47
-1.5181	94	47
-1.3069	94	47
-1.4262	94	47
-0.9571	94	47
-1.4972	94	47
-1.4805	94	47
-1.4252	94	47
-1.493	94	47
-1.4847	94	47
-1.4325	94	47
-1.4915	94	47
-1.5133	94	47
-1.3723	94	47
-1.425	94	47
-1.4845	94	47
-1.4284	94	47
-1.484	94	47
-1.4167	94	47
-1.4939	94	47
-1.4917	94	47
-1.4626	94	47
-1.5284	94	47
-1.5003	94	47
-1.4995	94	47
-1.4986	94	47
-1.424	94	47
-1.4732	94	47
-1.4303	94	47
-1.4872	94	47
-1.3469	94	47
-1.329	94	47
-1.5019	94	47
-1.4907	94	47
-1.3622	94	47
0.8957	94	47
-1.5381	94	47
-1.499	94	47
-1.458	94	47
-1.2471	94	47
-1.4899	94	47
-0.8893	94	47
-1.5344	94	47
-1.3973	94	47
-1.4896	94	47
-1.4991	94	47
-1.4109	94	47
-1.4831	94	47
-1.4761	94	47
-1.4944	94	47
-1.4963	94	47
-1.4623	94	47
-1.4912	94	47
-1.5444	94	47
-1.4737	94	47
-1.4804	94	47
-1.5311	94	47
-1.4753	94	47
-1.4995	94	47
-1.5015	94	47
-1.5099	94	47
-1.4884	94	47
-1.4853	94	47
-1.5265	94	47
-1.3807	94	47
-1.4793	94	47
-1.5144	94	47
-1.4863	94	47
-1.4943	94	47
-1.5135	94	47
-1.4877	94	47
-1.5162	94	47
-0.9002	94	47
-1.2683	94	47
-1.4914	94	47
-1.2581	94	47
-1.4802	94	47
-1.4782	94	47
-1.4697	94	47
-1.4947	94	47
-1.4835	94	47
-1.4809	94	47
-1.5598	94	47
-1.4641	94	47
-1.5043	94	47
-1.491	94	47
-1.5648	94	47
-1.4953	94	47
-1.4028	94	47
-1.5005	94	47
-1.4081	94	47
-1.4595	94	47
-1.508	94	47
-1.4362	94	47
-1.4825	94	47
-1.21	94	47
-1.5385	94	47
-1.4525	94	47
-1.4878	94	47
-1.4996	94	47
-1.4859	94	47
-1.5117	94	47
-1.4959	94	47
-1.4776	94	47
-1.5003	94	47
-1.5426	94	47
-1.5097	94	47
-1.4659	94	47
-1.5153	94	47
-1.4748	94	47
-1.4795	94	47
-1.469	94	47
-1.4859	94	47
-1.4977	94	47
-1.5101	94	47
-1.5143	94	47
-1.4747	94	47
-1.4546	94	47
-1.4696	94	47
-1.5402	94	47
-1.4912	94	47
-1.5254	94	47
-1.4965	94	47
-1.498	94	47
-1.4893	94	47
-1.15	94	47
-1.4554	94	47
-1.4693	94	47
-1.2875	94	47
-1.5475	94	47
-1.5027	94	47
-1.5529	94	47
-1.5005	94	47
-1.5007	94	47
-1.4898	94	47
-1.5541	94	47
-1.4925	94	47
-1.4769	94	47
-1.4734	94	47
-1.4872	94	47
-1.4498	94	47
-1.5248	94	47
-1.5181	94	47
-1.5032	94	47
-1.1962	94	47
-1.4468	94	47
-1.4967	94	47
-1.4885	94	47
-1.5014	94	47
-1.4571	94	47
-1.499	94	47
-1.3936	94	47
-1.5463	94	47
-1.4735	94	47
-1.5484	94	47
-1.4851	94	47
-1.4765	94	47
-1.468	94	47
-0.0409	94	47
-1.4741	94	47
-1.4939	94	47
-1.5338	94	47
-1.0625	94	47
-1.4586	94	47
-1.5076	94	47
-1.4353	94	47
-1.4487	94	47
-1.4894	94	47
-1.4719	94	47
-1.5033	94	47
-1.4821	94	47
-1.487	94	47
-1.4425	94	47
-1.4943	94	47
-1.5307	94	47
-1.5444	94	47
-1.3606	94	47
-1.5007	94	47
-1.5415	94	47
-1.4417	94	47
-1.2653	94	47
-1.4949	94	47
-1.4858	94	47
-1.4895	94	47
-1.5429	94	47
-1.494	94	47
-1.466	94	47
-1.5077	94	47
-1.541	94	47
-1.4929	94	47
-1.5106	94	47
-1.4225	94	47
-1.468	94	47
-1.5314	94	47
-1.4746	94	47
-1.4905	94	47
-1.4947	94	47
-1.4014	94	47
1.495	94	47
-1.5301	94	47
-1.4878	94	47
-1.5056	94	47
-1.4822	94	47
-1.499	94	47
-1.4419	94	47
-1.4792	94	47
-1.4485	94	47
-1.513	94	47
-1.5016	94	47
-1.4828	94	47
-1.4966	94	47
-1.4971	94	47
-1.4842	94	47
-1.4754	94	47
-1.4988	94	47
-1.5045	94	47
-1.4876	94	47
-1.4912	94	47
-1.4504	94	47
-1.5126	94	47
-1.3162	94	47
-1.4816	94	47
-1.5021	94	47
-1.4988	94	47
-1.4966	94	47
-1.443	94	47
-1.5443	94	47
-1.4551	94	47
-1.5046	94	47
-1.4784	94	47
-1.4818	94	47
-1.5142	94	47
-1.4703	94	47
-1.3734	94	47
-1.4925	94	47
-1.5659	94	47
-1.5176	94	47
-1.4896	94	47
-1.4907	94	47
-1.5108	94	47
-1.497	94	47
-1.4971	94	47
-1.4521	94	47
-1.3887	94	47
-1.5023	94	47
-1.5472	94	47
-1.4956	94	47
-1.4613	94	47
-1.4887	94	47
-1.4944	94	47
-1.5312	94	47
-1.4805	94	47
-1.451	94	47
-1.5162	94	47
-1.4949	94	47
-1.4933	94	47
-1.4539	94	47
-1.5297	94	47
-1.4174	94	47
-1.5092	94	47
-1.4805	94	47
-0.449	94	47
-1.4035	94	47
-1.5013	94	47
-1.4893	94	47
-1.4676	94	47
-1.4887	94	47
-1.503	94	47
-1.3627	94	47
-1.4955	94	47
-1.4914	94	47
-1.3928	94	47
-1.4391	94	47
-1.4968	94	47
-1.4704	94	47
-1.4696	94	47
-1.352	94	47
-1.4888	94	47
-1.4668	94	47
-1.5267	94	47
-1.4969	94	47
-1.4778	94	47
-1.5193	94	47
-1.4874	94	47
-1.4794	94	47
-1.4996	94	47
-1.4807	94	47
-1.5272	94	47
-1.5341	94	47
-1.5063	94	47
-1.4975	94	47
-1.5014	94	47
-1.5231	94	47
-1.4897	94	47
-1.51	94	47
-1.3079	94	47
-1.4802	94	47
-1.5375	94	47
-1.4957	94	47
-1.3185	94	47
-1.3621	94	47
-1.4809	94	47
-1.514	94	47
-1.4793	94	47
-1.4914	94	47
-1.5151	94	47
-1.4019	94	47
-1.3711	94	47
-1.4885	94	47
-1.4894	94	47
-0.3453	94	47
-1.5188	94	47
-1.4811	94	47
-1.4975	94	47
-1.5069	94	47
-1.4912	94	47
-1.3287	94	47
-1.4806	94	47
-1.4205	94	47
-1.4938	94	47
-1.4941	94	47
-1.4931	94	47
-1.4807	94	47
-1.4863	94	47
-1.5349	94	47
-1.1877	94	47
-1.489	94	47
-1.3816	94	47
-1.4922	94	47
-1.4792	94	47
-1.5	94	47
-1.4155	94	47
-1.5011	94	47
-1.5341	94	47
-1.5126	94	47
-1.4848	94	47
-1.4793	94	47
-1.4619	94	47
-1.4573	94	47
-1.5581	94	47
-1.4916	94	47
-1.5012	94	47
-1.5039	94	47
-1.4763	94	47
-1.4886	94	47
-1.4879	94	47
-1.1684	94	47
-1.4894	94	47
-1.4914	94	47
-1.4991	94	47
-1.1985	94	47
-1.5069	94	47
-1.4656	94	47
-1.5625	94	47
-1.419	94	47
-1.4583	94	47
-1.5207	94	47
-1.5098	94	47
-1.5342	94	47
-1.5541	94	47
-1.5453	94	47
-1.241	94	47
-1.4805	94	47
-1.4745	94	47
-1.5026	94	47
-1.4821	94	47
-1.494	94	47
-1.5418	94	47
-1.2905	94	47
-1.4731	94	47
-1.5004	94	47
-0.7064	94	47
-1.4953	94	47
-1.4419	94	47
-1.5025	94	47
-1.4783	94	47
-1.4968	94	47
-0.5411	94	47
-1.4948	94	47
-1.4658	94	47
-1.4977	94	47
-1.4957	94	47
-1.5137	94	47
-1.5436	94	47
-1.5002	94	47
-1.5028	94	47
-1.4985	94	47
-1.2075	94	47
-1.5559	94	47
-1.5534	94	47
-1.4872	94	47
-1.5241	94	47
-1.4739	94	47
-1.4906	94	47
-1.4679	94	47
-1.5152	94	47
-1.4094	94	47
-1.4516	94	47
-1.4937	94	47
-1.5022	94	47
-1.4444	94	47
-1.4816	94	47
-1.3629	94	47
-1.0074	94	47
-1.485	94	47
-1.4843	94	47
-1.4441	94	47
-1.5075	94	47
-1.5516	94	47
-1.4512	94	47
-1.4815	94	47
-1.4887	94	47
-1.535	94	47
-1.4931	94	47
-1.4883	94	47
-1.4382	94	47
-1.4961	94	47
-1.4212	94	47
-1.4614	94	47
-1.5006	94	47
-1.4408	94	47
-1.4864	94	47
-1.5425	94	47
-1.4713	94	47
-1.4857	94	47
-1.4815	94	47
-1.4884	94	47
-1.4912	94	47
-1.5124	94	47
-1.5583	94	47
-1.4466	94	47
-1.4289	94	47
0.8123	94	47
-1.5034	94	47
-1.4888	94	47
-1.5347	94	47
-1.4866	94	47
-1.5087	94	47
-1.5602	94	47
1.2355	94	47
-1.4075	94	47
-1.49	94	47
-1.4873	94	47
-1.4672	94	47
-1.4491	94	47
-1.5059	94	47
-1.4914	94	47
-1.3783	94	47
-1.5327	94	47
-1.4853	94	47
-1.4914	94	47
-1.3574	94	47
-1.4155	94	47
-1.4614	94	47
-1.5014	94	47
-1.4816	94	47
-1.4541	94	47
-1.5004	94	47
-1.491	94	47
-1.5227	94	47
-1.4968	94	47
-1.4977	94	47
-1.5166	94	47
-1.5223	94	47
-1.4602	94	47
-1.5122	94	47
-1.4943	94	47
-1.485	94	47
-1.48	94	47
-1.4711	94	47
-1.0815	94	47
-1.4705	94	47
-1.4798	94	47
-1.5107	94	47
-1.4974	94	47
-1.4709	94	47
-1.4255	94	47
-1.5115	94	47
-1.4903	94	47
-1.4676	94	47
-1.4972	94	47
-1.4377	94	47
-1.4381	94	47
-1.4972	94	47
-1.5306	94	47
-1.0328	94	47
-1.4694	94	47
-1.3757	94	47
-1.4905	94	47
-1.3849	94	47
-1.4898	94	47
-1.4481	94	47
-1.5057	94	47
-1.5437	94	47
-1.4946	94	47
-1.5531	94	47
-1.2846	94	47
-1.4931	94	47
-1.4718	94	47
-1.5188	94	47
-1.3062	94	47
-1.4514	94	47
-1.4948	94	47
-1.4739	94	47
-1.3973	94	47
-1.4332	94	47
-1.4583	94	47
-1.5064	94	47
-1.495	94	47
-1.4789	94	47
-1.4833	94	47
-1.4915	94	47
-1.4711	94	47
-1.4863	94	47
-1.4702	94	47
0.434	94	47
1.4781	94	47
-1.4797	94	47
-1.5158	94	47
-1.4445	94	47
-1.539	94	47
-1.5006	94	47
-1.3843	94	47
-1.4873	94	47
-1.4782	94	47
-1.5113	94	47
-1.2678	94	47
-1.4439	94	47
-1.4842	94	47
-1.4722	94	47
-1.4858	94	47
-1.5166	94	47
-1.5001	94	47
-1.4418	94	47
-1.4973	94	47
-1.4462	94	47
-1.1517	94	47
-1.4636	94	47
-1.4652	94	47
-1.5304	94	47
-1.4478	94	47
-1.4925	94	47
-1.481	94	47
-1.4859	94	47
-1.4795	94	47
-1.4974	94	47
-1.5027	94	47
-1.4889	94	47
-1.3565	94	47
-1.4874	94	47
-1.489	94	47
-1.4863	94	47
-1.4833	94	47
-1.1667	94	47
-1.4934	94	47
-1.4915	94	47
-1.4814	94	47
-1.48	94	47
-1.4481	94	47
-1.5407	94	47
-1.4733	94	47
-1.4337	94	47
-1.5039	94	47
-1.4453	94	47
-1.4908	94	47
-1.4851	94	47
-1.5065	94	47
-1.5007	94	47
-1.4927	94	47
-1.4814	94	47
-1.4402	94	47
-1.5013	94	47
-1.4951	94	47
-1.5437	94	47
-1.4655	94	47
-1.1823	94	47
-1.4829	94	47
-1.5182	94	47
-1.5016	94	47
-1.5195	94	47
-1.4983	94	47
-1.4629	94	47
-1.469	94	47
-1.4978	94	47
-1.4903	94	47
-1.4836	94	47
-1.4147	94	47
-1.488	94	47
-1.4932	94	47
-1.2413	94	47
-1.3181	94	47
1.4929	94	47
-1.3325	94	47
-1.4929	94	47
-1.5037	94	47
-1.4297	94	47
-1.416	94	47
-1.5609	94	47
-1.5009	94	47
-1.517	94	47
-1.458	94	47
-1.5013	94	47
-1.4696	94	47
-1.5135	94	47
-1.5085	94	47
-1.4757	94	47
-1.4648	94	47
-1.5127	94	47
-1.3136	94	47
-1.413	94	47
-1.3363	94	47
-1.5001	94	47
-1.4751	94	47
-1.4167	94	47
-1.4556	94	47
-1.4731	94	47
-1.4867	94	47
-1.4991	94	47
-1.4906	94	47
-1.4887	94	47
-1.5524	94	47
-1.4861	94	47
1.4874	94	47
-1.4556	94	47
-1.4922	94	47
-1.349	94	47
-1.4836	94	47
-1.4984	94	47
-1.0915	94	47
-1.4111	94	47
-1.4941	94	47
-1.473	94	47
-1.4156	94	47
-1.4832	94	47
-1.4955	94	47
-1.502	94	47
-1.4392	94	47
-1.5053	94	47
-1.4792	94	47
-1.4667	94	47
-1.4925	94	47
-1.4843	94	47
-1.5256	94	47
-1.5021	94	47
-1.4888	94	47
-1.3852	94	47
-1.4643	94	47
-1.3622	94	47
-1.3361	94	47
-1.4918	94	47
-1.5616	94	47
-1.4495	94	47
-1.5093	94	47
-1.4811	94	47
-1.493	94	47
-1.4867	94	47
-1.4701	94	47
-1.464	94	47
-1.2771	94	47
-1.4893	94	47
-1.4947	94	47
-1.4867	94	47
-1.5226	94	47
-1.4682	94	47
-0.9948	94	47
-1.3693	94	47
-1.4962	94	47
-1.4957	94	47
-1.174	94	47
-1.4956	94	47
-1.1736	94	47
-1.4975	94	47
-1.4764	94	47
-1.4797	94	47
-1.4663	94	47
-1.4242	94	47
-1.4968	94	47
-1.4984	94	47
-1.4899	94	47
-1.3126	94	47
-1.4914	94	47
-1.5453	94	47
-1.4976	94	47
-1.4602	94	47
-1.4977	94	47
-1.4716	94	47
-1.4974	94	47
-1.4354	94	47
-1.4493	94	47
-1.5303	94	47
-1.5311	94	47
-1.4752	94	47
-1.3749	94	47
-1.4975	94	47
-1.4829	94	47
-1.2891	94	47
-1.4977	94	47
-1.5391	94	47
-1.3653	94	47
-1.4801	94	47
-1.4851	94	47
-1.4904	94	47
-1.4932	94	47
-1.4656	94	47
-1.4967	94	47
-1.5153	94	47
-1.5044	94	47
-1.4722	94	47
-1.4908	94	47
-1.5099	94	47
-1.5446	94	47
-1.4924	94	47
-1.4106	94	47
-1.549	94	47
-1.4309	94	47
-1.4974	94	47
-1.4929	94	47
-1.4989	94	47
-1.4914	94	47
-1.4921	94	47
-1.5401	94	47
-0.6653	94	47
-1.4713	94	47
-1.507	94	47
-1.522	94	47
-1.4911	94	47
-1.4966	94	47
-1.479	94	47
-1.488	94	47
-1.4634	94	47
-1.4924	94	47
-1.5282	94	47
-1.5002	94	47
-1.4966	94	47
-1.4799	94	47
-1.512	94	47
-1.5436	94	47
-1.5532	94	47
-1.4835	94	47
-1.4798	94	47
-1.4721	94	47
-1.4891	94	47
-1.4739	94	47
-1.4384	94	47
-0.6969	94	47
-1.4668	94	47
-1.5015	94	47
-1.5391	94	47
-0.4267	94	47
-1.4536	94	47
-1.4757	94	47
-1.5093	94	47
-1.5035	94	47
-1.4842	94	47
-1.0564	94	47
-1.5545	94	47
-1.4895	94	47
-1.4675	94	47
-0.9773	94	47
-1.4808	94	47
-1.3549	94	47
-1.3885	94	47
-1.4906	94	47
-1.5298	94	47
-1.4989	94	47
-1.3853	94	47
-1.5493	94	47
-1.5216	94	47
0.2501	94	47
-1.5108	94	47
-1.52	94	47
-1.4973	94	47
-1.4684	94	47
-1.5005	94	47
-1.5104	94	47
-1.5208	94	47
-1.488	94	47
-1.4706	94	47
-1.4932	94	47
-1.4859	94	47
-1.4771	94	47
-1.3532	94	47
-1.5586	94	47
-1.5019	94	47
-1.5165	94	47
-1.4927	94	47
-1.4879	94	47
-1.4989	94	47
-1.5109	94	47
-1.4971	94	47
-1.5328	94	47
-1.494	94	47
-1.4855	94	47
-1.2916	94	47
-1.4885	94	47
-1.4558	94	47
-1.5276	94	47
-1.5564	94	47
-1.4635	94	47
-1.4924	94	47
-1.4884	94	47
-1.5238	94	47
-1.4759	94	47
-1.5049	94	47
-1.5344	94	47
-1.4935	94	47
-1.4561	94	47
-1.4848	94	47
-1.4934	94	47
-1.5109	94	47
-1.4916	94	47
-1.4886	94	47
-1.3969	94	47
-1.3142	94	47
-1.4715	94	47
-1.4128	94	47
-1.5119	94	47
-1.5033	94	47
-1.5043	94	47
-1.454	94	47
-1.4956	94	47
-1.5026	94	47
-1.4953	94	47
-1.5091	94	47
-1.4953	94	47
-1.4303	94	47
-1.456	94	47
-1.5007	94	47
-1.4388	94	47
-1.4984	94	47
-1.5232	94	47
-1.4813	94	47
-1.491	94	47
-1.4211	94	47
-1.4884	94	47
-1.5099	94	47
-1.5	94	47
-1.494	94	47
-1.4577	94	47
-1.438	94	47
-1.4664	94	47
-1.4614	94	47
-1.5331	94	47
-1.403	94	47
-1.4982	94	47
-1.4963	94	47
-1.4335	94	47
-1.5084	94	47
-1.199	94	47
-1.4573	94	47
-0.3521	94	47
-1.4731	94	47
-1.4631	94	47
-1.4929	94	47
-1.5041	94	47
-1.4863	94	47
-1.4841	94	47
-1.4878	94	47
-1.4555	94	47
-1.3451	94	47
-1.4968	94	47
-1.4843	94	47
-1.5074	94	47
-1.5008	94	47
-1.5376	94	47
-1.4533	94	47
-1.4124	94	47
-1.5134	94	47
-1.4868	94	47
-1.5089	94	47
-1.4108	94	47
-1.4453	94	47
-1.4579	94	47
-1.4258	94	47
-1.4595	94	47
-1.5305	94	47
-1.3434	94	47
-1.4851	94	47
-1.5006	94	47
-1.351	94	47
-1.4584	94	47
-1.4799	94	47
-1.4874	94	47
-1.3875	94	47
-1.4261	94	47
-1.3166	94	47
-1.5221	94	47
-1.4213	94	47
-1.4698	94	47
-1.4647	94	47
-1.5005	94	47
-1.4559	94	47
-1.491	94	47
-1.4973	94	47
-1.5159	94	47
-1.4793	94	47
-1.4971	94	47
-1.5064	94	47
-1.4819	94	47
-1.5003	94	47
-1.4108	94	47
-1.4523	94	47
-1.4809	94	47
-1.3835	94	47
-1.5009	94	47
-1.4643	94	47
-1.5652	94	47
-1.1495	94	47
-1.102	94	47
-1.4471	94	47
-1.4627	94	47
-1.4938	94	47
-1.4478	94	47
-1.4792	94	47
-1.2124	94	47
-1.485	94	47
-1.5443	94	47
-1.5385	94	47
-1.4795	94	47
-1.4986	94	47
-1.5438	94	47
-1.4902	94	47
-1.4373	94	47
-1.5216	94	47
-1.5394	94	47
-1.4886	94	47
-1.4731	94	47
-1.4764	94	47
-1.4962	94	47
-1.3602	94	47
-1.4935	94	47
-1.3728	94	47
-1.5166	94	47
-1.4528	94	47
-1.5016	94	47
0.0824	94	47
-1.5169	94	47
-0.8926	94	47
-1.4904	94	47
-1.4879	94	47
-1.4884	94	47
-1.4947	94	47
-1.5177	94	47
-1.4667	94	47
-1.4923	94	47
-1.4808	94	47
-1.2016	94	47
-1.2803	94	47
-1.4931	94	47
-1.4963	94	47
-1.5131	94	47
-1.4848	94	47
-1.4937	94	47
-1.332	94	47
-1.4448	94	47
-1.5075	94	47
-1.4741	94	47
-1.2803	94	47
-1.4563	94	47
-1.4851	94	47
-1.4406	94	47
-1.4844	94	47
-1.4763	94	47
-1.4301	94	47
-1.4692	94	47
-1.4524	94	47
-1.4788	94	47
-1.4951	94	47
-1.5119	94	47
-1.4717	94	47
-1.5016	94	47
-1.5466	94	47
-1.5017	94	47
-1.4736	94	47
-1.4658	94	47
-1.5268	94	47
-1.5304	94	47
-1.5079	94	47
-1.5495	94	47
-1.4711	94	47
-1.4959	94	47
-1.5465	94	47
-1.3813	94	47
-1.4756	94	47
-1.4058	94	47
-1.5386	94	47
-1.388	94	47
-1.4155	94	47
-1.5072	94	47
-0.9506	94	47
-1.4668	94	47
-1.4434	94	47
-1.5084	94	47
-1.4886	94	47
-1.5227	94	47
-1.4074	94	47
-1.4925	94	47
-1.4778	94	47
-1.4958	94	47
-1.5032	94	47
-1.4655	94	47
-1.4228	94	47
-1.4937	94	47
-1.4425	94	47
-1.4711	94	47
-1.5227	94	47
-1.4735	94	47
-1.4597	94	47
-1.4972	94	47
-1.5054	94	47
-1.3679	94	47
-1.3706	94	47
-1.4857	94	47
-1.4957	94	47
-1.4339	94	47
-1.4587	94	47
-1.491	94	47
-1.4613	94	47
-1.4951	94	47
-1.4998	94	47
-1.4334	94	47
-1.5319	94	47
-1.4966	94	47
-1.4148	94	47
-1.4624	94	47
-1.5497	94	47
-1.482	94	47
-1.4368	94	47
-1.4365	94	47
-1.4914	94	47
-1.5583	94	47
-1.4118	94	47
-1.5544	94	47
-1.4886	94	47
-1.3734	94	47
-1.5033	94	47
-1.4728	94	47
-1.5162	94	47
-1.4892	94	47
-1.4403	94	47
-1.4753	94	47
-1.5053	94	47
1.479	94	47
-1.4749	94	47
-1.4785	94	47
-1.5334	94	47
-1.4365	94	47
-1.4862	94	47
-1.4742	94	47
-1.4986	94	47
-1.3921	94	47
-1.4066	94	47
-1.5086	94	47
-1.5366	94	47
-1.4946	94	47
-1.5444	94	47
-1.5133	94	47
-1.4873	94	47
-1.0797	94	47
-1.435	94	47
-1.4856	94	47
-1.4971	94	47
-1.3859	94	47
-1.4922	94	47
-1.471	94	47
-1.507	94	47
-1.4609	94	47
-1.4934	94	47
-1.5269	94	47
-1.4161	94	47
-1.5262	94	47
-1.4313	94	47
-1.5447	94	47
-1.5216	94	47
-1.4907	94	47
-1.484	94	47
-1.5032	94	47
-0.9544	94	47
-1.4674	94	47
-1.444	94	47
-1.4603	94	47
-1.4859	94	47
-1.4906	94	47
-1.3323	94	47
-1.4854	94	47
-1.5061	94	47
-1.4909	94	47
-1.5042	94	47
-1.4949	94	47
-1.5547	94	47
-0.4188	94	47
-1.3912	94	47
-1.4999	94	47
-1.2088	94	47
-1.0747	94	47
-1.5013	94	47
-1.4854	94	47
-1.4489	94	47
-1.5099	94	47
-1.4522	94	47
-1.4898	94	47
-1.5111	94	47
-1.4903	94	47
-1.4616	94	47
-1.5139	94	47
-1.4054	94	47
-1.5156	94	47
-1.2131	94	47
-1.4998	94	47
-1.483	94	47
-1.4597	94	47
-1.4633	94	47
-1.4965	94	47
-1.4814	94	47
