-1.5610656	243	100
-1.4999957	254	100
-1.4997158	206	100
-1.5000424	252	100
-1.4999881	232	100
-1.4997708	281	100
-1.5615782	436	100
-1.5612133	272	100
-1.5002532	369	100
-1.5617443	406	100
-1.5000712	280	100
-1.5001118	262	100
-1.4999433	310	100
-1.561663	283	100
-1.5613773	338	100
-1.5611259	294	100
-1.4999432	219	100
-1.5613212	361	100
-1.500249	266	100
-1.4998544	332	100
-1.4997327	208	100
-1.5616331	382	100
-1.5000098	244	100
-1.5617243	312	100
-1.5613781	380	100
-1.4998568	165	100
-1.5601541	391	100
-1.5617416	287	100
-1.4998292	305	100
-1.4999917	243	100
-1.5616533	401	100
-1.5615436	334	100
-1.4999248	170	100
-1.4999528	255	100
-1.5615599	269	100
-1.4998339	247	100
-1.5614238	298	100
-1.4997777	235	100
-1.4998919	246	100
-1.5613242	271	100
-1.4997563	307	100
-1.5613861	257	100
-1.4997005	322	100
-1.5615226	248	100
-1.5612728	291	100
-1.5618108	352	100
-1.5617634	269	100
-1.4997836	236	100
-1.5002393	255	100
-1.4996569	348	100
-1.4998857	228	100
-1.4998198	314	100
-1.4999568	355	100
-1.4999268	247	100
-1.4999429	271	100
-1.500072	338	100
-1.5612523	300	100
-1.4999348	246	100
-1.5613096	284	100
-1.4997779	278	100
-1.5612239	305	100
-1.5614731	327	100
-1.5612958	316	100
-1.4999732	423	100
-1.5616039	330	100
-1.4998455	289	100
-1.4999231	275	100
-1.5001254	322	100
-1.4999381	258	100
-1.5000851	327	100
-1.5616409	213	100
-1.561595	315	100
-1.5616786	228	100
-1.5001107	223	100
-1.4999089	313	100
-1.5615318	235	100
-1.4999902	184	100
-1.5616409	264	100
-1.4999444	271	100
-1.5614275	251	100
-1.5616888	303	100
-1.5617029	339	100
-1.5615473	288	100
-1.4998553	274	100
-1.5613785	280	100
-1.5617891	304	100
-1.5616649	299	100
-1.5001284	321	100
-1.5614164	366	100
-1.5001991	225	100
-1.4999109	300	100
-1.5000566	227	100
-1.5002092	315	100
-1.5616641	300	100
-1.5000376	259	100
-1.50007	255	100
-1.5614126	388	100
-1.4999437	397	100
-1.4998914	293	100
-1.4998681	205	100
-1.5001063	335	100
-1.5616854	368	100
-1.5619178	368	100
-1.5003014	249	100
-1.4998206	202	100
-1.5611719	221	100
-1.5001785	204	100
-1.5001737	395	100
-1.5000134	223	100
-1.5001184	196	100
-1.50014	243	100
-1.4998795	226	100
-1.5615347	300	100
-1.5615021	291	100
-1.5618065	312	100
-1.5614112	376	100
-1.5000898	253	100
-1.4998289	322	100
-1.5000305	257	100
-1.500055	280	100
-1.4998932	236	100
-1.561696	256	100
-1.5610349	382	100
-1.5002766	219	100
-1.5616009	220	100
-1.5000986	319	100
-1.5001205	408	100
-1.5620192	349	100
-1.4999643	219	100
-1.4998705	339	100
-1.5000498	362	100
-1.5615714	378	100
-1.5001252	355	100
-1.5000699	299	100
-1.5615898	307	100
-1.499771	307	100
-1.5615422	354	100
-1.5614434	313	100
-1.5616555	216	100
-1.561397	262	100
-1.4999774	241	100
-1.5001495	198	100
-1.5000756	376	100
-1.5615673	295	100
-1.5000545	218	100
-1.5612953	374	100
-1.4998249	365	100
-1.5613794	291	100
-1.5000198	341	100
-1.4999799	272	100
-1.4998641	295	100
-1.5617475	219	100
-1.561374	264	100
-1.5000064	280	100
-1.4998409	201	100
-1.4998984	305	100
-1.5617521	298	100
-1.5615511	275	100
-1.5611086	225	100
-1.500177	216	100
-1.5616919	425	100
-1.500004	363	100
-1.4999136	309	100
-1.5618024	413	100
-1.4997825	308	100
-1.5001349	314	100
-1.4998223	227	100
-1.5003694	294	100
-1.4998247	267	100
-1.5615248	320	100
-1.5002403	229	100
-1.5001422	199	100
-1.4999239	241	100
-1.4999169	272	100
-1.4999396	310	100
-1.4997539	209	100
-1.500169	180	100
-1.5000151	221	100
-1.561437	246	100
-1.5616073	201	100
-1.5615628	471	100
-1.5002489	287	100
-1.5613075	215	100
-1.5001898	397	100
-1.4999754	263	100
-1.4997441	288	100
-1.5616991	364	100
-1.4997044	310	100
-1.5002265	210	100
-1.5002142	406	100
-1.5615584	261	100
-1.4997918	287	100
-1.561305	342	100
-1.4998472	282	100
-1.4997549	327	100
-1.499853	244	100
-1.5000081	223	100
-1.5613601	341	100
-1.5000864	273	100
-1.4999507	290	100
-1.5617329	217	100
-1.499814	344	100
-1.5001617	175	100
-1.5001397	386	100
-1.4999537	337	100
-1.5615121	380	100
-1.5614471	376	100
-1.4996642	271	100
-1.5617796	414	100
-1.5003015	292	100
-1.5602961	255	100
-1.5001797	304	100
-1.5616307	402	100
-1.5000029	395	100
-1.4999465	278	100
-1.5002202	204	100
-1.4996253	361	100
-1.5617511	270	100
-1.4999384	323	100
-1.5616219	220	100
-1.5002736	369	100
-1.4999298	306	100
-1.5617861	273	100
-1.5614253	376	100
-1.4998854	223	100
-1.5000232	281	100
-1.5001171	335	100
-1.50006	245	100
-1.5611925	206	100
-1.5615397	280	100
-1.5618148	306	100
-1.5000945	207	100
-1.5615411	256	100
-1.5001523	351	100
-1.4998973	203	100
-1.5002274	154	100
-1.5001542	286	100
-1.4996826	306	100
-1.4999848	303	100
-1.5617594	296	100
-1.5613805	304	100
-1.4997874	295	100
-1.5613507	338	100
-1.4997777	212	100
-1.5615013	323	100
-1.5000088	240	100
-1.5614918	346	100
-1.4997283	260	100
-1.5608928	321	100
-1.5615688	306	100
-1.5257533	389	100
-1.4998002	303	100
-1.5001252	330	100
-1.4996841	385	100
-1.4997374	240	100
-1.500018	319	100
-1.5619071	375	100
-1.5615594	230	100
-1.5612078	282	100
-1.4999296	191	100
-1.5617179	356	100
-1.5612793	366	100
-1.5609759	421	100
-1.5614922	235	100
-1.5615916	421	100
-1.5000289	312	100
-1.5000781	241	100
-1.4998834	237	100
-1.4998948	324	100
-1.5617062	270	100
-1.4998264	235	100
-1.5002607	362	100
-1.4999524	240	100
-1.4998525	328	100
-1.5613127	365	100
-1.5002013	225	100
-1.5616165	349	100
-1.4997356	355	100
-1.5002127	267	100
-1.5616078	269	100
-1.5614008	364	100
-1.5000714	318	100
-1.5615401	406	100
-1.5000073	304	100
-1.5618065	232	100
-1.5615192	221	100
-1.5000748	273	100
-1.5610493	345	100
-1.4997144	243	100
-1.5001762	327	100
-1.5613329	287	100
-1.5618299	364	100
-1.5613777	370	100
-1.5615924	404	100
-1.5613203	334	100
-1.5614562	219	100
-1.5609577	384	100
-1.5002698	268	100
-1.5612744	314	100
-1.5000038	188	100
-1.5618345	268	100
-1.5611724	364	100
-1.4998552	174	100
-1.5619603	293	100
-1.50007	277	100
-1.5610922	250	100
-1.5613686	272	100
-1.5617633	291	100
-1.5000128	246	100
-1.5616208	276	100
-1.4996206	368	100
-1.5613803	351	100
-1.5616208	347	100
-1.5617028	414	100
-1.4999383	210	100
-1.5616686	248	100
-1.5615093	402	100
-1.5001071	192	100
-1.5617302	340	100
-1.5000122	261	100
-1.5002349	323	100
-1.5604808	289	100
-1.4999733	281	100
-1.561601	228	100
-1.5002075	283	100
-1.5000964	229	100
-1.5000987	261	100
-1.5614515	329	100
-1.5616836	302	100
-1.5619104	360	100
-1.4999883	243	100
-1.5002312	313	100
-1.5617773	242	100
-1.500117	261	100
-1.5615864	317	100
-1.4999849	288	100
-1.5615467	406	100
-1.4999574	213	100
-1.5001155	303	100
-1.561697	270	100
-1.5000407	238	100
-1.5614856	186	100
-1.5612693	384	100
-1.5002385	184	100
-1.5616509	294	100
-1.4998726	326	100
-1.5616744	307	100
-1.5615543	190	100
-1.5614565	254	100
-1.4997915	267	100
-1.5613845	226	100
-1.4999798	240	100
-1.4997984	189	100
-1.5613184	340	100
-1.5616217	288	100
-1.4998157	223	100
-1.5002921	240	100
-1.5609805	270	100
-1.4998042	244	100
-1.50001	208	100
-1.4999543	287	100
-1.5617765	241	100
-1.5613569	255	100
-1.5616144	266	100
-1.5613392	389	100
-1.5616146	350	100
-1.5619224	344	100
-1.5611879	286	100
-1.5618581	377	100
-1.4997992	319	100
-1.5000734	213	100
-1.4999582	223	100
-1.4998096	247	100
-1.4999381	218	100
-1.5613871	285	100
-1.5616256	307	100
-1.4999997	336	100
-1.4999583	217	100
-1.5002295	247	100
-1.561907	334	100
-1.5002341	271	100
-1.5613533	317	100
-1.4999551	238	100
-1.5617067	272	100
-1.5617659	373	100
-1.4998186	249	100
-1.5003746	276	100
-1.5616822	351	100
-1.5000631	291	100
-1.4999727	367	100
-1.561057	323	100
-1.5618157	413	100
-1.5616946	263	100
-1.50013	318	100
-1.5000328	265	100
-1.4999083	363	100
-1.5615942	277	100
-1.4997775	224	100
-1.4998164	200	100
-1.5615152	338	100
-1.5000043	371	100
-1.5615574	383	100
-1.4999273	303	100
-1.4997255	304	100
-1.5614238	269	100
-1.5615503	397	100
-1.5000526	248	100
-1.561714	234	100
-1.5614182	282	100
-1.4999147	251	100
-1.5614956	303	100
-1.5002805	279	100
-1.4999518	211	100
-1.4998197	377	100
-1.5000677	252	100
-1.5002475	327	100
-1.5001255	248	100
-1.4997596	233	100
-1.5613673	247	100
-1.5000875	223	100
-1.5613434	282	100
-1.5618875	321	100
-1.4998536	182	100
-1.5000208	180	100
-1.5615505	384	100
-1.4999292	304	100
-1.4997398	219	100
-1.5007585	414	100
-1.5000279	208	100
-1.5002026	386	100
-1.5618653	235	100
-1.5616077	297	100
-1.4998659	336	100
-1.5001822	247	100
-1.499938	226	100
-1.5614396	295	100
-1.4999457	236	100
-1.5615836	260	100
-1.5615649	327	100
-1.5614125	368	100
-1.4998093	320	100
-1.5002414	255	100
-1.4998695	330	100
-1.5615787	342	100
-1.4995239	346	100
-1.5615106	229	100
-1.4999757	294	100
-1.5002852	237	100
-1.5616078	277	100
-1.4999681	281	100
-1.4999222	410	100
-1.4997367	317	100
-1.5000843	224	100
-1.4999398	194	100
-1.4998495	306	100
-1.5609323	381	100
-1.4999475	300	100
-1.4999046	288	100
-1.5619976	256	100
-1.5614905	271	100
-1.5001934	315	100
-1.5614861	361	100
-1.4999405	201	100
-1.5001399	417	100
-1.5613118	311	100
-1.500049	321	100
-1.4997564	382	100
-1.5000932	302	100
-1.4997784	194	100
-1.5002062	255	100
-1.5613227	231	100
-1.4999106	292	100
-1.500066	287	100
-1.5000671	232	100
-1.5001105	353	100
-1.5612064	362	100
-1.4997958	271	100
-1.5612298	300	100
-1.5002814	220	100
-1.5615438	269	100
-1.5000057	287	100
-1.5614799	283	100
-1.4999106	262	100
-1.5614445	314	100
-1.5615126	183	100
-1.4999528	212	100
-1.5000795	328	100
-1.5614881	245	100
-1.4998877	184	100
-1.4998337	248	100
-1.561379	305	100
-1.49986	253	100
-1.4999911	249	100
-1.5614847	307	100
-1.5001162	284	100
-1.5000303	186	100
-1.5613097	289	100
-1.5614892	296	100
-1.5613665	317	100
-1.5001007	330	100
-1.5002686	243	100
-1.4999331	407	100
-1.561537	359	100
-1.5000856	384	100
-1.4998367	184	100
-1.5000047	324	100
-1.5615958	242	100
-1.5001778	232	100
-1.5003169	262	100
-1.4998355	258	100
-1.5610286	366	100
-1.5000991	237	100
-1.4999807	170	100
-1.561643	304	100
-1.5613391	331	100
-1.4999396	259	100
-1.4998826	320	100
-1.4997923	258	100
-1.4999939	251	100
-1.4997084	291	100
-1.4999118	417	100
-1.5000473	173	100
-1.5000568	234	100
-1.4996975	315	100
-1.4997507	367	100
-1.5618916	297	100
-1.499631	341	100
-1.5613611	328	100
-1.5614988	276	100
-1.5615026	261	100
-1.5001001	261	100
-1.5618103	403	100
-1.5613175	424	100
-1.5614049	299	100
-1.5613411	387	100
-1.4999456	260	100
-1.561913	295	100
-1.4999451	254	100
-1.4998237	246	100
-1.5617322	341	100
-1.4996236	299	100
-1.5618091	232	100
-1.5614179	297	100
-1.5614829	285	100
-1.5615901	285	100
-1.5613365	320	100
-1.5612844	373	100
-1.5615559	283	100
-1.561937	300	100
-1.5000741	250	100
-1.5613138	213	100
-1.499695	252	100
-1.4998255	324	100
-1.5614702	340	100
-1.5615325	273	100
-1.5613354	350	100
-1.5002178	297	100
-1.5612102	446	100
-1.4997137	254	100
-1.5614827	282	100
-1.5618466	228	100
-1.4998248	277	100
-1.4999654	306	100
-1.4999836	233	100
-1.5619097	259	100
-1.5616367	354	100
-1.5001307	267	100
-1.5615914	257	100
-1.5614076	330	100
-1.500039	286	100
-1.5001124	356	100
-1.5000917	222	100
-1.5614654	299	100
-1.5003142	320	100
-1.499679	288	100
-1.5617258	370	100
-1.5000213	269	100
-1.5614847	323	100
-1.561364	293	100
-1.4999444	264	100
-1.4997477	249	100
-1.4997146	275	100
-1.5611992	468	100
-1.4999492	341	100
-1.500017	237	100
-1.561572	259	100
-1.4998988	296	100
-1.5616153	306	100
-1.5	216	100
-1.4997362	202	100
-1.4998902	274	100
-1.4997278	340	100
-1.4998678	230	100
-1.5000138	270	100
-1.5612745	323	100
-1.561845	190	100
-1.50018	222	100
-1.5247917	392	100
-1.500069	261	100
-1.561543	316	100
-1.4999958	216	100
-1.499786	241	100
-1.5615344	319	100
-1.5000107	289	100
-1.5615688	451	100
-1.5001459	348	100
-1.5001335	286	100
-1.5613701	285	100
-1.5614115	370	100
-1.5615606	225	100
-1.5617045	301	100
-1.5614208	224	100
-1.4999397	230	100
-1.4999953	392	100
-1.5000593	268	100
-1.4999466	286	100
-1.5613089	215	100
-1.5618566	406	100
-1.4998968	229	100
-1.5002469	252	100
-1.5615337	319	100
-1.4999181	271	100
-1.4999773	251	100
-1.5000201	230	100
-1.4999611	258	100
-1.4999242	283	100
-1.5000227	228	100
-1.4999798	303	100
-1.5000913	298	100
-1.5614783	303	100
-1.5613965	207	100
-1.5614127	262	100
-1.5615905	220	100
-1.5613226	276	100
-1.4995513	302	100
-1.4998464	386	100
-1.4999635	198	100
-1.499788	296	100
-1.5616192	292	100
-1.5615144	374	100
-1.5615824	213	100
-1.5614613	359	100
-1.500292	222	100
-1.5612944	318	100
-1.5616097	317	100
-1.5000239	282	100
-1.5001304	339	100
-1.5614109	273	100
-1.561579	355	100
-1.5612861	246	100
-1.5615504	373	100
-1.5001267	255	100
-1.5615595	287	100
-1.4999333	270	100
-1.5613142	367	100
-1.5615909	246	100
-1.5616845	202	100
-1.5619094	408	100
-1.5613508	439	100
-1.5001114	257	100
-1.4998561	241	100
-1.4998439	228	100
-1.5614672	327	100
-1.5001559	277	100
-1.5615766	297	100
-1.5001291	227	100
-1.561852	357	100
-1.5000375	373	100
-1.5001181	344	100
-1.5613023	355	100
-1.4997824	307	100
-1.5014321	371	100
-1.5616315	374	100
-1.4996821	314	100
-1.5613777	332	100
-1.4998939	200	100
-1.5617174	280	100
-1.4998265	215	100
-1.4999777	332	100
-1.4997271	355	100
-1.5619113	329	100
-1.499988	290	100
-1.5001335	340	100
-1.5616585	343	100
-1.5617343	369	100
-1.4998348	250	100
-1.5003415	264	100
-1.5619542	303	100
-1.5615153	308	100
-1.5000097	250	100
-1.5616386	207	100
-1.5000291	229	100
-1.5000359	270	100
-1.5000205	242	100
-1.5615638	344	100
-1.5614407	290	100
-1.5614435	394	100
-1.4997375	344	100
-1.4999711	310	100
-1.4996963	236	100
-1.5616448	320	100
-1.5001782	173	100
-1.5002397	292	100
-1.5613265	254	100
-1.5613697	318	100
-1.5611938	299	100
-1.5614599	277	100
-1.5616059	293	100
-1.5000231	300	100
-1.5611529	439	100
-1.5613786	378	100
-1.5000012	253	100
-1.561831	182	100
-1.5612878	298	100
-1.5000946	273	100
-1.500047	283	100
-1.5611799	317	100
-1.5614403	349	100
-1.5000878	350	100
-1.5000546	210	100
-1.5618121	299	100
-1.5000431	304	100
-1.5614452	350	100
-1.5613402	308	100
-1.4998389	260	100
-1.5615234	298	100
-1.5617127	276	100
-1.5615936	313	100
-1.5001404	241	100
-1.4999184	333	100
-1.5002274	277	100
-1.5617165	410	100
-1.5617398	361	100
-1.5612968	390	100
-1.5002726	196	100
-1.5616926	390	100
-1.5614994	295	100
-1.5618824	367	100
-1.4999961	313	100
-1.5614676	322	100
-1.5000422	382	100
-1.5002746	217	100
-1.4998932	170	100
-1.5617087	245	100
-1.4998214	349	100
-1.5000614	340	100
-1.5615863	364	100
-1.4999898	280	100
-1.4999141	303	100
-1.5616584	321	100
-1.561429	293	100
-1.5615776	305	100
-1.5617768	267	100
-1.561519	327	100
-1.5001076	261	100
-1.5001521	275	100
-1.5614674	363	100
-1.5615125	266	100
-1.5614093	248	100
-1.500124	199	100
-1.5000587	204	100
-1.5003842	168	100
-1.4997341	226	100
-1.5000237	354	100
-1.500006	271	100
-1.499743	303	100
-1.5002045	227	100
-1.4999897	202	100
-1.5001272	167	100
-1.5000699	300	100
-1.5613837	293	100
-1.5002412	305	100
-1.5000432	301	100
-1.561762	294	100
-1.4997635	230	100
-1.4999773	367	100
-1.5612517	333	100
-1.5000893	297	100
-1.4997381	320	100
-1.4997403	276	100
-1.5614346	230	100
-1.4998618	218	100
-1.5614379	302	100
-1.5616017	239	100
-1.5343702	345	100
-1.5615909	411	100
-1.4995237	293	100
-1.5612462	251	100
-1.5616156	363	100
-1.4997048	233	100
-1.5613235	306	100
-1.5616945	320	100
-1.5615146	177	100
-1.5615649	357	100
-1.4996571	364	100
-1.5000568	306	100
-1.5617669	280	100
-1.561433	193	100
-1.5619674	363	100
-1.5614438	347	100
-1.5613562	265	100
-1.5614061	361	100
-1.5612777	248	100
-1.5617117	352	100
-1.5616527	365	100
-1.4997333	343	100
-1.5000839	216	100
-1.4997387	289	100
-1.5615688	244	100
-1.5615758	266	100
-1.5001701	308	100
-1.4999878	276	100
-1.4998519	199	100
-1.5000668	318	100
-1.5614315	296	100
-1.4999826	355	100
-1.5616115	283	100
-1.499722	219	100
-1.4999525	242	100
-1.4999682	415	100
-1.4997961	173	100
-1.5000228	243	100
-1.5002889	194	100
-1.4997264	321	100
-1.5611067	279	100
-1.5618358	401	100
-1.4997854	217	100
-1.5617696	295	100
-1.5001629	333	100
-1.5001326	340	100
-1.4999407	326	100
-1.5000151	344	100
-1.4998878	350	100
-1.5614626	244	100
-1.5613695	291	100
-1.5002166	327	100
-1.5000932	319	100
-1.4996036	307	100
-1.500032	296	100
-1.5613428	255	100
-1.5001356	277	100
-1.5593133	384	100
-1.5000023	239	100
-1.4999962	257	100
-1.4999316	231	100
-1.561575	275	100
-1.500011	213	100
-1.5614331	284	100
-1.4997953	269	100
-1.5613591	223	100
-1.5000653	202	100
-1.5002473	178	100
-1.500061	277	100
-1.5617786	387	100
-1.5616586	303	100
-1.4999725	344	100
-1.50003	177	100
-1.5002465	300	100
-1.5000126	230	100
-1.4998869	209	100
-1.500311	315	100
-1.5000048	325	100
-1.5001934	287	100
-1.4998337	400	100
-1.5617477	238	100
-1.5617543	351	100
-1.500254	200	100
-1.5615943	266	100
-1.4998696	231	100
-1.5617837	263	100
-1.4997826	249	100
-1.4996612	270	100
-1.5614493	270	100
-1.5001692	312	100
-1.4998293	219	100
-1.4999734	235	100
-1.4998939	356	100
-1.4998244	228	100
-1.5001038	183	100
-1.5001571	406	100
-1.5614637	218	100
-1.5615436	291	100
-1.5614616	342	100
-1.4998665	228	100
-1.5000258	268	100
-1.5613693	287	100
-1.4997198	351	100
-1.561684	334	100
-1.4999228	254	100
-1.5002089	243	100
-1.5613987	327	100
-1.4997574	250	100
-1.4998351	177	100
-1.5000486	284	100
-1.5615291	372	100
-1.4998857	259	100
-1.500131	288	100
-1.5613473	346	100
-1.5002151	302	100
-1.4999875	305	100
-1.5610609	370	100
-1.5616222	416	100
-1.5615154	368	100
-1.5612297	261	100
-1.4999756	304	100
-1.5615739	372	100
-1.5000705	211	100
-1.5612161	292	100
-1.4999593	251	100
-1.5001374	305	100
-1.4997566	342	100
-1.5000737	259	100
-1.5614975	261	100
-1.5001043	217	100
-1.5615173	410	100
-1.5001223	342	100
-1.5617712	287	100
-1.4999829	281	100
-1.5614545	277	100
-1.4998441	168	100
-1.4997198	323	100
-1.4998194	162	100
-1.4997916	262	100
-1.5615639	405	100
-1.5616657	314	100
-1.5001723	382	100
-1.5001541	405	100
-1.5615561	291	100
-1.561533	337	100
-1.5615552	257	100
-1.4999488	307	100
-1.5617829	409	100
-1.5001451	326	100
-1.5616308	424	100
-1.5615318	431	100
-1.5616221	298	100
-1.5614522	271	100
-1.5614821	377	100
-1.5001417	222	100
-1.4999823	361	100
-1.4998706	345	100
-1.4999063	222	100
-1.4998926	297	100
-1.4998749	343	100
-1.5609961	385	100
-1.5613767	328	100
-1.5000371	326	100
-1.4999552	233	100
-1.5616728	232	100
-1.4998189	250	100
-1.5616995	341	100
-1.4997633	251	100
-1.4997089	248	100
-1.5614121	233	100
-1.5001596	326	100
-1.499988	180	100
-1.4999328	236	100
-1.5000905	278	100
-1.500015	331	100
-1.5612046	349	100
-1.4998246	296	100
-1.4999502	278	100
-1.5612693	283	100
-1.5000835	270	100
-1.5001047	301	100
-1.56152	309	100
-1.5618177	245	100
-1.4998116	312	100
-1.5619221	344	100
-1.5617169	303	100
-1.4998318	179	100
-1.5614248	359	100
-1.5616972	281	100
-1.4999539	383	100
-1.499955	351	100
-1.5616663	258	100
-1.5617127	372	100
-1.4998928	325	100
-1.5615835	420	100
-1.5613596	370	100
-1.5000802	265	100
-1.4998287	285	100
-1.5616963	288	100
-1.5000984	264	100
-1.5616067	272	100
-1.5619696	277	100
-1.5001945	219	100
-1.5000618	363	100
-1.5614804	337	100
-1.5616027	270	100
-1.5613214	341	100
-1.5614633	223	100
-1.56145	252	100
-1.4999919	277	100
-1.4998947	345	100
-1.5618521	300	100
-1.4999023	273	100
-1.5001556	293	100
-1.5616513	321	100
-1.4997156	259	100
-1.5615536	256	100
-1.4999219	240	100
-1.5618776	349	100
-1.5001541	303	100
-1.4999171	273	100
-1.561469	289	100
-1.5617819	395	100
-1.4998116	269	100
-1.4999171	312	100
-1.5001078	382	100
-1.5000724	371	100
-1.5612267	280	100
-1.4999103	293	100
-1.5616392	269	100
-1.5000559	197	100
-1.4997991	273	100
-1.5617167	346	100
-1.4998332	174	100
-1.5614639	286	100
-1.4999192	334	100
-1.4999762	209	100
-1.5001712	344	100
-1.5610653	287	100
-1.4997586	321	100
-1.4997067	254	100
-1.4999641	219	100
-1.5001883	298	100
-1.4999342	242	100
-1.5001379	214	100
-1.5000652	226	100
-1.5002062	254	100
-1.5616518	338	100
-1.561607	282	100
-1.5000549	296	100
-1.5616967	327	100
-1.5615544	338	100
-1.529687	377	100
-1.5000223	276	100
-1.4998847	274	100
-1.4998699	354	100
-1.5616808	328	100
-1.5000493	217	100
-1.499726	335	100
-1.5001217	196	100
-1.5001947	370	100
-1.5000505	378	100
-1.5611891	320	100
-1.561776	320	100
-1.5610798	354	100
-1.5617074	366	100
-1.5614828	191	100
-1.5000045	378	100
-1.5617236	259	100
-1.499988	284	100
-1.5618988	349	100
-1.5612375	345	100
-1.4998446	298	100
-1.5000922	249	100
-1.5618157	201	100
-1.4999457	211	100
-1.5000403	336	100
-1.5613346	307	100
-1.5612021	243	100
-1.5615622	271	100
-1.5614555	248	100
-1.5618022	392	100
-1.4999343	190	100
-1.561391	392	100
-1.5616419	298	100
-1.4998386	320	100
-1.561219	257	100
-1.5002173	293	100
-1.4999877	286	100
-1.5616412	193	100
-1.5611542	277	100
-1.5617051	305	100
-1.4997383	233	100
-1.5613031	271	100
-1.4998505	273	100
-1.5001769	300	100
-1.5618646	230	100
-1.5613955	323	100
-1.5614432	243	100
-1.4998344	397	100
-1.4999595	204	100
-1.4998842	271	100
-1.561507	331	100
-1.5001129	234	100
-1.5612784	286	100
-1.500115	246	100
-1.5000748	265	100
-1.5616038	403	100
-1.5000331	183	100
-1.5615694	305	100
-1.5616394	361	100
-1.4999223	267	100
-1.5000711	336	100
-1.562006	317	100
-1.4996342	256	100
-1.4997681	261	100
-1.5001783	289	100
-1.561521	359	100
-1.5000342	280	100
-1.5001812	305	100
-1.5615774	266	100
-1.5613975	346	100
-1.5617422	182	100
-1.4999995	184	100
-1.5608231	303	100
-1.5001033	300	100
-1.4999286	226	100
-1.4997755	265	100
-1.5615993	257	100
-1.561664	299	100
-1.5000007	323	100
-1.5617387	368	100
-1.5614017	288	100
-1.561536	324	100
-1.5619183	343	100
-1.4999647	290	100
-1.5613746	402	100
-1.5613924	300	100
-1.5001321	230	100
-1.5616106	344	100
-1.5000048	264	100
-1.5611949	278	100
-1.5613845	338	100
-1.561066	328	100
-1.5616272	239	100
-1.5001135	277	100
-1.5615823	359	100
-1.5616383	249	100
-1.5618119	284	100
-1.5000362	268	100
-1.5000001	250	100
-1.4999009	315	100
-1.5001478	235	100
-1.4999405	286	100
-1.5000696	348	100
-1.5001707	254	100
-1.5611747	249	100
-1.5614502	358	100
-1.5615793	362	100
-1.5614608	359	100
-1.5616232	202	100
-1.4998732	250	100
-1.5616067	389	100
-1.5618245	283	100
-1.5000942	213	100
-1.5613646	283	100
-1.5613424	198	100
-1.5616236	303	100
-1.5618449	317	100
-1.5617748	338	100
-1.5000652	343	100
-1.5000776	293	100
-1.500021	332	100
-1.4999697	306	100
-1.5000327	249	100
-1.5615825	298	100
-1.4999176	262	100
-1.4995088	280	100
-1.4994304	380	100
-1.499828	273	100
-1.561556	222	100
-1.561573	255	100
-1.4998261	232	100
-1.5616863	297	100
-1.5613662	222	100
-1.4998981	221	100
-1.5000166	316	100
-1.4998762	245	100
-1.5614624	335	100
-1.5615696	336	100
-1.5615703	194	100
-1.5610931	225	100
-1.4998547	329	100
-1.5616313	307	100
-1.5617768	230	100
-1.5001028	257	100
-1.5001664	388	100
-1.5001721	420	100
-1.5615088	244	100
-1.5001048	336	100
-1.5613278	330	100
-1.5615402	342	100
-1.5615128	380	100
-1.5000441	272	100
-1.5614971	324	100
-1.5613442	409	100
-1.500153	312	100
-1.5000982	206	100
-1.500042	359	100
-1.5617046	355	100
-1.4999237	286	100
-1.4998827	277	100
-1.4998097	215	100
-1.499999	234	100
-1.5000602	288	100
-1.5617142	287	100
-1.4998184	244	100
-1.500245	268	100
-1.5611334	296	100
-1.5049699	395	100
-1.5001238	295	100
-1.4999096	314	100
-1.5613762	383	100
-1.5613789	330	100
-1.5612195	266	100
-1.4998173	312	100
-1.5615563	248	100
-1.5615459	248	100
-1.5001192	295	100
-1.4999933	215	100
-1.5001603	208	100
-1.5000726	408	100
-1.5613599	335	100
-1.4997658	250	100
-1.5613219	359	100
-1.5001805	197	100
-1.4998855	184	100
-1.5002914	366	100
-1.5615605	307	100
-1.499986	332	100
-1.4999925	265	100
-1.4997178	382	100
-1.4996637	283	100
-1.5614163	331	100
-1.5615514	403	100
-1.5618089	204	100
-1.5616768	320	100
-1.4999789	341	100
-1.5000718	216	100
-1.561479	351	100
-1.500129	394	100
-1.5613978	312	100
-1.4999065	324	100
-1.5000281	225	100
-1.5001806	196	100
-1.5000052	277	100
-1.4999206	279	100
-1.5002096	246	100
-1.5616254	287	100
-1.4997325	326	100
-1.5614192	218	100
-1.5003382	269	100
-1.5615249	289	100
-1.4999411	289	100
-1.4999326	231	100
-1.500132	295	100
-1.4999976	314	100
-1.561776	296	100
-1.5613405	244	100
-1.4999285	281	100
-1.5613405	278	100
-1.5613685	398	100
-1.5612761	320	100
-1.4998261	297	100
-1.5001181	255	100
-1.4999474	282	100
-1.4999429	245	100
-1.5616768	363	100
-1.5616471	341	100
-1.5614397	228	100
-1.5616457	280	100
-1.561592	274	100
-1.5612862	234	100
-1.5603537	288	100
-1.5000898	216	100
-1.5001183	418	100
-1.5001968	304	100
-1.5616756	277	100
-1.5000322	256	100
-1.4999323	305	100
-1.5001407	253	100
-1.4996125	189	100
-1.4999224	270	100
-1.5615307	309	100
-1.5001585	315	100
-1.5001	341	100
-1.4999086	349	100
-1.5001511	379	100
-1.5000546	235	100
-1.5001203	255	100
-1.5617063	374	100
-1.5618862	261	100
-1.4998733	268	100
-1.5002818	207	100
-1.5616648	264	100
-1.5618945	284	100
-1.561578	286	100
-1.5611752	215	100
-1.4999015	251	100
-1.5001011	284	100
-1.4997693	321	100
-1.499865	266	100
-1.4999504	253	100
-1.5003221	250	100
-1.5612134	404	100
-1.561676	246	100
-1.5000368	299	100
-1.5614867	312	100
-1.4999944	307	100
-1.5614622	338	100
-1.5000024	254	100
-1.5617041	398	100
-1.4998903	166	100
-1.4999502	286	100
-1.5001551	317	100
-1.5001229	276	100
-1.4997886	260	100
-1.5000628	363	100
-1.5001701	257	100
-1.5614916	247	100
-1.4999787	281	100
-1.5614331	288	100
-1.5616789	186	100
-1.5003256	334	100
-1.5000921	251	100
-1.5000019	216	100
-1.5618513	211	100
-1.5002517	241	100
-1.4999834	348	100
-1.4999887	338	100
-1.5001623	322	100
-1.4998293	317	100
-1.5001281	178	100
-1.4998384	189	100
-1.5615029	328	100
-1.5000083	193	100
-1.5616746	305	100
-1.5000085	190	100
-1.5001004	219	100
-1.5617711	330	100
-1.4998683	278	100
-1.561576	195	100
-1.5619321	218	100
-1.5615595	349	100
-1.4999267	234	100
-1.5615885	323	100
-1.5615912	290	100
-1.5619255	500	100
-1.4997753	331	100
-1.4999363	244	100
-1.5616403	298	100
-1.5001721	285	100
-1.500227	227	100
-1.5000222	290	100
-1.5000377	266	100
-1.5002988	219	100
-1.4999211	257	100
-1.5620132	491	100
-1.500115	222	100
-1.50007	310	100
-1.5615108	306	100
-1.5000631	223	100
-1.5616786	250	100
-1.4998482	199	100
-1.5614214	389	100
-1.499887	316	100
-1.5617794	343	100
-1.4999929	367	100
-1.4999802	231	100
-1.5001751	404	100
-1.5001615	360	100
-1.5001784	269	100
-1.5617273	348	100
-1.5619961	331	100
-1.5614069	317	100
-1.5614132	352	100
-1.5612754	294	100
-1.5000115	238	100
-1.5613953	394	100
-1.5001957	215	100
-1.5000764	318	100
-1.4997903	284	100
-1.561596	361	100
-1.5613818	303	100
-1.4999891	383	100
-1.4996487	309	100
-1.4999518	258	100
-1.4999093	252	100
-1.4999463	385	100
-1.4997652	238	100
-1.499923	227	100
-1.4996951	186	100
-1.5000694	233	100
-1.5000544	236	100
-1.5001458	216	100
-1.5000505	252	100
-1.499985	254	100
-1.5614299	238	100
-1.4997938	217	100
-1.5613461	331	100
-1.5000315	281	100
-1.4999648	254	100
-1.4999248	144	100
-1.4999029	249	100
-1.56097	284	100
-1.5001502	185	100
-1.5617492	324	100
-1.5003017	271	100
-1.4999419	215	100
-1.4999845	395	100
-1.5000305	400	100
-1.4999296	207	100
-1.5617371	313	100
-1.5618689	363	100
-1.500121	302	100
-1.5615681	291	100
-1.4997933	299	100
-1.4999894	283	100
-1.5001594	407	100
-1.4998115	352	100
-1.5000603	234	100
-1.5000864	183	100
-1.5618266	349	100
-1.5002885	341	100
-1.5002669	230	100
-1.5000027	228	100
-1.5000028	260	100
-1.5613538	260	100
-1.5000534	339	100
-1.5615408	292	100
-1.4999306	284	100
-1.4999822	214	100
-1.561497	229	100
-1.5615767	233	100
-1.4999825	375	100
-1.5616631	177	100
-1.5616266	288	100
-1.4999931	337	100
-1.4997892	314	100
-1.5000914	329	100
-1.5615005	303	100
-1.5000739	211	100
-1.5615205	310	100
-1.5000983	268	100
-1.5614839	194	100
-1.5000985	341	100
-1.5610503	191	100
-1.4998315	168	100
-1.5002409	271	100
-1.4999654	189	100
-1.4998276	248	100
-1.5614246	326	100
-1.5002279	238	100
-1.5616174	282	100
-1.5614807	355	100
-1.5614453	309	100
-1.5001596	193	100
-1.4999274	264	100
-1.5615737	213	100
-1.499918	331	100
-1.5616472	298	100
-1.5001205	351	100
-1.4999251	374	100
-1.4999047	287	100
-1.5002139	339	100
-1.5616525	288	100
-1.5001474	343	100
-1.4998423	208	100
-1.4998064	332	100
-1.5601781	348	100
-1.5615752	194	100
-1.4997251	258	100
-1.4998728	275	100
-1.4999982	235	100
-1.5614415	312	100
-1.4998868	368	100
-1.5613423	279	100
-1.5000212	347	100
-1.4999269	260	100
-1.5000581	354	100
-1.5616771	346	100
-1.500139	246	100
-1.5616838	339	100
-1.5000647	223	100
-1.5611096	325	100
-1.4998821	165	100
-1.5613829	423	100
-1.5613403	308	100
-1.5000781	268	100
-1.5615146	192	100
-1.5616966	296	100
-1.4998971	312	100
-1.4997867	225	100
-1.5616278	339	100
-1.4999717	320	100
-1.5614809	327	100
-1.5000342	319	100
-1.5615435	366	100
-1.5617213	384	100
-1.5611724	269	100
-1.561737	344	100
-1.561397	332	100
-1.5002517	310	100
-1.5613683	337	100
-1.5000261	288	100
-1.5001481	275	100
-1.5000333	197	100
-1.5616029	327	100
-1.5615152	292	100
-1.5000808	327	100
-1.5616862	300	100
-1.4998195	282	100
-1.500157	242	100
-1.4999152	207	100
-1.5000555	187	100
-1.5614885	284	100
-1.5613997	297	100
-1.5003298	160	100
-1.4998658	229	100
-1.5616218	276	100
-1.5000785	318	100
-1.5612009	319	100
-1.5001754	312	100
-1.500025	234	100
-1.5003289	363	100
-1.4999755	297	100
-1.5003136	278	100
-1.500222	383	100
-1.5616549	361	100
-1.5000973	228	100
-1.5612902	335	100
-1.561974	202	100
-1.4996519	367	100
-1.499538	246	100
-1.5001352	235	100
-1.4998574	229	100
-1.5615018	323	100
-1.5614168	288	100
-1.500113	286	100
-1.499816	195	100
-1.5617337	302	100
-1.4998972	215	100
-1.5614853	201	100
-1.499682	279	100
-1.4998864	247	100
-1.5609748	308	100
-1.5616447	350	100
-1.4999706	256	100
-1.4998096	338	100
-1.4998461	338	100
-1.5614691	311	100
-1.5001557	321	100
-1.5001556	168	100
-1.5613214	227	100
-1.5616714	243	100
-1.561464	386	100
-1.5614555	250	100
-1.5617189	296	100
-1.5616462	260	100
-1.499858	307	100
-1.4999835	244	100
-1.5003361	293	100
-1.5001671	220	100
-1.4997494	366	100
-1.5001043	200	100
-1.5617393	329	100
-1.5616592	223	100
-1.4998607	310	100
-1.5615345	281	100
-1.5615875	393	100
-1.5617025	312	100
-1.5000814	308	100
-1.56149	294	100
-1.5616213	255	100
-1.4999326	356	100
-1.499862	263	100
-1.5000611	240	100
-1.4998322	295	100
-1.4996863	290	100
-1.5617745	247	100
-1.5001225	349	100
-1.5614952	270	100
-1.5618212	332	100
-1.5002334	315	100
-1.5001246	175	100
-1.5620003	304	100
-1.5001565	243	100
-1.4999102	258	100
-1.5613754	285	100
-1.4996248	284	100
-1.4999751	348	100
-1.500042	320	100
-1.4997792	374	100
-1.4999095	256	100
-1.4999509	301	100
-1.5000961	307	100
-1.561819	235	100
-1.5001594	300	100
-1.5615714	325	100
-1.5000169	404	100
-1.5612223	297	100
-1.5615391	355	100
-1.5004437	325	100
-1.5001054	234	100
-1.4998062	257	100
-1.5618235	411	100
-1.5000399	262	100
-1.4998966	226	100
-1.5000941	386	100
-1.5618374	269	100
-1.4997945	285	100
-1.5616033	296	100
-1.5001335	317	100
-1.4996599	304	100
-1.5614211	333	100
-1.5000225	364	100
-1.5000021	280	100
-1.5616743	283	100
-1.499884	303	100
-1.5614705	421	100
-1.4998734	299	100
-1.5000179	320	100
-1.5616796	219	100
-1.5617674	380	100
-1.5001049	186	100
-1.5610425	276	100
-1.5614949	326	100
-1.5615879	269	100
-1.49986	325	100
-1.4999489	296	100
-1.4999831	344	100
-1.5613926	363	100
-1.5618842	310	100
-1.5000026	218	100
-1.5000078	178	100
-1.5618826	359	100
-1.5614075	265	100
-1.5000628	311	100
-1.5617469	281	100
-1.5000283	269	100
-1.499948	387	100
-1.499719	240	100
-1.5001888	276	100
-1.5614978	306	100
-1.5615816	321	100
-1.4999565	323	100
-1.5001054	243	100
-1.5001368	293	100
-1.5615433	274	100
-1.500156	236	100
-1.5615975	391	100
-1.5616372	351	100
-1.5002859	227	100
-1.5001913	312	100
-1.5614112	256	100
-1.5616984	320	100
-1.5615997	254	100
-1.5002065	195	100
-1.5001739	206	100
-1.4999812	253	100
-1.5616322	287	100
-1.5001157	335	100
-1.5616533	315	100
-1.5616216	258	100
-1.4999298	410	100
-1.4998782	220	100
-1.5020732	308	100
-1.5000889	211	100
-1.4998302	160	100
-1.5000153	228	100
-1.5614352	260	100
-1.5003544	188	100
-1.5615845	248	100
-1.4999347	197	100
-1.5000344	258	100
-1.5610949	181	100
-1.5000906	296	100
-1.4998434	241	100
-1.5612449	352	100
-1.5615176	295	100
-1.500096	273	100
-1.5615927	361	100
-1.5616042	201	100
-1.4998255	267	100
-1.5608845	415	100
-1.5620487	329	100
-1.5001415	217	100
-1.5614599	300	100
-1.5614248	372	100
-1.5613921	426	100
-1.5001339	169	100
-1.5001022	243	100
-1.5613768	311	100
-1.4999314	330	100
-1.5581073	295	100
-1.5611494	323	100
-1.5000041	180	100
-1.5615829	300	100
-1.5614435	243	100
-1.499785	244	100
-1.500344	359	100
-1.5618436	315	100
-1.5611584	302	100
-1.5000967	160	100
-1.5001182	300	100
-1.5003254	303	100
-1.5614717	278	100
-1.5614518	224	100
-1.561626	340	100
-1.5612166	306	100
-1.4997293	205	100
-1.4998225	453	100
-1.4999936	273	100
-1.561821	208	100
-1.5619275	270	100
-1.5613656	319	100
-1.4998004	177	100
-1.561299	269	100
-1.4998712	307	100
-1.5000503	297	100
-1.5616462	397	100
-1.4997512	372	100
-1.4999913	283	100
-1.4999219	231	100
-1.5616029	315	100
-1.4998834	232	100
-1.5001384	252	100
-1.4996627	167	100
-1.5003168	243	100
-1.4999474	244	100
-1.5614244	278	100
-1.4998629	239	100
-1.5001347	249	100
-1.499952	226	100
-1.5615698	278	100
-1.5614546	227	100
-1.5614756	345	100
-1.5000303	237	100
-1.5617297	280	100
-1.5000591	370	100
-1.499683	217	100
-1.5000283	289	100
-1.561474	222	100
-1.5617599	254	100
-1.5002295	180	100
-1.5620287	234	100
-1.4998597	202	100
-1.5614849	366	100
-1.5614062	266	100
-1.5614693	404	100
-1.5617414	231	100
-1.5616826	331	100
-1.4999465	203	100
-1.5613149	373	100
-1.4998569	300	100
-1.5616175	403	100
-1.5000787	302	100
-1.5000573	282	100
-1.4997671	267	100
-1.4997146	245	100
-1.5000498	298	100
-1.5000783	255	100
-1.499957	353	100
-1.5000001	198	100
-1.5108563	417	100
-1.5001231	356	100
-1.5617	382	100
-1.5617615	272	100
-1.5609531	318	100
-1.5619506	348	100
-1.4999471	261	100
-1.4999291	248	100
-1.5619285	313	100
-1.4998278	239	100
-1.5002653	332	100
-1.5613722	335	100
-1.4998802	249	100
-1.5615483	278	100
-1.4998565	351	100
-1.5000332	289	100
-1.4998437	218	100
-1.5613922	209	100
-1.4997437	259	100
-1.5002645	388	100
-1.5000091	289	100
-1.500062	315	100
-1.5615821	336	100
-1.5615043	341	100
-1.5618043	244	100
-1.5000009	294	100
-1.4997202	216	100
-1.5000351	265	100
-1.4997398	400	100
-1.5616422	271	100
-1.5000822	255	100
-1.5613542	237	100
-1.4999945	248	100
-1.4997814	240	100
-1.5617373	197	100
-1.5616576	369	100
-1.5001964	175	100
-1.5001721	372	100
-1.5618746	283	100
-1.4999363	173	100
-1.56131	271	100
-1.5613945	229	100
-1.5000321	371	100
-1.5002709	271	100
-1.5617077	254	100
-1.5616534	309	100
-1.5003902	329	100
-1.5612344	327	100
-1.5613806	307	100
-1.499851	300	100
-1.4998789	227	100
-1.5615471	435	100
-1.4999763	256	100
-1.49983	226	100
-1.5001975	262	100
-1.4998802	362	100
-1.5000405	316	100
-1.561627	382	100
-1.4999294	260	100
-1.5616497	214	100
-1.5614635	254	100
-1.4999544	188	100
-1.5615993	238	100
-1.5002127	204	100
-1.5617579	228	100
-1.4996645	295	100
-1.4998746	290	100
-1.5612384	299	100
-1.4999734	325	100
-1.5613648	237	100
-1.5000447	296	100
-1.5616109	282	100
-1.4999306	202	100
-1.5615956	311	100
-1.4998704	323	100
-1.5613663	231	100
-1.5616582	388	100
-1.5612083	295	100
-1.5000413	243	100
-1.5003308	246	100
-1.5610482	293	100
-1.4997655	325	100
-1.5000123	280	100
-1.5611803	366	100
-1.4997413	327	100
-1.561642	418	100
-1.5613896	318	100
-1.5617524	333	100
-1.499884	273	100
-1.5000296	283	100
-1.5000508	305	100
-1.5615929	249	100
-1.4997224	277	100
-1.5617259	230	100
-1.4998387	388	100
-1.5001254	260	100
-1.4998809	305	100
-1.4999169	196	100
-1.4999437	211	100
-1.5616776	282	100
-1.5615355	238	100
-1.5613559	278	100
-1.5001545	277	100
-1.5000123	211	100
-1.4999757	290	100
-1.4997586	336	100
-1.5619581	265	100
-1.4999662	301	100
-1.5612602	296	100
-1.4996451	360	100
-1.5000604	165	100
-1.4997648	414	100
-1.4997782	278	100
-1.4997716	239	100
-1.4999096	244	100
-1.5003766	275	100
-1.500012	214	100
-1.5614871	333	100
-1.4999711	235	100
-1.5001736	306	100
-1.5001751	211	100
-1.5001098	373	100
-1.4999914	284	100
-1.5000791	286	100
-1.5002746	259	100
-1.561605	290	100
-1.4998935	265	100
-1.5617021	356	100
-1.5617418	205	100
-1.5001407	301	100
-1.5613018	270	100
-1.5617266	239	100
-1.5616313	273	100
-1.5613823	383	100
-1.5620455	219	100
-1.4998532	354	100
-1.5613858	382	100
-1.499971	281	100
-1.5000001	215	100
-1.5615263	209	100
-1.5616856	293	100
-1.5003408	219	100
-1.5617632	211	100
-1.5001456	241	100
-1.561412	232	100
-1.5619276	268	100
-1.5000396	338	100
-1.5614525	335	100
-1.5611907	421	100
-1.5613903	315	100
-1.4999918	211	100
-1.4999667	309	100
-1.5000252	227	100
-1.5005319	316	100
-1.4997497	266	100
-1.5612744	406	100
-1.5001359	315	100
-1.5001423	224	100
-1.4998083	331	100
-1.4999545	251	100
-1.5616582	419	100
-1.5616306	310	100
-1.5000222	189	100
-1.5000005	281	100
-1.5617744	280	100
-1.5614544	196	100
-1.5001647	187	100
-1.5616404	265	100
-1.5000977	242	100
-1.4998692	224	100
-1.5002653	394	100
-1.5615936	249	100
-1.4997084	189	100
-1.4999986	300	100
-1.5615075	197	100
-1.5615051	223	100
-1.5614054	266	100
-1.5612928	374	100
-1.4998374	305	100
-1.4998593	364	100
-1.5614524	299	100
-1.5616474	327	100
-1.5002325	304	100
-1.5616227	318	100
-1.5616668	266	100
-1.5000581	289	100
-1.561562	257	100
-1.5000674	215	100
-1.5000597	264	100
-1.5613666	331	100
-1.561283	345	100
-1.5617236	399	100
-1.5615957	288	100
-1.5000703	302	100
-1.4999603	309	100
-1.4998713	216	100
-1.5615409	272	100
-1.4998955	229	100
-1.4999867	314	100
-1.4998983	261	100
-1.5002769	255	100
-1.5000155	365	100
-1.4999913	277	100
-1.4999908	224	100
-1.5419513	327	100
-1.5613181	356	100
-1.5000261	223	100
-1.4997205	350	100
-1.499707	274	100
-1.4997092	172	100
-1.5611737	254	100
-1.4999524	281	100
-1.4999887	270	100
-1.5617296	386	100
-1.5002195	360	100
-1.5004012	378	100
-1.4997358	296	100
-1.561339	270	100
-1.5001612	273	100
-1.499874	241	100
-1.5614824	258	100
-1.4999722	181	100
-1.5000844	381	100
-1.5002177	245	100
-1.4998045	318	100
-1.5001695	349	100
-1.5618204	331	100
-1.4997255	336	100
-1.5001176	232	100
-1.4999649	341	100
-1.5615061	264	100
-1.5610754	333	100
-1.5614224	328	100
-1.5614485	283	100
-1.5001953	290	100
-1.4999675	419	100
-1.5615507	392	100
-1.4999677	310	100
-1.4998942	308	100
-1.5612581	399	100
-1.5000666	404	100
-1.5612847	351	100
-1.5002023	228	100
-1.5616285	430	100
-1.5616143	287	100
-1.5002174	217	100
-1.4997939	282	100
-1.5612026	226	100
-1.5618699	333	100
-1.4999299	295	100
-1.4998424	228	100
-1.5615607	220	100
-1.49987	320	100
-1.5612853	289	100
-1.561388	309	100
-1.5000131	257	100
-1.5612148	388	100
-1.5002443	282	100
-1.5613349	313	100
-1.5000216	353	100
-1.4997453	230	100
-1.5617136	278	100
-1.5618477	432	100
-1.4998715	304	100
-1.5613583	253	100
-1.5000115	293	100
-1.4997705	322	100
-1.4999454	306	100
-1.5616084	220	100
-1.5000647	336	100
-1.4999336	195	100
-1.5615368	277	100
-1.5613385	206	100
-1.4998083	318	100
-1.4998714	309	100
-1.561294	389	100
-1.504013	264	100
-1.5616687	429	100
-1.5615006	423	100
-1.4998311	296	100
-1.500201	245	100
-1.5613697	379	100
-1.4999402	286	100
-1.5620056	343	100
-1.5611647	312	100
-1.5000033	266	100
-1.5617336	382	100
-1.561741	230	100
-1.4998904	247	100
-1.5613976	229	100
-1.561522	230	100
-1.5616989	382	100
-1.5616139	227	100
-1.5617696	242	100
-1.500049	251	100
-1.5001244	281	100
-1.5001391	301	100
-1.5000588	320	100
-1.5614614	234	100
-1.4997371	290	100
-1.5615783	235	100
-1.4999966	374	100
-1.5609955	249	100
-1.4998651	249	100
-1.4997746	351	100
-1.4999423	192	100
-1.5615883	413	100
-1.5615541	351	100
-1.5615315	223	100
-1.5001749	266	100
-1.5001695	314	100
-1.5000583	271	100
-1.5616987	303	100
-1.5617355	348	100
-1.561498	293	100
-1.4999991	217	100
-1.5001436	261	100
-1.4999123	323	100
-1.5616798	362	100
-1.5614995	319	100
-1.5000411	260	100
-1.4997539	340	100
-1.5000907	283	100
-1.4998962	171	100
-1.4998442	286	100
-1.4997973	273	100
-1.4999578	221	100
-1.5001747	214	100
-1.4996327	306	100
-1.4998882	300	100
-1.5617416	291	100
-1.5617222	379	100
-1.4999863	300	100
-1.5001948	239	100
-1.5617476	304	100
-1.4999834	251	100
-1.5615017	315	100
-1.5612797	348	100
-1.5616553	374	100
-1.5614058	230	100
-1.5001843	375	100
-1.5617531	338	100
-1.499775	314	100
-1.5609049	352	100
-1.4997946	354	100
-1.5000164	224	100
-1.500272	282	100
-1.4996411	369	100
-1.561565	282	100
-1.5000052	285	100
-1.5615753	378	100
-1.5001884	331	100
-1.5616784	245	100
-1.561293	363	100
-1.5002166	225	100
-1.4998959	233	100
-1.5607571	361	100
-1.500105	184	100
-1.4998511	326	100
-1.4999753	192	100
-1.499835	243	100
-1.5001405	219	100
-1.4998629	248	100
-1.56145	263	100
-1.5001331	249	100
-1.49998	324	100
-1.5614145	256	100
-1.5615581	330	100
-1.5002117	209	100
-1.4999658	261	100
-1.5001177	263	100
-1.5001465	330	100
-1.561498	250	100
-1.499929	248	100
-1.5614059	321	100
-1.4998461	215	100
-1.5617816	352	100
-1.5615926	327	100
-1.5000408	332	100
-1.5001918	313	100
-1.561616	226	100
-1.500212	255	100
-1.4999284	437	100
-1.5616378	232	100
-1.5616209	238	100
-1.5001937	368	100
-1.4997111	244	100
-1.499835	220	100
-1.56156	324	100
-1.5616047	312	100
-1.5615021	422	100
-1.5615346	305	100
-1.561615	236	100
-1.5614553	271	100
-1.5001426	252	100
-1.4999819	345	100
-1.5615038	240	100
-1.5614716	305	100
-1.5613936	306	100
-1.5613898	328	100
-1.4999449	246	100
-1.5612967	308	100
-1.561671	395	100
-1.4998153	372	100
-1.4999763	202	100
-1.5616782	328	100
-1.4999432	236	100
-1.5001264	320	100
-1.5613008	308	100
-1.4999127	262	100
-1.4999097	235	100
-1.561734	290	100
-1.5616212	286	100
-1.4998655	247	100
-1.4998417	235	100
-1.499878	270	100
-1.5001092	283	100
-1.5614404	318	100
-1.4997954	248	100
-1.5617562	312	100
-1.5003329	190	100
-1.4998715	359	100
-1.4998224	284	100
-1.5614618	282	100
-1.5614458	250	100
-1.4994981	205	100
-1.4999225	204	100
-1.5615325	344	100
-1.5611633	388	100
-1.4998231	248	100
-1.499835	232	100
-1.5003859	401	100
-1.5002751	388	100
-1.5613284	354	100
-1.5000953	212	100
-1.5002379	345	100
-1.5616003	285	100
-1.499975	260	100
-1.5000304	237	100
-1.561622	288	100
-1.5000419	208	100
-1.5000273	212	100
-1.4998932	267	100
-1.5614097	275	100
-1.5611571	341	100
-1.5614161	322	100
-1.5000652	283	100
-1.4999913	212	100
-1.5617726	260	100
-1.5000777	243	100
-1.500149	207	100
-1.50007	424	100
-1.4999219	201	100
-1.4997452	227	100
-1.5617052	190	100
-1.5615909	224	100
-1.4995935	284	100
-1.5618441	323	100
-1.5001963	207	100
-1.4997323	294	100
-1.5614346	330	100
-1.5000309	349	100
-1.4996844	336	100
-1.4997652	258	100
-1.5612284	299	100
-1.4999435	266	100
-1.4999909	191	100
-1.5614085	249	100
-1.499817	249	100
-1.560561	372	100
-1.5616922	426	100
-1.4997126	305	100
-1.5003638	255	100
-1.499946	243	100
-1.4996137	316	100
-1.5001125	214	100
-1.5616686	162	100
-1.5616318	346	100
-1.5000905	303	100
-1.5000257	172	100
-1.4997676	427	100
-1.4999392	223	100
-1.561293	434	100
-1.5000077	300	100
-1.4998246	276	100
-1.5000473	258	100
-1.5618879	307	100
-1.5000157	258	100
-1.4997518	224	100
-1.561552	290	100
-1.4999556	351	100
-1.5617878	322	100
-1.5612668	324	100
-1.5616099	308	100
-1.4998673	324	100
-1.5613968	319	100
-1.5003028	234	100
-1.500131	220	100
-1.5000339	299	100
-1.4998199	232	100
-1.4999258	290	100
-1.5002001	283	100
-1.5614736	355	100
-1.5000687	439	100
-1.5610928	324	100
-1.5617698	188	100
-1.5613912	322	100
-1.4997468	270	100
-1.5002311	375	100
-1.4999277	247	100
-1.4998707	350	100
-1.5617533	344	100
-1.5615857	326	100
-1.4997871	266	100
-1.5614762	292	100
-1.4996053	263	100
-1.5612764	217	100
-1.5618111	340	100
-1.5614675	279	100
-1.561223	402	100
-1.5616476	253	100
-1.5613156	355	100
-1.56034	385	100
-1.5617487	345	100
-1.5614127	311	100
-1.5000648	320	100
-1.5611802	305	100
-1.4998012	229	100
-1.4999489	384	100
-1.5000437	203	100
-1.5000093	285	100
-1.4999664	223	100
-1.4996448	350	100
-1.5517016	346	100
-1.5611275	414	100
-1.4999997	209	100
-1.4999672	186	100
-1.5615993	310	100
-1.4999116	208	100
-1.5002877	264	100
-1.5000523	283	100
-1.5618663	311	100
-1.5615864	292	100
-1.561562	247	100
-1.5615194	322	100
-1.4998256	377	100
-1.56133	275	100
-1.4997554	239	100
-1.4999469	193	100
-1.5615621	275	100
-1.5615656	300	100
-1.5611641	367	100
-1.4999449	232	100
-1.5000425	222	100
-1.5002521	247	100
-1.5618354	286	100
-1.5001775	269	100
-1.4999399	393	100
-1.5613372	326	100
-1.499859	243	100
-1.5612708	302	100
-1.5614083	348	100
-1.5616239	252	100
-1.5001659	326	100
-1.5615545	272	100
-1.4998973	299	100
-1.4999047	227	100
-1.5612558	275	100
-1.5613599	331	100
-1.5615244	295	100
-1.5001293	225	100
-1.5616232	257	100
-1.5001925	311	100
-1.561442	292	100
-1.4999553	252	100
-1.499846	259	100
-1.5001108	333	100
-1.5614364	357	100
-1.5001221	333	100
-1.5617347	265	100
-1.500062	429	100
-1.5612956	260	100
-1.5616254	281	100
-1.4998512	304	100
-1.4996907	257	100
-1.4999684	374	100
-1.5001922	352	100
-1.5004454	227	100
-1.4998819	187	100
-1.5001953	224	100
-1.5614101	333	100
-1.4997521	290	100
-1.5614349	285	100
-1.4998235	270	100
-1.5614817	230	100
-1.5615445	285	100
-1.4999853	261	100
-1.4998457	303	100
-1.4997727	268	100
-1.5000092	388	100
-1.4995779	188	100
-1.4999803	269	100
-1.561905	235	100
-1.4999562	217	100
-1.5001635	206	100
-1.5616586	259	100
-1.5614132	298	100
-1.5001878	187	100
-1.525459	411	100
-1.5615094	249	100
-1.5000406	329	100
-1.5000604	222	100
-1.561519	305	100
-1.5615035	298	100
-1.5618217	282	100
-1.5614252	247	100
-1.5616473	324	100
-1.5000249	335	100
-1.5616148	265	100
-1.5612983	260	100
-1.4999412	276	100
-1.5003761	218	100
-1.5612724	341	100
-1.5012318	330	100
-1.5000171	361	100
-1.499906	270	100
-1.5616043	343	100
-1.5614951	326	100
-1.5000754	243	100
-1.5177068	313	100
-1.5000369	219	100
-1.500289	309	100
-1.499935	290	100
-1.4999042	207	100
-1.5000747	362	100
-1.5613874	315	100
-1.4999774	196	100
-1.5000634	297	100
-1.500097	347	100
-1.5613329	286	100
-1.5614272	342	100
-1.5615115	372	100
-1.5001055	217	100
-1.5613602	264	100
-1.5000779	300	100
-1.4997566	357	100
-1.5615554	217	100
-1.5611388	351	100
-1.5001217	384	100
-1.5616743	429	100
-1.5617752	415	100
-1.4998989	233	100
-1.5001579	251	100
-1.5616686	380	100
-1.5000932	279	100
-1.5002181	352	100
-1.5611757	351	100
-1.5000605	315	100
-1.4997688	203	100
-1.5001866	298	100
-1.5614007	350	100
-1.49993	270	100
-1.5618721	363	100
-1.5615864	240	100
-1.4999377	273	100
-1.5614881	318	100
-1.5615999	199	100
-1.4997304	202	100
-1.5000913	301	100
-1.5612456	363	100
-1.5616942	238	100
-1.5598462	329	100
-1.4997865	299	100
-1.499992	256	100
-1.5000874	293	100
-1.5001101	235	100
-1.5001137	228	100
-1.5614472	204	100
-1.4998893	243	100
-1.4998388	304	100
-1.5614169	261	100
-1.5616251	234	100
-1.5616891	426	100
-1.5002479	251	100
-1.561064	348	100
-1.5617415	381	100
-1.5614031	338	100
-1.5615277	291	100
-1.5000569	271	100
-1.5002846	256	100
-1.4997462	223	100
-1.500003	227	100
-1.5617845	212	100
-1.5002042	400	100
-1.5001652	325	100
-1.5614408	314	100
-1.5610788	347	100
-1.5616614	327	100
-1.5001469	321	100
-1.5002309	232	100
-1.5000679	285	100
-1.5616336	386	100
-1.5000544	309	100
-1.5614123	339	100
-1.5617126	375	100
-1.5001204	243	100
-1.5614188	289	100
-1.5615006	271	100
-1.5001329	345	100
-1.5215727	287	100
-1.5002285	266	100
-1.5000672	265	100
-1.4999022	190	100
-1.4998822	268	100
-1.561461	296	100
-1.5606914	446	100
-1.5614906	327	100
-1.5612988	258	100
-1.5616461	274	100
-1.5617555	230	100
-1.5000111	283	100
-1.5616348	292	100
-1.5614117	368	100
-1.5618284	301	100
-1.5001704	245	100
-1.4999843	227	100
-1.5001823	195	100
-1.5612916	261	100
-1.5612766	267	100
-1.5618351	379	100
-1.559839	426	100
-1.5616381	376	100
-1.5617286	244	100
-1.4999938	237	100
-1.4998717	310	100
-1.5615675	267	100
-1.5612619	375	100
-1.5612383	373	100
-1.5616675	308	100
-1.4999849	393	100
-1.5615525	370	100
-1.5607286	383	100
-1.5000678	172	100
-1.4997542	180	100
-1.5613897	314	100
-1.5615188	406	100
-1.5001454	244	100
-1.5614281	273	100
-1.4999079	350	100
-1.5001771	257	100
-1.5001461	289	100
-1.561559	348	100
-1.5000306	273	100
-1.4999136	337	100
-1.5614024	320	100
-1.5000338	341	100
-1.4998028	243	100
-1.5613575	322	100
-1.5000048	331	100
-1.5001487	284	100
-1.5612875	248	100
-1.561553	353	100
-1.5003331	265	100
-1.5000009	238	100
-1.4997322	302	100
-1.4995945	298	100
-1.5000726	387	100
-1.5617306	267	100
-1.5615483	217	100
-1.5000856	365	100
-1.5001755	310	100
-1.5614161	292	100
-1.5616793	325	100
-1.4998576	202	100
-1.561713	277	100
-1.4999817	265	100
-1.5616065	308	100
-1.5001003	205	100
-1.4997422	265	100
-1.5613137	292	100
-1.5614289	195	100
-1.4998522	292	100
-1.4998001	292	100
-1.5612074	353	100
-1.5617577	344	100
-1.4998322	259	100
-1.5001759	243	100
-1.5615247	309	100
-1.5609673	354	100
-1.4999356	186	100
-1.5611711	276	100
-1.5000859	286	100
-1.5003414	301	100
-1.5616263	335	100
-1.5616103	343	100
-1.5001098	314	100
-1.5616576	211	100
-1.5614612	247	100
-1.4998139	466	100
-1.5612648	378	100
-1.5000182	239	100
-1.5615475	225	100
-1.5000127	293	100
-1.4998829	282	100
-1.4999867	301	100
-1.4999808	265	100
-1.500199	327	100
-1.4999429	285	100
-1.5000473	215	100
-1.5000732	379	100
-1.5001303	290	100
-1.5000919	378	100
-1.5616867	267	100
-1.4998322	244	100
-1.5615722	340	100
-1.4999032	305	100
-1.4999584	222	100
-1.5615276	249	100
-1.5613864	313	100
-1.4999705	218	100
-1.5615692	317	100
-1.5611275	341	100
-1.4999146	177	100
-1.5001277	240	100
-1.5617481	305	100
-1.5000386	266	100
-1.5000037	262	100
-1.4999693	329	100
-1.499659	244	100
-1.50038	330	100
-1.5612586	436	100
-1.4999727	298	100
-1.4999538	263	100
-1.4999347	212	100
-1.5616351	312	100
-1.5001167	334	100
-1.5615148	340	100
-1.5000027	275	100
-1.4997768	220	100
-1.5000361	261	100
-1.5613974	306	100
-1.4997668	273	100
-1.5618411	374	100
-1.4999495	287	100
-1.5597553	392	100
-1.5615736	275	100
-1.4999208	261	100
-1.4999505	310	100
-1.5616393	283	100
-1.4998032	205	100
-1.5616509	378	100
-1.5613405	209	100
-1.5610917	414	100
-1.5000644	230	100
-1.5613711	288	100
-1.5001377	339	100
-1.5615111	349	100
-1.4998542	284	100
-1.4999195	290	100
-1.5614948	291	100
-1.5001461	182	100
-1.5616469	336	100
-1.5617659	394	100
-1.5614716	280	100
-1.4999787	318	100
-1.4999086	311	100
-1.5002171	245	100
-1.5618178	257	100
-1.5616281	286	100
-1.4999967	375	100
-1.500012	270	100
-1.5618503	203	100
-1.499859	214	100
-1.5001395	259	100
-1.5613591	297	100
-1.5614866	264	100
-1.5000809	285	100
-1.5000796	201	100
-1.561578	284	100
-1.4997298	296	100
-1.5615714	418	100
-1.5612849	272	100
-1.5614805	252	100
-1.5001131	392	100
-1.4999484	217	100
-1.4998827	291	100
-1.5610726	250	100
-1.4998308	211	100
-1.5615976	225	100
-1.5000532	298	100
-1.5614357	375	100
-1.499903	197	100
-1.5614055	263	100
-1.5616558	316	100
-1.5616253	278	100
-1.561454	370	100
-1.500111	225	100
-1.5611024	452	100
-1.5609893	234	100
-1.5617502	290	100
-1.4998498	404	100
-1.4998829	182	100
-1.4999415	323	100
-1.5613552	282	100
-1.4999881	343	100
-1.5611352	310	100
-1.5000744	214	100
-1.4997921	252	100
-1.5612957	252	100
-1.5614956	372	100
-1.5000115	328	100
-1.5001136	276	100
-1.5001244	214	100
-1.5615148	420	100
-1.5002063	281	100
-1.4998341	291	100
-1.5615765	307	100
-1.5615688	457	100
-1.5001363	271	100
-1.5003385	316	100
-1.4998837	290	100
-0.5550202	332	100
-1.5000935	312	100
-1.5000714	227	100
-1.5002379	332	100
-1.5617805	338	100
-1.4997668	293	100
-1.5616094	317	100
-1.5614583	404	100
-1.4997333	343	100
-1.5000102	222	100
-1.5614684	285	100
-1.5614188	256	100
-1.4999622	312	100
-1.5616189	296	100
-1.5619449	371	100
-1.4996958	354	100
-1.5001958	336	100
-1.5000404	198	100
-1.5001097	301	100
-1.5000586	274	100
-1.5615491	347	100
-1.5612115	285	100
-1.5001116	338	100
-1.5000447	255	100
-1.4999446	296	100
-1.5002085	347	100
-1.4998002	347	100
-1.5612556	261	100
-1.5617919	338	100
-1.4996553	312	100
-1.5001199	294	100
-1.5612708	366	100
-1.5002721	327	100
-1.5001714	241	100
-1.5615104	264	100
-1.4999483	256	100
-1.5003162	249	100
-1.5615913	321	100
-1.5605288	360	100
-1.5001007	282	100
-1.5000115	207	100
-1.5621005	385	100
-1.5613992	301	100
-1.5613587	338	100
-1.5614911	349	100
-1.4996604	273	100
-1.499905	229	100
-1.5615434	456	100
-1.5614523	291	100
-1.5001371	297	100
-1.5000686	214	100
-1.4999943	239	100
-1.4999564	290	100
-1.4999332	212	100
-1.5000635	333	100
-1.5614822	332	100
-1.5616927	340	100
-1.4998659	257	100
-1.5616802	282	100
-1.5618164	200	100
-1.4999838	380	100
-1.4998538	303	100
-1.5004149	199	100
-1.5614917	179	100
-1.5000508	251	100
-1.4997747	319	100
-1.5002155	289	100
-1.5614756	294	100
-1.4999693	229	100
-1.5617858	271	100
-1.4998265	268	100
-1.5610143	264	100
-1.5000024	284	100
-1.5616414	198	100
-1.5614173	360	100
-1.5617734	252	100
-1.5000872	240	100
-1.5000066	247	100
-1.5611553	197	100
-1.5001678	284	100
-1.5615887	365	100
-1.4998593	362	100
-1.5001967	267	100
-1.5428437	361	100
-1.5002136	323	100
-1.5601973	280	100
-1.5614797	268	100
-1.4999839	213	100
-1.5000533	202	100
-1.5000528	209	100
-1.5001708	317	100
-1.4998017	328	100
-1.4999465	310	100
-1.5616925	337	100
-1.5617936	359	100
-1.4999976	216	100
-1.5002408	282	100
-1.5615013	365	100
-1.5000441	269	100
-1.5614848	258	100
-1.5001788	308	100
-1.500024	224	100
-1.5002196	288	100
-1.5614488	279	100
-1.5608098	312	100
-1.4996934	282	100
-1.5001621	267	100
-1.5000437	207	100
-1.5615733	377	100
-1.4998107	251	100
-1.5618997	368	100
-1.4997948	253	100
-1.5616605	377	100
-1.5000353	355	100
-1.4999795	373	100
-1.5618371	262	100
-1.5614726	302	100
-1.5615239	292	100
-1.5004041	320	100
-1.5003407	223	100
-1.5001558	292	100
-1.5000164	259	100
-1.5000263	298	100
-1.5616329	214	100
-1.5001291	229	100
-1.5618168	351	100
-1.4999623	366	100
-1.5000956	256	100
-1.5001412	229	100
-1.56099	375	100
-1.4986615	340	100
-1.5004383	270	100
-1.5000282	274	100
-1.5619358	366	100
-1.4999052	224	100
-1.4999646	340	100
-1.5001485	180	100
-1.4999444	294	100
-1.5614764	326	100
-1.5615654	213	100
-1.4997999	274	100
-1.4999398	295	100
-1.4999846	285	100
-1.5000539	299	100
-1.5000661	253	100
-1.4999856	400	100
-1.561464	318	100
-1.5000574	246	100
-1.5615078	290	100
-1.5612115	308	100
-1.561293	211	100
-1.5615161	316	100
-1.4998271	323	100
-1.5610542	421	100
-1.4999985	193	100
-1.5612752	184	100
-1.5616543	362	100
-1.561595	378	100
-1.4997521	353	100
-1.4999596	212	100
-1.5616458	210	100
-1.5614674	381	100
-1.5615907	285	100
-1.4998872	301	100
-1.5613498	346	100
-1.561473	232	100
-1.5000487	335	100
-1.5616117	343	100
-1.4999684	256	100
-1.4999342	236	100
-1.5608634	366	100
-1.4997839	227	100
-1.5613611	314	100
-1.5613914	451	100
-1.5001507	328	100
-1.500108	392	100
-1.4998243	306	100
-1.5001379	284	100
-1.5613621	398	100
-1.4998121	242	100
-1.5001708	273	100
-1.4997861	225	100
-1.4999539	277	100
-1.5000218	362	100
-1.4997687	269	100
-1.499966	263	100
-1.4999395	312	100
-1.5616185	337	100
-1.499929	293	100
-1.5615914	237	100
-1.4999274	314	100
-1.5002223	278	100
-1.4999761	221	100
-1.4997083	328	100
-1.5000725	292	100
-1.561773	394	100
-1.5000849	208	100
-1.5616425	313	100
-1.5615704	266	100
-1.4999928	253	100
-1.5001206	249	100
-1.5001675	281	100
-1.4998371	275	100
-1.5613706	349	100
-1.5615496	345	100
-1.5000575	245	100
-1.5616079	297	100
-1.5618084	385	100
-1.4999661	288	100
-1.5001474	371	100
-1.4999938	234	100
-1.4997425	377	100
-1.5002595	196	100
-1.4998821	242	100
-1.4998685	331	100
-1.5613659	205	100
-1.4998485	267	100
-1.4998804	253	100
-1.5000269	224	100
-1.4997751	325	100
-1.4998756	253	100
-1.5001232	263	100
-1.4998676	370	100
-1.500039	225	100
-1.561079	281	100
-1.5615977	285	100
-1.5618345	298	100
-1.5615227	246	100
-1.5001964	232	100
-1.5612412	418	100
-1.499728	337	100
-1.5616849	239	100
-1.50014	204	100
-1.5001995	193	100
-1.5615286	213	100
-1.4999671	345	100
-1.561814	388	100
-1.4998161	217	100
-1.5616311	234	100
-1.5617118	373	100
-1.500065	196	100
-1.5617642	391	100
-1.5616386	303	100
-1.5614838	310	100
-1.5618415	403	100
-1.5000545	192	100
-1.5000779	298	100
-1.5002825	223	100
-1.5000927	277	100
-1.5616899	309	100
-1.5615156	290	100
-1.5000474	239	100
-1.5615775	433	100
-1.500147	192	100
-1.4999809	271	100
-1.5000818	331	100
-1.5001103	184	100
-1.5615609	199	100
-1.4999739	289	100
-1.4999195	336	100
-1.5615405	237	100
-1.561518	376	100
-1.4997943	196	100
-1.561426	275	100
-1.4998285	272	100
-1.5615154	318	100
-1.4999964	195	100
-1.499964	317	100
-1.5000396	378	100
-1.5612977	311	100
-1.5001093	282	100
-1.4998648	186	100
-1.4997647	217	100
-1.5000152	240	100
-1.5001434	307	100
-1.5613328	350	100
-1.500023	287	100
-1.5001638	285	100
-1.561764	357	100
-1.560658	306	100
-1.4998115	345	100
-1.5613972	289	100
-1.5617062	338	100
-1.5000397	237	100
-1.5615518	287	100
-1.4996484	292	100
-1.561496	283	100
-1.5614464	316	100
-1.5614149	341	100
-1.561636	261	100
-1.50002	255	100
-1.4999446	242	100
-1.5614916	282	100
-1.5613918	265	100
-1.5614834	348	100
-1.4998307	239	100
-1.5617656	340	100
-1.4998741	287	100
-1.5615235	218	100
-1.5613126	394	100
-1.5615485	396	100
-1.5618073	290	100
-1.499913	307	100
-1.5616376	278	100
-1.561535	232	100
-1.4997815	251	100
-1.4999634	264	100
-1.4998279	305	100
-1.5618793	332	100
-1.5616058	268	100
-1.5614028	211	100
-1.5615495	285	100
-1.5000149	293	100
-1.561721	361	100
-1.4998099	289	100
-1.5619486	285	100
-1.5618535	281	100
-1.5000778	245	100
-1.5616842	288	100
-1.5614494	314	100
-1.5617266	279	100
-1.5001255	214	100
-1.4999819	301	100
-1.500105	265	100
-1.4999393	315	100
-1.5618555	336	100
-1.5000522	237	100
-1.5616706	274	100
-1.5617816	319	100
-1.5001357	280	100
-1.500186	213	100
-1.5613219	420	100
-1.5617806	241	100
-1.5000164	209	100
-1.4997404	344	100
-1.5000365	240	100
-1.5001929	395	100
-1.5615018	283	100
-1.5000089	275	100
-1.5615442	274	100
-1.4998918	284	100
-1.5611504	323	100
-1.5000957	252	100
-1.5002271	259	100
-1.5614718	338	100
-1.5001739	208	100
-1.5612312	366	100
-1.561623	345	100
-1.561687	332	100
-1.5000794	207	100
-1.5001057	229	100
-1.5000021	272	100
-1.5216118	306	100
-1.5613903	341	100
-1.4999777	278	100
-1.5614219	267	100
-1.4999472	326	100
-1.4998937	187	100
-1.5611242	311	100
-1.4999203	177	100
-1.4996527	373	100
-1.5615075	352	100
-1.5616162	262	100
-1.4999034	271	100
-1.5617772	247	100
-1.4998707	199	100
-1.5613851	251	100
-1.5619084	322	100
-1.4998333	216	100
-1.5615305	343	100
-1.499999	264	100
-1.4999041	251	100
-1.499995	350	100
-1.5615344	328	100
-1.5001456	182	100
-1.5615482	269	100
-1.4999323	203	100
-1.5000722	244	100
-1.4997971	347	100
-1.5613049	331	100
-1.4998353	235	100
-1.5000161	241	100
-1.5614167	297	100
-1.4998931	385	100
-1.5002395	270	100
-1.4998745	315	100
-1.5001619	289	100
-1.5001014	346	100
-1.5000242	343	100
-1.561853	382	100
-1.5617812	330	100
-1.5616571	244	100
-1.5614194	304	100
-1.5001939	237	100
-1.5617328	272	100
-1.5615529	339	100
-1.5000409	285	100
-1.4999846	335	100
-1.5613968	314	100
-1.5615153	311	100
-1.56127	248	100
-1.5000715	184	100
-1.4999646	198	100
-1.5619528	381	100
-1.561514	246	100
-1.4999249	224	100
-1.5616466	277	100
-1.5618563	238	100
-1.4996872	279	100
-1.5000158	338	100
-1.5617106	344	100
-1.4997268	210	100
-1.5615504	315	100
-1.561747	187	100
-1.4999768	288	100
-1.5000548	365	100
-1.500129	382	100
-1.4999501	306	100
-1.4997457	314	100
-1.4998599	371	100
-1.5002097	254	100
-1.5615453	394	100
-1.4999301	298	100
-1.5614428	324	100
-1.5001902	277	100
-1.5000526	228	100
-1.5602004	371	100
-1.5001389	245	100
-1.499731	245	100
-1.5001405	295	100
-1.4999942	210	100
-1.5000163	206	100
-1.5613885	339	100
-1.4996265	251	100
-1.5000399	377	100
-1.5618838	212	100
-1.5000045	262	100
-1.4999151	290	100
-1.5002239	185	100
-1.5001404	254	100
-1.4997626	248	100
-1.4999118	250	100
-1.4999226	302	100
-1.5001496	277	100
-1.5001163	426	100
-1.4997619	319	100
-1.5000093	299	100
-1.5617212	283	100
-1.5614938	302	100
-1.5616252	272	100
-1.500082	204	100
-1.5602938	278	100
-1.4998768	211	100
-1.4999424	248	100
-1.5001902	271	100
-1.5002189	208	100
-1.4997164	235	100
-1.5614671	354	100
-1.5617929	305	100
-1.4997732	317	100
-1.4999333	276	100
-1.5001126	376	100
-1.4999797	450	100
-1.500123	269	100
-1.5617608	296	100
-1.5000284	184	100
-1.5616818	237	100
-1.5615985	306	100
-1.5614619	253	100
-1.5615381	319	100
-1.5614306	276	100
-1.5001554	201	100
-1.5472789	360	100
-1.5613621	284	100
-1.4999128	367	100
-1.5614565	365	100
-1.5617812	357	100
-1.4999486	334	100
-1.4999601	297	100
-1.5616266	275	100
-1.5618511	357	100
-1.4998367	170	100
-1.500081	279	100
-1.5000367	334	100
-1.4999374	242	100
-1.5615739	339	100
-1.5001366	255	100
-1.4998875	341	100
-1.4999447	326	100
-1.5614161	251	100
-1.5617259	321	100
-1.5616105	365	100
-1.4999536	272	100
-1.4998368	240	100
-1.5618253	256	100
-1.5617221	303	100
-1.5615216	217	100
-1.4998459	262	100
-1.5000934	187	100
-1.500056	283	100
-1.5000641	300	100
-1.4997531	349	100
-1.5615549	369	100
-1.561562	261	100
-1.5000568	307	100
-1.4997806	339	100
-1.5618707	337	100
-1.5616183	263	100
-1.5000818	298	100
-1.5616491	326	100
-1.5001262	336	100
-1.4998709	225	100
-1.500028	320	100
-1.5003042	290	100
-1.5617129	299	100
-1.4999586	257	100
-1.4997344	302	100
-1.5613202	194	100
-1.5612122	236	100
-1.5614584	388	100
-1.4998315	198	100
-1.4998777	254	100
-1.5609395	366	100
-1.5617715	248	100
-1.5616803	388	100
-1.5000626	261	100
-1.4999576	188	100
-1.5001439	299	100
-1.5001925	268	100
-1.4999239	199	100
-1.561168	313	100
-1.5618421	279	100
-1.4998782	191	100
-1.4999643	287	100
-1.5615117	425	100
-1.5613711	322	100
-1.5614264	344	100
-1.5615604	415	100
-1.5615887	266	100
-1.5616099	351	100
-1.499974	346	100
-1.5000737	367	100
-1.5616719	428	100
-1.5000846	323	100
-1.4999866	336	100
-1.5616955	397	100
-1.5001582	283	100
-1.5612967	240	100
-1.500017	212	100
-1.5613907	333	100
-1.5000463	281	100
-1.5002167	343	100
-1.4998926	305	100
-1.5613314	256	100
-1.4996263	298	100
-1.4996407	274	100
-1.561447	259	100
-1.5613882	345	100
-1.5614072	353	100
-1.561417	237	100
-1.5615715	295	100
-1.5619407	226	100
-1.4997967	364	100
-1.5000269	238	100
-1.4999102	295	100
-1.5614305	378	100
-1.499779	350	100
-1.499954	315	100
-1.561572	291	100
-1.4999635	222	100
-1.5614198	228	100
-1.5616931	310	100
-1.5000361	344	100
-1.4999101	279	100
-1.4999554	214	100
-1.4999555	252	100
-1.5001195	179	100
-1.5614493	293	100
-1.5617109	324	100
-1.4996604	290	100
-1.5616629	277	100
-1.5614174	359	100
-1.5619385	288	100
-1.4998181	349	100
-1.5617914	321	100
-1.5616557	356	100
-1.4997094	234	100
-1.5000939	205	100
-1.5615056	298	100
-1.4999447	387	100
-1.5000078	347	100
-1.5002014	294	100
-1.4998895	382	100
-1.5615082	269	100
-1.5615573	332	100
-1.4997967	283	100
-1.5000228	372	100
-0.8247452	306	100
-1.5000919	268	100
-1.4999285	370	100
-1.5615101	310	100
-1.561674	343	100
-1.5615281	265	100
-1.4997643	314	100
-1.4998048	199	100
-1.4999979	324	100
-1.5616565	314	100
-1.4998507	332	100
-1.5614743	329	100
-1.5616431	292	100
-1.502418	377	100
-1.4999421	333	100
-1.5001821	237	100
-1.5614482	295	100
-1.5000789	259	100
-1.4998317	335	100
-1.5616115	433	100
-1.500031	343	100
-1.5614362	349	100
-1.499692	326	100
-1.5000948	332	100
-1.4997889	333	100
-1.5000194	165	100
-1.5617994	253	100
-1.5001232	271	100
-1.561335	289	100
-1.561242	342	100
-1.500083	250	100
-1.5002695	319	100
-1.4998585	182	100
-1.5617473	332	100
-1.4998515	338	100
-1.499785	278	100
-1.5041081	384	100
-1.5613442	304	100
-1.5618292	391	100
-1.5617473	245	100
-1.561792	244	100
-1.5000139	331	100
-1.5000847	255	100
-1.5618569	324	100
-1.5001283	277	100
-1.5577084	323	100
-1.5000289	212	100
-1.5000967	210	100
-1.5001139	258	100
-1.5611075	356	100
-1.5616206	231	100
-1.5612884	305	100
-1.5611973	320	100
-1.5615589	302	100
-1.5615213	292	100
-1.4999854	320	100
-1.4998677	317	100
-1.5621174	323	100
-1.5615771	366	100
-1.5001117	206	100
-1.561324	458	100
-1.5003308	229	100
-1.5616664	344	100
-1.4997615	284	100
-1.4998987	275	100
-1.5615564	290	100
-1.5614364	214	100
-1.5615727	396	100
-1.5618051	361	100
-1.5615498	261	100
-1.4997497	231	100
-1.5000044	239	100
-1.4997786	269	100
-1.5615605	296	100
-1.5612623	324	100
-1.4999118	238	100
-1.5615444	311	100
-1.5616922	247	100
-1.4999611	182	100
-1.5615439	243	100
-1.5617516	381	100
-1.5001447	248	100
-1.5000911	297	100
-1.4997617	274	100
-1.4999934	254	100
-1.5618444	273	100
-1.4999508	391	100
-1.4998316	322	100
-1.5617289	377	100
-1.4998714	431	100
-1.5001591	281	100
-1.4998359	233	100
-1.5000749	347	100
-1.499893	342	100
-1.4998941	184	100
-1.5615861	285	100
-1.4998861	220	100
-1.5618252	349	100
-1.4997564	280	100
-1.5615193	332	100
-1.5613724	277	100
-1.5076519	372	100
-1.4998172	388	100
-1.561585	288	100
-1.4999717	279	100
-1.5613347	294	100
-1.4999526	169	100
-1.5616732	370	100
-1.5002383	255	100
-1.5001877	252	100
-1.4997407	205	100
-1.499869	278	100
-1.5615217	357	100
-1.5616363	208	100
-1.5617613	314	100
-1.5001187	285	100
-1.4997297	269	100
-1.5617627	411	100
-1.4998422	281	100
-1.5001065	343	100
-1.5000563	314	100
-1.5614455	290	100
-1.5001695	228	100
-1.5611633	384	100
-1.5000347	387	100
-1.561333	233	100
-1.5000105	325	100
-1.5611721	325	100
-1.5002387	479	100
-1.5614026	301	100
-1.5000175	185	100
-1.4999979	278	100
-1.4998072	218	100
-1.5001453	297	100
-1.5001087	238	100
-1.4996357	239	100
-1.499875	291	100
-1.5000616	259	100
-1.5000409	342	100
-1.5000102	304	100
-1.4997913	296	100
-1.5615441	245	100
-1.5617667	310	100
-1.4999391	188	100
-1.5618697	367	100
-1.5614634	196	100
-1.5001299	265	100
-1.4999227	201	100
-1.4998821	349	100
-1.5616861	355	100
-1.5618519	319	100
-1.5612963	188	100
-1.4997756	226	100
-1.5616014	399	100
-1.4995838	310	100
-1.5615613	416	100
-1.500118	262	100
-1.5615948	329	100
-1.4999842	203	100
-1.5001393	235	100
-1.4999579	246	100
-1.5615243	255	100
-1.499594	284	100
-1.5616396	387	100
-1.5616419	252	100
-1.4996506	261	100
-1.5003304	316	100
-1.5001068	334	100
-1.4998847	251	100
-1.5002748	233	100
-1.4999166	239	100
-1.4998732	324	100
-1.5616142	366	100
-1.5000509	194	100
-1.5000581	214	100
-1.5610436	259	100
-1.5613276	324	100
-1.4998833	273	100
-1.4998748	356	100
-1.5615516	346	100
-1.5003051	263	100
-1.4999346	133	100
-1.4998693	173	100
-1.5001866	304	100
-1.4997595	253	100
-1.5000179	271	100
-1.4996883	268	100
-1.5613468	222	100
-1.5604874	299	100
-1.5615677	286	100
-1.5001314	186	100
-1.5616237	256	100
-1.4999032	188	100
-1.500053	317	100
-1.5000796	224	100
-1.5615216	378	100
-1.4999316	239	100
-1.5617684	230	100
-1.5608582	366	100
-1.5614763	281	100
-1.5617944	371	100
-1.5001251	238	100
-1.561541	192	100
-1.5613354	216	100
-1.5002578	397	100
-1.5000943	213	100
-1.5616545	268	100
-1.5616633	234	100
-1.5612238	369	100
-1.5615267	297	100
-1.5615669	311	100
-1.561316	210	100
-1.4999181	256	100
-1.5613901	320	100
-1.5616651	450	100
-1.5000388	241	100
-1.4998643	266	100
-1.5614379	322	100
-1.560771	321	100
-1.5617772	404	100
-1.4999516	357	100
-1.5000424	270	100
-1.5617792	253	100
-1.4998394	272	100
-1.5612199	275	100
-1.5617468	273	100
-1.5617335	352	100
-1.5616392	330	100
-1.4997481	332	100
-1.5617025	353	100
-1.5000605	290	100
-1.500003	284	100
-1.5617992	425	100
-1.5616023	355	100
-1.5615361	380	100
-1.5613449	333	100
-1.5615517	345	100
-1.5615701	382	100
-1.5614786	267	100
-1.5616563	368	100
-1.5000575	323	100
-1.5000615	204	100
-1.4999561	225	100
-1.4998921	284	100
-1.5000462	316	100
-1.5615199	378	100
-1.5000568	227	100
-1.5001322	247	100
-1.4999539	259	100
-1.5000635	257	100
-1.5615541	367	100
-1.5611736	347	100
-1.5615008	249	100
-1.4998328	176	100
-1.5002235	248	100
-1.5000173	252	100
-1.5615249	377	100
-1.561445	274	100
-1.4999851	292	100
-1.499981	290	100
-1.5000694	379	100
-1.4998072	215	100
-1.5001498	306	100
-1.500071	285	100
-1.4998358	284	100
-1.5000656	282	100
-1.5614232	234	100
-1.4997262	307	100
-1.5617312	286	100
-1.5616832	315	100
-1.5614023	343	100
-1.561504	264	100
-1.4999925	218	100
-1.5616408	320	100
-1.5001394	219	100
-1.5000353	216	100
-1.5616283	411	100
-1.5619888	290	100
-1.5617513	282	100
-1.5614917	278	100
-1.5616233	362	100
-1.5613654	272	100
-1.5000041	214	100
-1.560979	368	100
-1.5617774	280	100
-1.4996695	332	100
-1.4999697	231	100
-1.5615948	185	100
-1.5000944	264	100
-1.5614348	244	100
-1.5618679	312	100
-1.5617643	287	100
-1.4999686	336	100
-1.5613596	319	100
-1.5615838	248	100
-1.5003356	243	100
-1.5613754	379	100
-1.5615253	317	100
-1.5613382	235	100
-1.5614691	289	100
-1.5615372	224	100
-1.4999027	286	100
-1.5617928	241	100
-1.5612836	251	100
-1.4996497	282	100
-1.5615902	350	100
-1.5615674	297	100
-1.4998736	247	100
-1.56166	239	100
-1.4998756	254	100
-1.4999392	302	100
-1.5608046	401	100
-1.5617203	381	100
-1.4998321	255	100
-1.4997375	241	100
-1.5613654	325	100
-1.4998105	291	100
-1.4997779	314	100
-1.5617138	266	100
-1.5617774	392	100
-1.4998488	329	100
-1.4998733	170	100
-1.5000273	159	100
-1.5617449	236	100
-1.5001391	336	100
-1.5615258	302	100
-1.4999417	271	100
-1.4998287	311	100
-1.5618485	265	100
-1.499879	247	100
-1.5618423	303	100
-1.4999384	286	100
-1.5613719	355	100
-1.5001266	251	100
-1.4999692	315	100
-1.499911	208	100
-1.5615088	279	100
-1.5001073	356	100
-1.5617804	285	100
-1.5615936	253	100
-1.4997878	370	100
-1.4997957	290	100
-1.5613195	309	100
-1.5615739	312	100
-1.4998074	231	100
-1.4999994	331	100
-1.500191	258	100
-1.5618657	356	100
-1.5618871	375	100
-1.4999228	251	100
-1.5612865	301	100
-1.4996594	366	100
-1.5000292	263	100
-1.5616997	262	100
-1.5000648	401	100
-1.5001085	299	100
-1.4997805	244	100
-1.5615498	286	100
-1.499834	163	100
-1.5618715	369	100
-1.5000949	251	100
-1.4996675	342	100
-1.5620233	426	100
-1.4996548	326	100
-1.4999161	419	100
-1.4999827	230	100
-1.5619027	264	100
-1.5613621	281	100
-1.5615758	233	100
-1.5613836	450	100
-1.5615828	232	100
-1.5617568	246	100
-1.5614207	418	100
-1.5614938	224	100
-1.4998846	308	100
-1.4999273	286	100
-1.5614149	352	100
-1.5001988	241	100
-1.5616042	238	100
-1.5002244	418	100
-1.5003065	281	100
-1.5000819	201	100
-1.5002417	338	100
-1.5000056	248	100
-1.5613933	288	100
-1.4999764	237	100
-1.5002094	337	100
-1.4999328	312	100
-1.4998007	235	100
-1.5615218	371	100
-1.5615144	282	100
-1.5001057	328	100
-1.5001568	303	100
-1.5617867	437	100
-1.5616024	306	100
-1.5000399	193	100
-1.5615115	233	100
-1.5617129	252	100
-1.5613376	355	100
-1.5617253	321	100
-1.4998343	290	100
-1.5614802	209	100
-1.5614982	227	100
-1.5000045	330	100
-1.5618778	333	100
-1.4997565	223	100
-1.5613139	363	100
-1.4999479	186	100
-1.4999813	398	100
-1.5615727	377	100
-1.5000446	277	100
-1.5612166	236	100
-1.5619342	360	100
-1.5615292	350	100
-1.5606233	249	100
-1.5613436	400	100
-1.4999824	242	100
-1.4999157	294	100
-1.4998401	257	100
-1.4998916	263	100
-1.5001037	246	100
-1.4998793	270	100
-1.5000537	208	100
-1.5616339	362	100
-1.5615183	332	100
-1.5613204	349	100
-1.5615528	305	100
-1.5615624	418	100
-1.4997974	359	100
-1.4999114	340	100
-1.4999077	231	100
-1.4999449	255	100
-1.5615027	251	100
-1.4999504	340	100
-1.561694	315	100
-1.4998968	251	100
-1.4998782	250	100
-1.5613125	331	100
-1.5000884	291	100
-1.5619393	281	100
-1.5617903	434	100
-1.5613475	261	100
-1.5002007	278	100
-1.4999859	320	100
-1.5003337	300	100
-1.5616657	275	100
-1.5000977	335	100
-1.5612594	305	100
-1.500117	217	100
-1.5000778	357	100
-1.5615609	248	100
-1.5611642	253	100
-1.5000789	186	100
-1.5617333	374	100
-1.5615995	291	100
-1.4998138	266	100
-1.5615877	275	100
-1.5617181	296	100
-1.499794	245	100
-1.5073232	420	100
-1.5617877	431	100
-1.5616053	369	100
-1.5615016	396	100
-1.5001322	329	100
-1.499959	296	100
-1.5614641	423	100
-1.5001949	305	100
-1.561997	351	100
-1.5000724	312	100
-1.5614866	402	100
-1.5614847	333	100
-1.499928	305	100
-1.5000139	223	100
-1.5616972	434	100
-1.5615404	288	100
-1.5615989	268	100
-1.5614752	381	100
-1.500176	248	100
-1.5616547	296	100
-1.4995967	307	100
-1.5615307	282	100
-1.5001799	203	100
-1.5616052	288	100
-1.5617437	276	100
-1.5612934	294	100
-1.5000079	293	100
-1.5003001	353	100
-1.5615348	337	100
-1.5616371	272	100
-1.5003776	219	100
-1.5614107	399	100
-1.5615608	336	100
-1.5612977	300	100
-1.5000044	378	100
-1.5609543	273	100
-1.5615484	293	100
-1.5616797	263	100
-1.5001102	228	100
-1.5002454	226	100
-1.5612282	253	100
-1.561546	213	100
-1.4997632	241	100
-1.5616958	410	100
-1.4999455	248	100
-1.561687	283	100
-1.5621161	360	100
-1.5617377	378	100
-1.5002644	304	100
-1.5615307	330	100
-1.5616088	426	100
-1.5615227	313	100
-1.5619922	306	100
-1.5001835	230	100
-1.4999885	288	100
-1.561825	418	100
-1.5001093	166	100
-1.5614182	341	100
-1.5615489	332	100
-1.5618821	323	100
-1.5000864	294	100
-1.5614597	196	100
-1.5001288	246	100
-1.5000244	291	100
-1.4999056	280	100
-1.5616358	338	100
-1.5001348	314	100
-1.5614425	293	100
-1.5613498	246	100
-1.5614798	270	100
-1.5613794	242	100
-1.4996089	287	100
-1.5616692	274	100
-1.561342	285	100
-1.5000831	242	100
-1.4999846	266	100
-1.4998801	188	100
-1.5000916	406	100
-1.4998975	375	100
-1.5616696	201	100
-1.5615166	394	100
-1.4999678	209	100
-1.5617603	403	100
-1.4999332	294	100
-1.5000534	340	100
-1.5616098	256	100
-1.5613882	288	100
-1.5615011	253	100
-1.5001302	269	100
-1.4999406	255	100
-1.5618832	334	100
-1.5617601	351	100
-1.5615473	208	100
-1.5001447	283	100
-1.5615637	396	100
-1.4999506	303	100
-1.5000206	189	100
-1.5000707	243	100
-1.5001529	294	100
-1.5612294	347	100
-1.499904	333	100
-1.5000439	318	100
-1.4997434	340	100
-1.4998851	268	100
-1.4998779	216	100
-1.4997937	306	100
-1.5000415	298	100
-1.5616343	308	100
-1.5616339	351	100
-1.5000533	225	100
-1.5000496	239	100
-1.5000536	259	100
-1.4999154	244	100
-1.5000996	379	100
-1.5616639	346	100
-1.4998218	316	100
-1.5612692	323	100
-1.5614409	425	100
-1.5001256	220	100
-1.5613618	334	100
-1.5614314	321	100
-1.5000159	308	100
-1.4998695	179	100
-1.4995343	236	100
-1.5616761	325	100
-1.5615519	300	100
-1.4997205	261	100
-1.5617621	277	100
-1.4999283	243	100
-1.5002552	310	100
-1.5000606	238	100
-1.5000595	326	100
-1.500037	400	100
-1.4996435	246	100
-1.5614048	247	100
-1.500038	218	100
-1.500302	365	100
-1.5618735	355	100
-1.5615211	313	100
-1.5000315	212	100
-1.5616359	244	100
-1.4999168	324	100
-1.5001517	242	100
-1.5001936	165	100
-1.5002232	273	100
-1.499932	198	100
-1.5615338	366	100
-1.5612519	252	100
-1.5614004	256	100
-1.4998294	277	100
-1.4998082	306	100
-1.5615239	259	100
-1.4999431	270	100
-1.499975	385	100
-1.4998398	378	100
-1.4999198	217	100
-1.4997883	337	100
-1.5616422	349	100
-1.5614333	369	100
-1.5613173	409	100
-1.5615576	337	100
-1.561375	302	100
-1.5614478	308	100
-1.4999217	300	100
-1.5000967	184	100
-1.499902	410	100
-1.5001512	324	100
-1.5609245	258	100
-1.4998035	366	100
-1.500136	295	100
-1.5002815	232	100
-1.561399	411	100
-1.50018	296	100
-1.5615901	251	100
-1.5002249	372	100
-1.4997409	212	100
-1.561348	304	100
-1.5615608	268	100
-1.5001742	215	100
-1.560984	385	100
-1.5618599	302	100
-1.561434	403	100
-1.5617432	354	100
-1.5617096	302	100
-1.5000078	244	100
-1.5002613	333	100
-1.4996271	226	100
-1.5000768	288	100
-1.561674	261	100
-1.5617344	248	100
-1.4999418	241	100
-1.500222	344	100
-1.4998986	334	100
-1.5617754	325	100
-1.5614138	371	100
-1.5616909	329	100
-1.4998105	217	100
-1.5000155	192	100
-1.5001415	374	100
-1.5001261	305	100
-1.499818	221	100
-1.5614877	308	100
-1.5617156	311	100
-1.5001783	250	100
-1.4999804	278	100
-1.4999333	275	100
-1.5610797	311	100
-1.5612022	261	100
-1.5617275	351	100
-1.5000153	250	100
-1.4998744	299	100
-1.5000758	209	100
-1.4999841	186	100
-1.5002239	347	100
-1.56192	303	100
-1.561629	237	100
-1.4998464	202	100
-1.5616427	269	100
-1.5614905	367	100
-1.4998471	204	100
-1.5617651	277	100
-1.5614875	293	100
-1.5612683	254	100
-1.5613843	293	100
-1.5597619	381	100
-1.5617394	349	100
-1.5000599	258	100
-1.4999372	209	100
-1.5000248	214	100
-1.4998635	356	100
-1.4999555	321	100
-1.5001404	287	100
-1.5000276	254	100
-1.5002479	304	100
-1.5613151	236	100
-1.4996366	328	100
-1.5616208	230	100
-1.5614534	357	100
-1.4999118	274	100
-1.5000525	281	100
-1.5614419	308	100
-1.4997969	243	100
-1.5613978	317	100
-1.5616257	302	100
-1.5614733	297	100
-1.5614526	336	100
-1.5612641	326	100
-1.4999658	180	100
-1.500106	199	100
-1.5614001	328	100
-1.5614816	283	100
-1.5617931	272	100
-1.4998964	397	100
-1.4998962	220	100
-1.5616674	293	100
-1.4997655	270	100
-1.4999314	270	100
-1.5613828	299	100
-1.4995554	255	100
-1.5617172	260	100
-1.5000639	297	100
-1.5000534	238	100
-1.5000829	249	100
-1.5000441	197	100
-1.5002528	230	100
-1.5615654	268	100
-1.4998772	309	100
-1.4997645	389	100
-1.561789	216	100
-1.5000268	185	100
-1.4996976	219	100
-1.5614973	420	100
-1.4999315	208	100
-1.5002413	238	100
-1.5000038	314	100
-1.4999445	303	100
-1.5002086	279	100
-1.4999643	213	100
-1.4998535	243	100
-1.4999487	324	100
-1.5614289	250	100
-1.4999276	258	100
-1.5612943	249	100
-1.5618364	228	100
-1.4995476	311	100
-1.5614413	327	100
-1.499825	210	100
-1.4998153	282	100
-1.5613135	405	100
-1.5000233	219	100
-1.4997973	349	100
-1.4998831	197	100
-1.4996705	275	100
-1.5616848	280	100
-1.5002671	298	100
-1.561558	416	100
-1.4999612	255	100
-1.4999221	221	100
-1.4999159	238	100
-1.561367	321	100
-1.4999574	324	100
-1.5002502	221	100
-1.561346	355	100
-1.5000048	173	100
-1.5615482	293	100
-1.5617822	253	100
-1.4999172	276	100
-1.5000958	259	100
-1.4999095	221	100
-1.5616169	223	100
-1.5001386	284	100
-1.5614236	298	100
-1.5001461	232	100
-1.4998579	200	100
-1.5618431	312	100
-1.4999393	202	100
-1.5614131	219	100
-1.561574	283	100
-1.5001073	334	100
-1.5615296	289	100
-1.4998979	251	100
-1.5618909	417	100
-1.5616106	344	100
-1.5607568	355	100
-1.5613833	332	100
-1.5616765	369	100
-1.4997758	263	100
-1.4998447	205	100
-1.5010886	400	100
-1.5616142	259	100
-1.4999092	268	100
-1.5614863	351	100
-1.4999015	231	100
-1.5616639	257	100
-1.4998992	247	100
-1.5000821	215	100
-1.5613033	342	100
-1.5613076	292	100
-1.4997251	220	100
-1.499874	168	100
-1.4998371	262	100
-1.5611974	364	100
-1.5612824	225	100
-1.5617505	238	100
-1.4999863	292	100
-1.4998066	349	100
-1.5003106	226	100
-1.5614978	455	100
-1.4999634	246	100
-1.5000981	268	100
-1.5615525	173	100
-1.5000564	284	100
-1.4997215	275	100
-1.5001058	287	100
-1.5616507	205	100
-1.5000922	222	100
-1.5613958	296	100
-1.4999926	193	100
-1.5612769	415	100
-1.5616411	272	100
-1.5616259	297	100
-1.499688	298	100
-1.4997159	357	100
-1.4999818	319	100
-1.4999717	293	100
-1.5616913	309	100
-1.5610721	201	100
-1.500133	304	100
-1.5000714	207	100
-1.5616076	406	100
-1.5000556	178	100
-1.500088	286	100
-1.5616085	255	100
-1.5613755	336	100
-1.5615257	258	100
-1.500063	220	100
-1.4999706	195	100
-1.4997329	336	100
-1.5618026	326	100
-1.4999438	257	100
-1.5001336	331	100
-1.5003037	283	100
-1.4999136	279	100
-1.5000082	223	100
-1.4999085	271	100
-1.5000505	308	100
-1.5000416	231	100
-1.5615105	370	100
-1.5610942	338	100
-1.5618005	291	100
-1.5002594	190	100
-1.5000619	238	100
-1.500126	220	100
-1.5617074	402	100
-1.5000062	304	100
-1.5618138	279	100
-1.5005932	296	100
-1.5609955	357	100
-1.561551	373	100
-1.4999286	259	100
-1.4999991	381	100
-1.4999054	199	100
-1.5000934	248	100
-1.4999815	293	100
-1.5611442	406	100
-1.5613668	393	100
-1.500085	366	100
-1.5000715	265	100
-1.5000888	259	100
-1.4999236	358	100
-1.4999776	192	100
-1.5001171	257	100
-1.5000678	376	100
-1.5616195	371	100
-1.4998597	285	100
-1.5615786	289	100
-1.5000549	297	100
-1.5000571	308	100
-1.499955	265	100
-1.4996716	267	100
-1.5616839	264	100
-1.5001721	248	100
-1.4999457	291	100
-1.5000293	291	100
-1.4995213	345	100
-1.5611592	370	100
-1.500103	217	100
-1.5613168	290	100
-1.4999321	289	100
-1.5615332	313	100
-1.4998435	231	100
-1.5001041	274	100
-1.5001717	272	100
-1.5000061	236	100
-1.5614506	264	100
-1.4998308	299	100
-1.5615919	371	100
-1.5617352	453	100
-1.5000569	233	100
-1.56148	326	100
-1.4997863	236	100
-1.4999379	239	100
-1.5000345	230	100
-1.5609403	364	100
-1.5003427	334	100
-1.561751	324	100
-1.499963	176	100
-1.5000885	243	100
-1.5001012	255	100
-1.5000962	275	100
-1.5003924	240	100
-1.5000958	309	100
-1.5608874	334	100
-1.561417	339	100
-1.5612818	270	100
-1.5000144	333	100
-1.5001948	171	100
-1.5000884	204	100
-1.5008192	374	100
-1.5615366	257	100
-1.4999413	320	100
-1.5002716	215	100
-1.5615743	290	100
-1.5615046	266	100
-1.4998531	250	100
-1.5615433	314	100
-1.5615858	350	100
-1.5616655	339	100
-1.5001467	201	100
-1.4998149	224	100
-1.4999499	201	100
-1.4998326	325	100
-1.561548	254	100
-1.5002848	261	100
-1.5612334	260	100
-1.5006253	312	100
-1.5615624	272	100
-1.5620108	394	100
-1.5001814	248	100
-1.4999496	212	100
-1.5614392	312	100
-1.5000213	424	100
-1.5615918	198	100
-1.5613966	245	100
-1.5003625	216	100
-1.5614556	234	100
-1.5615675	237	100
-1.5618833	330	100
-1.4998197	237	100
-1.5616714	263	100
-1.4999825	263	100
-1.4999673	260	100
-1.5614878	310	100
-1.561064	370	100
-1.4998761	271	100
-1.5000202	284	100
-1.5000974	312	100
-1.5614336	277	100
-1.5000571	309	100
-1.4999268	279	100
-1.500101	361	100
-1.5614816	308	100
-1.5614209	461	100
-1.4999165	265	100
-1.5616033	226	100
-1.4999664	271	100
-1.499967	181	100
-1.5004202	245	100
-1.5003067	261	100
-1.5615612	310	100
-1.5615355	276	100
-1.500079	255	100
-1.5000314	304	100
-1.561341	262	100
-1.5615069	315	100
-1.499695	188	100
-1.5002554	188	100
-1.5000701	385	100
-1.5002486	339	100
-1.500053	198	100
-1.561492	315	100
-1.561569	245	100
-1.4999311	264	100
-1.5621037	374	100
-1.5614631	311	100
-1.5000001	289	100
-1.5615181	362	100
-1.5000373	242	100
-1.4999472	291	100
-1.4999015	284	100
-1.4999121	259	100
-1.5619776	354	100
-1.5001033	333	100
-1.5612469	238	100
-1.5001971	386	100
-1.5617213	258	100
-1.5615518	240	100
-1.5616044	384	100
-1.5612462	279	100
-1.5000984	200	100
-1.5001371	301	100
-1.5613498	353	100
-1.4999652	261	100
-1.5614316	373	100
-1.5614134	312	100
-1.5002506	209	100
-1.4998573	194	100
-1.5614152	300	100
-1.5614956	373	100
-1.5617615	287	100
-1.4998826	235	100
-1.500192	343	100
-1.4999779	345	100
-1.499809	185	100
-1.4998854	264	100
-1.561579	240	100
-1.5612254	309	100
-1.5001441	274	100
-1.5001922	367	100
-1.5615391	304	100
-1.5000529	295	100
-1.4995548	200	100
-1.5617352	297	100
-1.5616158	272	100
-1.5611535	340	100
-1.5612151	277	100
-1.5001315	184	100
-1.5615938	281	100
-1.5613944	300	100
-1.5615935	288	100
-1.5001863	237	100
-1.5003783	210	100
-1.5617928	266	100
-1.5613985	318	100
-1.5618543	255	100
-1.5616401	365	100
-1.5614025	363	100
-1.5614675	324	100
-1.5613196	404	100
-1.4996947	241	100
-1.5615096	290	100
-1.500108	259	100
-1.561722	265	100
-1.5614421	271	100
-1.5615376	296	100
-1.5616235	311	100
-1.5001045	207	100
-1.56167	292	100
-1.5613896	362	100
-1.4999564	269	100
-1.5616347	305	100
-1.5616555	331	100
-1.5000554	279	100
-1.499911	234	100
-1.5000781	229	100
-1.5618034	285	100
-1.5612502	302	100
-1.4998523	268	100
-1.4999863	244	100
-1.5615412	417	100
-1.561368	237	100
-1.4999414	324	100
-1.5614283	319	100
-1.5613539	248	100
-1.5613995	296	100
-1.5000493	290	100
-1.4998532	201	100
-1.5000777	226	100
-1.5613967	234	100
-1.500028	347	100
-1.5614174	313	100
-1.5605976	302	100
-1.5000529	281	100
-1.5619126	306	100
-1.5614204	300	100
-1.5000226	180	100
-1.5613763	315	100
-1.499914	240	100
-1.5614089	275	100
-1.5000152	191	100
-1.5002856	282	100
-1.4997813	224	100
-1.5615238	344	100
-1.5617821	360	100
-1.5617808	354	100
-1.561522	306	100
-1.4998237	292	100
-1.5614566	319	100
-1.5613675	251	100
-1.4999986	316	100
-1.5000402	352	100
-1.5001004	264	100
-1.499915	303	100
-1.4997989	327	100
-1.5615133	392	100
-1.4999152	264	100
-1.5000234	329	100
-1.5607401	380	100
-1.4998364	295	100
-1.5612648	349	100
-1.5003264	311	100
-1.5003724	344	100
-1.499931	240	100
-1.5614818	245	100
-1.5613197	281	100
-1.499945	335	100
-1.5613864	263	100
-1.5613114	348	100
-1.5000281	292	100
-1.5617193	297	100
-1.4999243	223	100
-1.5615029	274	100
-1.5001325	333	100
-1.4999337	387	100
-1.4998133	204	100
-1.5614441	193	100
-1.5615242	289	100
-1.5615259	367	100
-1.4998958	375	100
-1.4998909	290	100
-1.5616936	290	100
-1.5003152	314	100
-1.5000261	254	100
-1.5617382	311	100
-1.5001078	266	100
-1.5612578	289	100
-1.5615761	264	100
-1.5618251	312	100
-1.5614828	445	100
-1.5612427	272	100
-1.5614114	260	100
-1.5615812	242	100
-1.4997778	277	100
-1.5001955	243	100
-1.5613681	395	100
-1.5001271	343	100
-1.4998716	357	100
-1.5000038	195	100
-1.4999305	253	100
-1.4998656	330	100
-1.5611054	216	100
-1.5000196	386	100
-1.4998591	249	100
-1.5001417	235	100
-1.5614053	278	100
-1.5615972	267	100
-1.500103	336	100
-1.4999326	270	100
-1.5616372	335	100
-1.5618583	264	100
-1.5609529	282	100
-1.5000904	219	100
-1.5002797	180	100
-1.5001428	260	100
-1.4997147	323	100
-1.4999891	340	100
-1.4999366	281	100
-1.4996819	257	100
-1.4999086	256	100
-1.499986	306	100
-1.4998291	270	100
-1.5000392	382	100
-1.4999011	266	100
-1.4999062	249	100
-1.5616571	300	100
-1.4998022	271	100
-1.5613978	357	100
-1.5614494	323	100
-1.5001023	202	100
-1.5618336	288	100
-1.5616275	332	100
-1.5000911	206	100
-1.5002015	205	100
-1.561468	317	100
-1.5611739	348	100
-1.5003132	254	100
-1.5616414	417	100
-1.5618432	220	100
-1.5613057	335	100
-1.5000778	236	100
-1.5000216	287	100
-1.5615728	243	100
-1.4997932	339	100
-1.5000452	231	100
-1.5616877	279	100
-1.4999187	251	100
-1.5002409	305	100
-1.4998753	331	100
-1.4998235	264	100
-1.4998618	269	100
-1.4999512	201	100
-1.5000941	247	100
-1.4998191	202	100
-1.500008	231	100
-1.500107	265	100
-1.5615423	282	100
-1.4997536	337	100
-1.4997746	237	100
-1.5001746	282	100
-1.5001772	178	100
-1.5001148	288	100
-1.5002455	317	100
-1.5000955	326	100
-1.5615065	406	100
-1.4999859	281	100
-1.5001469	313	100
-1.5000388	224	100
-1.5001508	228	100
-1.4998105	232	100
-1.5586928	430	100
-1.5602598	394	100
-1.4996768	218	100
-1.5002547	255	100
-1.5000333	264	100
-1.5617137	347	100
-1.5000215	283	100
-1.4999513	277	100
-1.5002778	257	100
-1.4999192	226	100
-1.4996059	281	100
-1.4999941	224	100
-1.5013622	323	100
-1.5002634	324	100
-1.5614441	310	100
-1.5615622	326	100
-1.5617938	409	100
-1.5613412	320	100
-1.5615824	310	100
-1.4999014	263	100
-1.5612675	360	100
-1.500154	244	100
-1.5604423	376	100
-1.5615309	338	100
-1.4996174	364	100
-1.4999458	189	100
-1.5001181	366	100
-1.5614374	264	100
-1.4999152	364	100
-1.4998831	201	100
-1.5617352	402	100
-1.5618841	354	100
-1.5000421	240	100
-1.5001933	283	100
-1.5613074	248	100
-1.5000421	330	100
-1.5614788	223	100
-1.5614749	289	100
-1.5004613	273	100
-1.5616301	372	100
-1.5614215	362	100
-1.4998201	197	100
-1.4998675	328	100
-1.4999771	308	100
-1.5618003	315	100
-1.561551	240	100
-1.5002145	181	100
-1.561418	213	100
-1.5001813	298	100
-1.4996264	326	100
-1.5000346	289	100
-1.5616045	311	100
-1.561552	270	100
-1.5001352	260	100
-1.5000921	223	100
-1.5612676	244	100
-1.4999787	370	100
-1.5612551	361	100
-1.499816	232	100
-1.5618716	193	100
-1.5001127	305	100
-1.5000155	255	100
-1.5609609	314	100
-1.4997795	373	100
-1.4998052	218	100
-1.561351	381	100
-1.5613669	274	100
-1.5616181	257	100
-1.5001523	212	100
-1.5615311	381	100
-1.499998	180	100
-1.4997878	283	100
-1.5001204	306	100
-1.499782	279	100
-1.500157	201	100
-1.5615972	366	100
-1.5616876	363	100
-1.561566	273	100
-1.2825474	320	100
-1.5005168	325	100
-1.5614787	312	100
-1.5614346	348	100
-1.5615401	440	100
-1.4999039	305	100
-1.4999202	319	100
-1.5615197	410	100
-1.5000368	288	100
-1.5615913	371	100
-1.5001319	312	100
-1.5616745	271	100
-1.5615964	283	100
-1.4998907	314	100
-1.5614927	264	100
-1.4999333	386	100
-1.5001212	211	100
-1.5611532	414	100
-1.5001826	243	100
-1.4997104	198	100
-1.500169	337	100
-1.4999712	313	100
-1.5612014	348	100
-1.5616524	303	100
-1.5000432	170	100
-1.5612741	275	100
-1.5615389	334	100
-1.5616963	375	100
-1.5002147	281	100
-1.5616947	295	100
-1.5615736	355	100
-1.5614831	295	100
-1.5001819	269	100
-1.4998798	231	100
-1.4998832	179	100
-1.5002117	360	100
-1.5000074	316	100
-1.5002244	275	100
-1.5617115	331	100
-1.5614771	247	100
-1.4998669	259	100
-1.5615975	273	100
-1.5000575	217	100
-1.5614138	229	100
-1.5618233	302	100
-1.5002319	320	100
-1.5000962	197	100
-1.5000476	200	100
-1.5614562	233	100
-1.5001607	308	100
-1.561496	351	100
-1.4999108	240	100
-1.4999276	366	100
-1.4997803	271	100
-1.5613315	206	100
-1.5614562	233	100
-1.5616623	341	100
-1.4997818	291	100
-1.561591	339	100
-1.4998438	253	100
-1.500369	354	100
-1.5614748	250	100
-1.499948	306	100
-1.5612501	296	100
-1.5610807	255	100
-1.5613658	339	100
-1.5614708	278	100
-1.4999894	304	100
-1.5617234	373	100
-1.5612471	267	100
-1.5001909	253	100
-1.5614291	241	100
-1.5023879	300	100
-1.561626	382	100
-1.5612334	278	100
-1.5001177	236	100
-1.5613523	322	100
-1.4999495	355	100
-1.4999619	287	100
-1.4999162	337	100
-1.5614689	270	100
-1.4999107	195	100
-1.5610563	290	100
-1.4999295	292	100
-1.5615402	313	100
-1.5616693	199	100
-1.5000317	297	100
-1.4997852	334	100
-1.4998419	304	100
-1.4998498	204	100
-1.4997017	278	100
-1.4999198	283	100
-1.5614843	232	100
-1.499815	296	100
-1.4998811	373	100
-1.5616315	244	100
-1.5001419	254	100
-1.561647	212	100
-1.5615152	311	100
-1.5615395	419	100
-1.4999146	235	100
-1.4999293	264	100
-1.5000435	379	100
-1.499817	198	100
-1.4998973	205	100
-1.5000694	169	100
-1.4998527	206	100
-1.5000841	271	100
-1.5000481	192	100
-1.5000624	208	100
-1.4999572	365	100
-1.4998777	220	100
-1.4999848	307	100
-1.5614214	218	100
-1.5000109	364	100
-1.5613366	279	100
-1.5001044	216	100
-1.5001161	425	100
-1.4999212	293	100
-1.5613009	318	100
-1.5614983	340	100
-1.5001269	343	100
-1.5001292	241	100
-1.5591002	424	100
-1.4995928	174	100
-1.5616977	222	100
-1.5617157	275	100
-1.4999599	260	100
-1.4996895	229	100
-1.4997696	216	100
-1.5000419	331	100
-1.5615944	349	100
-1.5611864	272	100
-1.5612986	333	100
-1.5612454	319	100
-1.5616774	302	100
-1.5611426	316	100
-1.5000909	338	100
-1.561554	282	100
-1.5000797	284	100
-1.5003714	240	100
-1.4998194	264	100
-1.5615526	281	100
-1.5000586	258	100
-1.5002091	215	100
-1.5616321	324	100
-1.5002243	200	100
-1.5000672	234	100
-1.5615817	398	100
-1.4998888	266	100
-1.4999847	311	100
-1.4999145	331	100
-1.5616078	279	100
-1.5002256	319	100
-1.4999269	260	100
-1.5001066	267	100
-1.4997691	319	100
-1.500002	251	100
-1.5614287	237	100
-1.561597	385	100
-1.5615981	355	100
-1.5000276	277	100
-1.5000194	275	100
-1.5003383	415	100
-1.5616277	313	100
-1.4998775	183	100
-1.5612399	361	100
-1.5000879	355	100
