-1.5109	31	19
-1.553	43	30
-1.5572	39	28
-1.5039	26	19
-1.5671	39	24
-1.5107	24	13
-1.562	86	49
-1.507	47	24
-1.5055	48	37
-1.5115	48	26
-1.5017	35	24
-1.5061	31	21
-1.5434	32	20
-1.5091	61	35
-1.5509	37	24
-1.5057	47	32
-1.5089	38	26
-1.507	31	19
-1.5075	32	20
-1.5047	37	25
-1.5759	85	48
-1.5151	33	21
-1.5034	42	31
-1.496	35	23
-1.501	28	16
-1.5107	27	15
-1.5652	41	30
-1.506	35	23
-1.5654	47	34
-1.5578	42	30
-1.5072	35	23
-1.5	42	30
-1.5071	35	23
-1.5072	44	29
-1.508	32	20
-1.5059	40	27
-1.54	36	30
-1.5347	60	37
-1.5511	31	19
-1.5051	51	30
-1.5098	66	43
-1.5641	34	23
1.2319	19	7
-1.5667	28	16
-1.5071	40	28
-1.5067	36	24
-1.5368	41	29
-1.5425	52	32
-1.5095	42	30
-1.5081	42	20
-1.5109	48	35
-1.5071	38	26
-1.5226	35	23
-1.5053	27	15
-1.5528	61	44
-1.502	38	33
-1.5112	39	27
-1.51	39	27
-1.5077	56	38
-1.4977	31	21
-1.5127	35	23
-1.5113	48	38
-1.5172	29	18
-1.544	38	26
-1.5096	39	27
-1.5279	61	41
-1.5048	28	17
-1.5219	46	30
-1.4597	35	23
-1.5564	33	21
-1.5082	31	19
-1.51	45	31
-1.5108	37	23
-1.5104	59	34
-1.5052	45	30
-1.5318	32	22
-1.5077	36	24
-1.4993	37	26
-1.5293	37	22
-1.5096	42	35
-1.5072	29	17
-1.507	34	34
-1.5088	45	31
-1.5059	36	24
-1.5093	47	30
-1.5178	19	19
-1.5126	44	33
-1.5728	39	23
-1.5075	42	28
-1.5017	31	19
-1.5027	44	32
-1.5502	56	36
-1.5017	26	14
-1.5523	42	28
-1.5265	37	25
-1.5072	62	37
-1.5702	42	30
-1.5081	40	28
-1.5657	58	37
-1.5075	39	27
-1.501	48	33
-1.5058	49	27
-1.5033	26	14
-1.5118	50	34
-1.5101	45	30
-1.5102	37	25
-1.5073	31	19
-1.5113	38	26
-1.5075	63	38
-1.5447	32	20
-1.5335	49	38
-1.5081	33	21
-1.5173	58	46
-1.5076	29	17
-1.5039	38	32
-1.5573	34	22
-1.5451	54	41
-1.5125	55	33
-1.5118	48	28
-1.4976	54	41
-1.5119	36	24
-1.5096	37	23
-1.5562	47	34
-1.5088	40	27
-1.5068	43	30
-1.5077	40	21
-1.2688	27	15
-1.5102	68	46
-1.5054	36	30
-1.5559	29	17
-1.5402	28	17
-1.5087	62	41
-1.5036	40	29
-1.5101	30	25
-1.5027	36	24
-1.5694	44	28
-1.5091	46	34
-1.5451	63	37
-1.5042	63	46
-1.5047	30	19
-1.5026	32	21
-1.5128	56	31
-1.5736	56	39
-1.4957	36	24
-1.4973	25	14
-1.5132	68	35
-1.5498	52	40
-1.4952	30	18
-1.5753	65	42
-1.5256	37	27
-1.5021	35	23
-1.5039	54	38
-1.5346	45	34
-1.5006	47	32
-1.5058	58	38
-1.5134	49	31
-1.518	46	30
-1.5081	36	24
-1.4975	37	25
-1.5142	37	26
-1.5097	56	38
-1.5079	51	32
-1.5063	42	31
-1.5706	36	24
-1.5111	37	25
-1.5452	65	43
-1.5076	35	23
-1.5036	39	27
-1.5142	39	27
-1.5083	27	15
-1.509	30	18
-1.5555	36	24
-1.5067	38	24
-1.5042	28	16
-1.5085	42	27
-1.5148	30	19
-1.5075	33	21
-1.5047	38	26
-1.5023	37	23
-1.5082	48	35
-1.5209	64	43
-1.5138	27	15
-1.5139	33	21
-1.5131	37	25
-1.5079	46	30
-1.5094	61	38
-1.5078	31	19
-1.5729	60	43
-1.4913	31	19
-1.5049	56	40
-1.5071	36	20
-1.5106	47	30
-1.5076	57	35
-1.5597	29	17
-1.5559	31	20
-0.3101	27	16
-1.5095	37	25
-1.5393	37	25
-1.5151	33	21
-1.5468	58	39
-1.508	38	26
-1.5045	34	23
-1.5055	48	41
-1.5001	36	25
-1.5703	39	27
-1.5104	40	24
-1.5648	44	28
-1.504	28	19
-1.4985	26	16
-1.5042	35	20
-1.5432	51	31
-1.5036	33	21
-1.5097	33	21
-1.5318	35	23
-1.5158	42	30
-1.5046	41	29
-1.5707	49	36
-1.5084	54	42
-1.5587	54	39
-1.5051	34	23
-1.5062	50	28
-1.542	40	30
-1.4771	29	20
-1.509	30	18
-1.5268	24	12
-1.5179	41	35
-1.555	34	22
-1.507	29	17
-1.5071	41	23
-1.5278	33	22
-1.5062	41	21
-1.5056	29	17
-1.5082	29	17
-1.5457	38	27
-1.5094	61	41
-1.5056	39	27
-1.51	28	16
-1.5066	30	18
-1.5046	43	32
-1.5305	38	26
-1.5039	50	37
-1.5483	38	26
-1.5197	70	49
-1.5494	34	22
-1.5127	28	16
-1.5684	50	31
-1.4778	32	20
-1.5068	49	34
-1.569	35	23
-1.5092	28	16
-1.5069	44	34
-1.5277	45	26
-1.5123	35	23
-1.5093	29	17
-1.5076	41	24
-1.5314	35	24
-1.5525	31	19
-1.4921	30	15
-1.5488	29	17
-1.5076	62	37
-1.5618	33	25
-1.5234	59	44
-1.505	39	27
-1.5111	49	28
-1.5432	40	28
-1.512	26	14
-1.493	29	18
-1.5576	35	23
-1.512	44	32
-1.5029	32	20
-1.5139	61	39
-1.5042	35	24
-1.5057	48	28
-1.5435	49	32
-1.5652	36	24
-1.5622	63	46
-1.5037	25	14
-1.5547	66	43
-1.5059	54	33
-1.5432	53	29
-1.5063	44	26
-1.5102	26	14
-1.5205	37	25
-1.5065	35	23
-1.5469	44	32
-1.5224	53	35
-1.5046	41	29
-1.5107	56	40
-1.5085	55	38
-1.5035	30	18
-1.5337	61	39
-1.5033	35	23
-1.5093	54	31
-1.5552	32	21
-1.506	43	28
-1.5599	39	25
-1.5094	52	36
-1.5087	54	36
-1.5057	32	20
-1.5074	64	46
-1.5211	38	26
-1.559	59	46
-1.5731	36	24
-1.5063	45	32
-1.5127	59	42
-1.5042	38	27
-0.9541	28	18
-1.5066	42	24
-1.5749	55	35
-1.5043	33	21
-1.4918	28	16
-1.546	32	20
-1.5377	27	21
-1.5145	38	26
-1.5536	51	34
-1.5559	42	30
-1.5072	37	25
-1.577	44	29
-1.5614	51	39
-1.508	47	32
-1.5609	61	43
-1.5596	44	34
-1.5541	54	40
-1.5093	32	20
-1.4882	33	22
-1.5059	31	25
-1.5142	45	34
-1.4954	35	24
-1.5549	37	26
-1.5125	38	26
-1.5103	58	35
-1.5072	40	28
-1.5081	39	27
-1.5137	40	27
-1.5065	36	22
-1.5546	48	32
-1.5127	46	34
-1.5112	33	21
-1.51	35	23
-1.5126	48	30
-1.4962	35	23
-1.5047	38	24
-1.5095	41	29
-1.5603	40	24
-1.5118	30	18
-1.5098	43	31
-1.5409	59	41
-1.57	28	16
-1.5181	39	27
-1.5073	48	35
-1.5682	37	25
-1.5105	29	17
-1.5166	34	22
-1.5658	34	22
-1.5048	28	17
-1.571	31	19
-1.505	51	34
-1.5029	63	43
-1.5077	49	38
-1.5495	46	32
-1.516	23	11
-1.5099	46	24
-1.5055	48	33
-1.5191	33	21
-1.5072	42	28
-1.5145	65	36
-1.5404	51	39
-1.5021	31	19
-1.5098	38	23
-1.5356	50	35
-1.5599	34	22
-1.5005	38	27
-1.5665	53	34
-1.5128	34	22
-1.5114	45	26
-1.5002	31	20
-1.5486	41	31
-1.5014	31	19
-1.5571	55	41
-1.5686	37	25
-1.5698	52	33
-1.5052	45	34
-1.5527	40	29
-1.5016	36	24
-1.5573	44	33
-1.5047	55	36
-1.5059	39	26
-1.5069	45	27
-1.5076	39	24
-1.5674	44	38
-1.5116	30	18
-1.558	45	32
-1.5163	36	24
-1.5068	39	24
-1.5078	35	24
-1.5156	43	33
-1.5702	38	25
-1.5058	32	20
-1.5039	32	20
-1.5196	37	25
-1.5094	55	36
-1.5051	51	38
-1.5145	57	43
-1.5112	54	36
-1.5449	37	26
-1.5409	35	23
-1.5047	40	27
-1.56	48	32
-1.5656	46	27
-1.5077	37	25
-1.5634	39	33
-1.5043	33	21
-1.5731	56	40
-1.521	54	35
-1.5115	50	30
-1.5135	54	40
-1.5639	47	34
-1.4991	28	16
-1.5704	32	20
-1.5637	46	30
-1.5502	55	43
-1.5096	63	41
-1.5625	37	25
-1.5136	33	21
-1.5574	46	34
-1.5476	39	27
-1.5089	60	34
-1.5493	37	27
-1.5112	46	29
-1.5062	43	27
-1.5098	42	30
-1.5112	50	28
-1.5093	55	32
-1.5045	30	18
-1.4995	32	21
-1.5114	41	29
-1.5535	47	36
-1.5654	32	20
-1.5129	50	33
-1.5021	33	21
-1.5083	45	31
-1.5587	47	33
-1.5624	38	26
-1.5095	46	33
-1.5726	57	37
-1.5059	44	28
-1.5091	60	34
-1.5062	29	18
-1.5134	42	26
-1.5763	80	55
-1.5076	38	25
-1.5095	32	20
-1.512	41	29
-1.5137	49	33
-1.5528	44	32
-1.5606	39	27
-1.5168	49	32
-1.5327	45	25
-1.5051	51	30
-1.5121	80	45
-1.5287	35	24
-1.5614	44	31
-1.5582	43	31
-1.5096	49	32
-1.5634	42	30
-1.506	30	19
-1.5633	42	30
-1.5074	43	30
-1.5079	39	27
-1.5379	46	31
-1.5077	48	27
-1.5145	43	31
-1.5621	40	29
-1.5294	49	32
-1.5593	55	43
-1.548	63	37
-1.553	33	21
1.3185	23	11
-1.5051	28	16
-1.5282	51	32
-1.5641	50	38
-1.5125	36	23
-1.5654	36	24
-1.5116	40	27
-1.5048	31	19
-1.5577	34	23
-1.5048	46	34
-1.5071	33	22
-1.5084	39	27
-1.5462	28	26
-1.5529	44	32
-1.5453	38	25
-1.5497	44	31
-1.51	31	19
-1.5101	34	21
-1.5048	28	19
-1.5118	43	31
-1.5512	35	31
-1.5061	31	19
-1.5714	45	27
-1.5315	34	22
-1.5081	61	37
-1.5078	56	42
-1.5002	38	27
-1.5657	39	26
-1.511	40	25
-1.5092	41	29
-1.5068	40	28
-1.562	37	26
-1.5607	43	32
-1.5542	39	29
-1.5634	33	28
-1.5663	38	27
-1.5732	48	36
-1.5461	46	34
-1.5674	53	38
-1.5096	34	22
-1.5071	34	22
-1.5098	36	24
-1.5074	46	32
-1.5083	35	23
-1.5084	50	35
-1.5583	30	18
-1.5674	30	18
-1.5073	35	23
-1.5354	58	44
-1.5049	40	28
-1.5051	32	20
-1.5063	33	21
-1.5177	43	31
-1.51	43	31
-1.5053	30	18
-1.5103	32	20
-1.5132	36	24
-1.524	38	26
-1.5012	40	28
-1.4986	39	27
-1.5526	49	28
-1.5421	67	48
-1.5058	54	41
-1.5372	39	27
-1.5196	35	23
-1.5089	52	40
-1.5629	60	47
-1.5149	53	33
-1.5033	27	15
-1.5689	40	28
-1.5004	30	19
-1.5595	48	35
-1.5049	32	20
-1.504	39	26
-1.5444	36	27
-1.5084	37	25
-1.5042	31	20
-1.4996	42	31
-1.5033	28	18
-1.5091	56	42
-1.5598	44	26
-1.5123	35	20
-1.5618	45	33
-1.5458	38	27
-1.5041	33	21
-1.5284	37	26
-1.5123	45	29
-1.5099	45	26
-1.4993	29	23
-1.5106	40	27
-1.5117	65	45
-1.5575	36	25
-1.5594	44	27
-1.5093	38	26
-1.5113	76	43
-1.5026	43	30
-1.5072	51	36
-1.5623	27	15
-1.5421	36	24
-1.5748	52	38
-1.5098	33	21
-1.5041	44	33
-1.5029	37	22
-1.5139	41	26
-1.5124	30	18
-1.526	41	29
-1.5448	40	28
-1.5414	55	36
-1.5056	37	25
-1.5148	33	21
-1.5484	36	24
-1.5039	40	28
-1.5047	38	26
-1.5576	66	48
-1.5095	35	23
-1.5078	45	22
-1.5629	44	32
-1.5421	56	35
-1.5115	51	38
-1.5097	25	13
-1.5039	35	23
-1.5276	43	29
-1.5075	31	19
-1.5115	51	28
-1.5452	27	15
-1.5069	33	21
-1.5018	46	34
-1.5029	30	18
-1.509	50	32
-1.5646	47	35
-1.5087	48	34
-1.5037	31	19
-1.5039	29	17
-1.523	47	34
-1.5653	41	29
-1.5071	48	33
-1.5074	40	29
-1.5089	43	28
-1.5082	41	29
-1.5326	37	25
-1.51	44	28
-1.5358	33	21
-1.5532	44	32
-1.5036	44	33
-1.5073	39	22
-1.5712	32	20
-1.5053	29	17
-1.5113	27	15
-1.5074	30	18
-1.5758	66	44
-1.5723	46	34
-1.5581	32	20
-1.5648	33	22
-1.5127	53	33
-1.5065	34	22
-1.5626	35	23
-1.57	46	26
-1.507	39	23
-1.5619	35	23
-1.5432	53	31
-1.5692	39	27
-1.5632	29	17
-1.5095	35	23
-1.5076	29	17
-1.5151	39	27
-1.5	30	18
-1.4982	43	27
-1.5077	30	18
-1.5508	39	27
-1.504	38	26
-1.5429	40	28
-1.5191	50	37
-1.507	28	16
-1.4963	34	22
-1.5059	58	42
-1.5038	41	29
-1.5382	35	23
-1.5097	30	18
-1.5202	48	35
1.3298	40	26
-1.5075	34	23
-1.5463	43	30
-1.505	50	28
-1.5071	42	30
-1.5451	59	32
-1.5595	29	17
-1.5082	36	24
-1.507	45	32
-1.5082	31	20
-1.507	45	29
-1.5049	29	17
-1.5064	43	29
-1.5687	41	29
-1.5647	31	19
-1.5454	45	33
-1.5545	32	21
-1.5166	41	28
-1.5114	61	40
-1.3689	24	12
-1.5743	53	30
-1.5398	48	36
1.6177	20	8
-1.5595	38	26
-1.5099	42	30
-1.5067	36	24
-1.4949	34	22
-1.5608	39	27
-1.5083	38	27
-1.5062	37	25
-1.5029	30	19
-1.5039	35	23
-1.5033	36	25
-1.5065	43	31
-1.5027	42	28
-1.5103	47	35
-1.5038	46	32
-1.5541	23	18
-1.5055	36	24
-1.5603	38	26
-1.5064	45	33
-1.531	46	34
-1.5705	34	23
-1.5186	50	32
-1.5077	31	19
-1.5669	35	23
-1.541	39	27
-1.5057	40	27
-1.5218	45	28
-1.5077	56	36
-1.5043	39	27
-1.5523	41	29
-1.5684	59	47
-1.5464	37	25
-1.541	40	29
-1.572	42	30
-1.5109	52	32
-1.5493	42	31
-1.5694	48	32
-1.5516	45	33
-1.5601	43	31
-1.5085	65	35
-1.5092	29	17
-1.5127	45	30
-1.5046	50	29
-1.5095	29	17
-1.5254	43	25
-1.506	53	37
-1.5076	43	25
-1.505	34	22
-1.5066	51	33
-1.5115	40	28
-1.5035	48	34
-1.5071	67	49
-1.5191	46	31
-1.5201	34	22
-1.5062	42	28
-1.5112	50	32
-1.5081	34	23
-1.5499	51	34
-1.5061	47	30
-1.5082	38	26
-1.5039	30	18
-1.5728	46	31
-1.5172	40	28
-1.5097	37	25
-1.5112	28	22
-1.5152	89	48
-1.5135	50	33
-1.5017	27	15
-1.5038	35	24
-0.7673	30	18
-1.5017	31	19
-1.5083	32	20
-1.507	39	25
-1.5094	31	19
-1.5101	53	39
-1.5448	46	32
-1.5712	33	21
-1.5087	33	21
-1.5079	47	31
-1.512	40	28
-1.5002	37	28
-1.5023	26	21
-1.5687	28	16
-1.5067	38	26
-1.5093	43	30
-1.5072	52	39
-1.4993	37	25
-1.5037	44	28
-1.5105	40	21
-1.5127	36	24
-1.509	50	37
-1.5058	29	17
-1.5068	59	38
-1.5124	55	32
-1.5517	35	23
-1.5573	47	35
-1.5345	45	33
-1.5071	46	27
-1.5065	41	27
-1.505	28	16
-1.5085	51	38
-1.5024	34	22
-1.5303	45	33
-1.5463	60	39
-1.5059	57	44
-1.5084	35	23
-1.506	38	27
-1.5088	54	38
-1.5108	59	35
-1.5099	59	41
-1.5113	36	24
-1.5701	58	37
-1.5526	45	33
-1.5035	39	27
-1.4957	35	23
-1.509	31	20
-1.5083	34	23
-1.5156	51	36
-1.5638	48	35
-1.5464	29	17
-1.5437	66	45
-1.5048	40	28
-1.5085	30	18
-1.545	45	33
-1.5087	55	38
-1.507	59	35
-1.5643	39	27
-1.5075	36	24
-1.5052	38	26
-1.5095	43	31
-1.5163	45	28
-1.5213	36	24
-1.5083	46	31
-1.561	52	30
-1.5091	36	24
-1.5726	42	30
-1.5067	47	32
-1.5119	33	21
-1.5028	36	28
-1.5135	44	29
-1.4993	37	25
-1.5128	69	33
-1.5588	31	19
-1.5109	32	20
-1.5068	33	21
-1.505	21	17
-1.504	43	22
-1.5332	46	29
-1.5666	48	36
-1.5069	45	30
-1.5118	51	32
-1.5053	54	39
-1.5114	64	49
-1.5081	46	32
-1.552	57	31
-1.5076	35	23
-1.5119	33	20
-1.4908	28	18
-1.562	46	33
-1.566	41	29
-1.5447	53	32
-1.5022	36	25
-1.5466	49	33
-1.5614	48	37
-1.5546	48	30
-1.567	44	28
-1.5498	36	24
-1.507	34	22
-1.5358	52	38
-1.5024	46	34
-1.5057	64	43
-1.5012	21	20
-1.5058	39	27
-1.5007	51	34
-1.5508	36	24
-1.4986	43	29
-1.5232	41	31
-1.5079	52	38
-1.5475	55	35
-1.5509	36	24
-1.4873	25	13
-1.5627	32	20
-1.508	30	18
-1.4983	35	23
-1.5018	36	25
-1.5008	34	22
-1.4982	24	24
-1.5656	35	23
-1.5542	31	19
-1.5068	36	24
-1.5042	31	19
-1.5435	51	30
-1.5338	27	15
-1.5101	28	16
-1.5487	36	24
-1.5082	42	23
-1.5245	30	19
-1.5062	35	22
-1.5128	51	35
-1.5294	49	33
-1.5086	31	19
-1.507	57	42
-1.5161	59	37
-1.5105	43	26
-1.5078	41	20
-1.5642	52	32
-1.5151	58	38
-1.5051	58	39
-1.5606	35	24
-1.5051	41	28
-1.5196	53	28
-1.521	27	15
-1.5109	50	29
-1.5064	41	29
-1.5681	47	36
-1.5069	34	22
-1.501	36	24
-1.5101	42	30
-1.5103	46	33
-1.4908	29	18
-1.5036	37	31
-1.5751	43	30
-1.5067	44	32
-1.5027	55	37
-1.495	35	23
-1.5016	36	25
-1.5063	43	29
-1.5083	49	31
-1.5597	45	33
-1.5456	38	24
-1.5183	40	28
-1.5713	54	35
-1.5677	46	24
-1.5061	43	31
-1.5053	64	46
-1.5596	37	26
-1.5116	28	16
-1.5363	39	26
-1.5087	34	22
-1.5277	28	16
-1.5081	40	22
-1.5616	52	40
-1.559	28	16
-1.5094	45	31
-1.5073	33	21
-1.5098	57	38
-1.5171	46	29
-1.5085	33	21
-1.5045	33	21
-1.5094	40	28
-1.5708	48	34
-1.5481	31	20
-1.5078	27	15
-1.532	36	25
-1.519	40	28
-1.5725	56	33
-1.5624	61	39
-1.5568	41	29
-1.5078	42	28
-1.4878	34	23
-1.5071	31	19
-1.5093	58	30
-1.5082	57	39
-1.5028	36	23
-1.508	36	24
-1.5028	32	20
-1.5033	43	29
-1.5667	63	39
-1.5373	32	20
-1.5023	33	22
-1.5107	39	27
-1.5684	49	37
-1.5036	27	15
-1.5039	28	16
-1.5115	42	30
-1.5398	32	20
-1.5689	37	24
-1.5102	35	23
-1.5039	46	33
-1.5049	33	21
-1.5069	33	21
-1.5522	31	20
-1.5036	39	27
-1.5008	41	27
-1.5092	35	23
-1.5472	43	31
-1.5706	36	22
-1.5022	38	26
-1.5047	31	19
-1.5233	28	16
-1.5081	41	26
-1.5258	30	18
-1.5235	37	25
-1.549	44	32
-1.5057	34	22
-1.508	26	14
-1.5167	58	42
-1.5194	44	33
-1.5112	35	23
-1.5022	43	29
-1.5049	30	18
-1.5093	70	43
-1.5234	56	46
-1.5152	40	27
-1.5113	47	33
-1.5194	28	17
-1.5052	31	19
-1.5481	35	25
-1.5647	58	38
-1.5067	46	34
-1.5264	29	18
-1.5055	51	36
-1.5599	71	40
-1.566	50	36
-1.5658	56	42
-1.5151	38	26
-1.5361	33	22
-1.5236	47	33
-1.4974	31	20
-1.4899	36	25
-1.5065	47	36
-1.5183	40	28
-1.5096	36	24
-1.5091	41	27
-1.5657	35	23
-1.5086	32	20
-1.5263	37	25
-1.5076	48	36
-1.5117	37	25
-1.5681	35	23
-1.509	35	23
-1.5598	37	26
-1.5099	48	35
-1.5107	45	31
-1.4984	33	28
-1.5064	45	38
-1.5699	31	19
-1.5151	30	18
-1.5305	21	21
-1.5019	15	15
-1.5059	46	26
-1.4888	28	16
-1.5055	36	24
-1.5087	31	19
-1.5506	35	24
-1.526	38	26
-1.5724	49	33
-1.4939	29	18
-1.5464	61	46
-1.5101	40	33
-1.5623	56	36
-1.5032	45	31
-1.5476	52	37
-1.5068	46	32
-1.5657	65	36
-1.5153	29	17
-1.5096	51	31
-1.5072	45	26
-1.5068	47	26
-1.5092	31	19
-1.5091	61	41
-1.5735	38	26
-1.5098	65	34
-1.5102	48	25
-1.5143	40	28
-1.5035	43	26
-1.5092	26	14
-1.5031	47	38
-1.506	27	15
-1.5036	30	18
-1.5655	35	23
-1.5044	42	30
-1.5132	39	25
-1.5061	30	18
-1.5049	55	41
-1.5134	41	29
-1.5592	56	41
-1.4989	43	31
-1.5738	32	20
-1.5021	40	28
-1.5413	43	29
-1.5381	37	25
-1.513	45	29
-1.5659	33	21
-1.5048	32	20
-1.5642	48	31
-1.5054	45	29
-1.5661	36	24
-1.5093	49	26
-1.5105	37	25
-1.5066	52	40
-1.5075	56	44
-1.5075	48	35
-1.5033	36	25
-1.5037	29	17
-1.5326	55	40
-1.5087	52	33
-1.5054	31	19
-1.5073	37	25
-1.5082	44	36
-1.535	39	27
-1.5146	38	23
-1.5128	40	27
-1.5376	38	26
-1.5192	40	26
-1.5045	50	34
-1.5109	60	36
-1.5099	42	30
-1.5047	42	30
-1.5517	49	34
-1.5085	41	25
-1.5318	46	30
-1.5137	29	17
-1.5086	59	40
-1.5073	33	21
-1.5036	51	32
-1.4982	34	22
-1.5594	39	26
-1.5107	42	28
-1.5073	40	27
-1.5124	29	17
-1.5077	33	21
-1.5111	52	32
-1.5204	27	15
-1.5234	38	25
-1.5103	59	35
-1.5129	46	33
-1.5051	44	23
-1.5053	37	26
-1.5039	32	21
-1.5629	41	24
-1.5671	33	23
-1.5516	46	34
-1.5091	52	38
-1.4937	35	25
-1.5122	57	38
-1.5008	36	23
-1.5061	49	36
-1.554	38	26
-1.5038	27	20
-1.4982	29	18
-1.5027	31	20
-1.5103	30	18
-1.5568	49	36
-1.5109	40	28
-1.541	43	28
-1.5454	38	26
-1.5397	63	35
-1.5369	58	31
-1.5085	40	28
-1.5014	39	28
-1.555	52	37
-1.5118	36	24
-1.5476	50	40
-1.515	39	26
-1.5418	36	24
-1.5291	66	47
-1.5026	33	21
-1.5036	43	26
-1.5071	41	22
-1.5031	31	22
-1.5126	58	43
-1.5151	42	27
-1.5047	43	32
-1.5085	37	25
-1.5091	40	28
-1.5	50	33
-1.5693	53	41
-0.8287	24	14
-1.5132	45	30
-1.5514	31	20
-1.5098	36	24
-1.5372	27	16
-1.505	30	19
-1.5644	48	31
-1.5731	41	28
-1.5098	32	20
-1.5515	37	26
-1.5003	45	30
-1.5494	45	32
-1.4867	28	16
-1.5036	39	27
-1.5158	43	30
-1.5006	37	26
-1.5131	38	26
-1.5114	43	24
-1.5022	42	30
-1.5242	67	48
-1.4982	30	18
-1.5713	45	33
-1.4796	46	28
-1.5093	91	61
-1.5026	33	21
-1.5117	39	27
-1.495	59	35
-1.539	29	17
-1.5116	48	36
-1.5232	46	27
-1.5474	54	36
-1.5161	55	37
-1.5435	37	26
-1.5334	28	16
-1.5584	52	35
-1.5033	29	17
-1.5086	49	32
-1.5525	42	26
-1.5063	47	35
-1.5065	37	27
-1.5089	51	31
-1.5075	29	17
-1.5214	61	46
-1.5062	31	19
-1.564	38	26
-1.4985	31	21
-1.5608	49	36
-1.5304	58	43
-1.5064	29	17
-1.5306	28	17
-1.5672	41	29
-1.5104	55	44
-1.5096	58	38
-1.5511	39	26
-1.5385	34	22
-1.5193	28	16
-1.4998	54	37
-1.5106	31	19
-1.5154	61	36
-1.5078	31	19
-1.5125	58	36
-1.5442	44	33
-1.5079	42	30
-1.5136	75	37
-1.5337	56	35
-1.5549	29	17
-1.508	31	19
-1.5055	28	16
-1.5088	40	25
-1.5058	37	25
-1.5076	31	20
-1.5099	37	25
-1.5116	33	21
-1.5099	61	38
-1.5676	59	42
-1.4871	34	22
-1.5052	40	31
-1.5095	50	31
-1.5659	39	27
-1.5626	47	36
-1.5136	58	39
-1.502	29	17
-1.5107	51	37
-1.5091	58	42
-1.5084	34	22
-1.5613	34	27
-1.5072	36	21
-1.5074	37	25
-1.5049	56	42
-1.5009	57	34
-1.5057	43	30
-1.5042	53	39
-1.5166	53	33
-1.558	34	22
-1.4962	33	21
-1.5645	31	19
-1.5049	38	26
-1.5086	39	26
-1.5762	48	32
-1.5095	28	16
-1.5156	76	46
-1.5034	59	38
-1.5046	30	22
-1.5008	55	44
-1.5652	42	29
-1.5102	39	27
-1.5111	43	25
-1.5091	45	30
-1.5252	53	34
-1.5101	39	27
-1.5114	35	23
-1.502	44	29
-1.5245	78	55
-1.502	40	28
-1.5618	29	17
-1.5119	49	34
-1.5033	44	33
-1.5094	48	35
-1.5479	42	31
-1.566	82	52
-1.5342	62	41
-1.5352	37	25
-1.5674	29	17
-1.5742	73	41
-1.501	33	22
-1.5079	44	25
-1.4946	30	18
-1.5038	51	29
-1.5088	55	34
-1.5127	43	23
-1.4972	51	30
-1.5474	41	24
-1.5561	49	36
-1.5049	53	36
-1.5474	34	22
-1.5693	36	24
-1.5617	33	22
-1.5063	39	30
-1.5685	51	38
-1.5038	51	34
-1.5077	49	31
-1.5706	29	17
-1.5057	36	24
-1.4985	38	26
-1.4972	29	17
-1.5667	41	28
-1.5063	32	20
-1.5084	42	25
-1.5399	45	34
-1.51	35	23
-1.5093	27	15
-1.5073	49	28
-1.5735	29	17
-1.5029	39	29
-1.5194	51	40
-1.5022	37	25
-1.5101	28	16
-1.5052	44	29
-1.5654	32	21
-1.5043	30	18
-1.5003	30	18
-1.5083	37	23
-1.507	50	37
-1.5739	71	43
-1.5034	26	14
-1.5061	31	19
-1.5093	38	26
-1.5457	41	25
-1.5567	28	16
-1.5405	30	18
-1.5035	35	24
-1.5708	41	29
-1.5111	28	16
-1.5406	43	30
-1.5126	41	29
-1.5058	46	34
-1.5099	62	42
-1.5089	36	24
-1.5693	46	34
-1.508	34	22
-1.5132	95	52
-1.5662	52	39
-1.5041	31	20
-1.5076	31	19
-1.5094	28	16
-1.5559	42	32
-1.4966	33	21
-1.5514	57	37
-1.5432	43	34
-1.5084	45	28
-1.5034	28	17
-1.5557	30	24
-1.5018	38	24
-1.5599	61	41
-1.5129	32	20
-1.509	71	48
-1.5641	36	23
-1.5068	40	29
-1.5558	34	22
-1.5057	47	24
-1.5082	42	30
-1.5095	33	21
-1.5246	42	30
-1.5044	36	24
-1.5085	61	36
-1.5084	29	17
-1.5076	57	34
-1.5087	30	18
-1.51	46	31
-1.5504	36	25
-1.5009	38	26
-1.5035	28	16
-1.5425	46	33
-1.5224	33	21
-1.5166	33	21
-1.4908	26	14
-1.5118	37	25
-1.5064	36	24
-1.5648	36	25
-1.4947	28	21
-1.5568	25	19
-1.5054	36	24
-1.5067	41	29
-1.5086	48	36
-1.5084	42	25
-1.5083	42	29
-1.5059	45	29
-1.5021	40	29
-1.5034	41	29
-1.518	62	38
-1.539	43	31
-1.5059	37	31
-1.5074	37	25
-1.5012	30	25
-1.5057	39	29
-1.5025	37	25
-1.5722	37	25
-1.5096	52	39
-1.5083	55	33
-1.5671	50	31
-1.5511	47	35
-1.5024	42	30
-1.5086	71	50
-1.5325	39	28
-1.5525	61	43
-1.5082	43	31
-1.4993	28	17
-1.5076	41	29
-1.5044	53	39
-1.509	46	30
-1.4993	31	19
-1.4984	36	24
-1.5078	38	26
-1.5034	32	20
-1.5079	30	18
-1.5085	46	33
-1.509	47	24
-1.5476	30	18
-1.5461	36	24
-1.5023	37	23
-1.5068	40	28
-1.5117	47	35
-1.5512	52	40
-1.5077	39	27
-1.5081	35	23
-1.5593	43	27
-1.5047	35	24
-1.5064	52	36
-1.5079	44	32
-1.5034	44	23
-1.5044	40	26
-1.5008	31	20
-1.5663	38	23
-1.5069	32	20
-1.5026	31	19
-1.512	46	32
-1.5576	44	24
-1.5699	34	22
-1.5141	54	36
-1.5124	48	32
-1.5097	42	29
-0.9231	23	13
-1.5098	33	20
-1.5281	36	24
-1.5135	37	24
-1.5033	38	27
-1.5069	47	34
-1.557	36	25
-0.5865	23	14
-1.5014	51	36
-1.5038	34	21
-1.513	37	23
-1.5107	35	23
-1.5119	42	27
-1.5674	38	26
-1.5045	45	34
-1.5066	35	23
-1.5124	54	41
-1.561	34	22
-1.5625	29	17
-1.5118	45	23
-1.5123	59	29
-1.505	38	24
-1.5073	41	29
-1.5786	47	34
-1.5336	61	40
-1.5602	38	27
-1.5051	41	29
-1.4821	30	20
-1.5094	65	45
-1.5027	27	15
-1.5585	37	25
-1.5358	49	37
-1.5457	40	29
-1.4998	40	28
-1.5093	36	24
-1.5064	45	32
-1.5393	49	32
-1.5102	50	31
-1.5124	41	27
-1.5701	58	40
-1.5073	51	31
-1.507	28	16
-1.5088	37	25
-1.4983	31	20
-1.5647	41	28
-1.506	30	18
-1.5105	33	21
-1.5107	36	22
-1.5689	34	23
-1.5043	29	18
-1.5055	45	31
-1.5024	38	28
-1.5389	32	20
-1.5038	37	25
-1.5039	33	22
-1.5104	53	31
-1.4957	28	17
-1.5234	26	15
-1.4973	26	14
-1.5111	36	24
-1.5071	55	37
-1.5098	30	18
-1.5403	42	30
-1.5654	42	30
-1.5245	34	22
-1.512	40	24
-1.5115	34	23
-1.5641	36	33
-1.5069	59	45
-1.5069	44	32
-1.5165	39	26
-1.5613	35	23
-1.5119	30	18
-1.5505	38	26
-1.5543	36	24
-1.5122	39	27
-1.5064	33	21
-1.5088	35	23
-1.5493	37	25
-1.5039	29	17
-1.5379	51	37
-1.512	51	35
-1.5521	41	29
-1.5762	45	25
-1.4977	38	23
-1.5549	42	30
-1.5652	25	25
-1.5681	38	26
-1.5078	31	19
-1.5101	63	41
-1.5093	59	42
-1.5115	52	34
-1.5079	48	32
-1.5101	56	40
-1.5133	30	18
-1.508	51	28
-1.5067	42	31
-1.505	30	19
-1.5406	30	19
-1.5049	30	18
-1.5626	42	33
-1.5021	39	28
-1.5064	44	32
-1.5553	30	18
-1.5057	27	15
-1.5085	29	17
-1.5659	46	31
-1.5079	50	33
-1.5504	37	25
-1.5075	31	19
-1.5121	29	19
-1.5121	40	29
-1.5078	30	18
-1.5616	56	37
-1.571	52	35
-1.5137	46	33
-1.5011	31	21
-1.5467	41	29
-1.5704	66	41
-1.5088	47	30
-1.4946	28	16
-1.568	34	23
-1.4624	28	16
-1.5051	29	17
-1.5122	33	21
-1.501	32	22
-1.5089	48	29
-1.5046	30	25
-1.544	30	18
-1.5046	60	35
-1.5113	35	23
-1.5	33	22
-1.5108	51	29
-1.5052	45	33
-1.5027	41	31
-1.5062	28	16
-1.5033	28	16
-1.5428	56	34
-1.5161	41	27
-1.5168	38	26
-1.5083	34	22
-1.5075	60	36
-1.5295	55	35
-1.5472	34	22
-1.5543	62	31
-1.5051	59	41
-1.565	38	26
-1.503	37	30
-1.507	31	19
-1.4968	35	23
-1.5038	44	32
-1.4994	34	23
-1.5092	39	21
-1.5088	56	32
-1.5053	41	29
-1.5102	55	43
-1.5044	42	30
-1.5077	48	33
-1.5081	42	30
-1.5055	49	32
-1.5264	30	18
-1.5044	47	35
-1.5039	28	16
-1.5045	30	19
-1.5074	28	16
-1.4923	43	33
-1.5122	38	27
-1.561	33	21
-1.5663	41	29
-1.5091	59	33
-1.5035	31	20
-1.5063	34	22
-1.5057	50	34
-1.4986	31	22
-1.5661	39	26
-1.5706	50	31
-1.5049	27	22
-1.5072	45	25
-1.5062	34	23
-1.5138	63	42
-1.5113	35	21
-1.5066	31	19
-1.5646	48	36
-1.507	39	27
-1.5053	27	15
-1.511	40	28
-1.5644	53	41
-1.4975	31	19
-1.5056	29	17
-1.5067	38	26
-1.5277	34	22
-1.5643	38	26
-1.5054	37	25
-1.5652	45	33
-1.5492	49	37
-1.538	37	26
-1.5057	53	36
-1.5113	36	24
-1.5017	37	25
-1.5506	34	23
-1.5481	54	42
-1.5114	46	33
-1.502	32	21
-1.573	40	28
-1.5051	28	17
-1.5125	31	20
-1.5077	38	20
-1.5481	41	30
-1.4836	37	27
-1.4969	29	17
-1.5021	16	16
-1.5649	44	27
-1.5132	42	27
-1.507	39	26
-1.5076	35	24
-1.5061	36	29
-1.507	41	29
-1.5568	30	18
-1.5033	41	29
-1.5044	48	33
-1.5525	65	40
-1.5551	37	25
-1.5034	29	18
-1.5646	47	33
-1.5066	34	22
-1.5113	31	19
-1.5004	42	30
-1.508	32	26
-1.5426	62	46
-1.5066	34	22
-1.5076	33	21
-1.5237	39	33
-1.5579	47	32
-1.5694	34	22
-1.5075	32	20
-1.508	44	32
-1.5641	43	28
-1.5367	35	23
-1.508	32	20
-1.5695	45	26
-1.5079	39	28
-1.5103	34	22
-1.5069	30	18
-1.5064	46	26
-1.5059	34	22
-1.5109	47	29
-1.5105	41	29
-1.5083	57	39
-1.5021	37	24
-1.5571	51	39
-1.5458	29	17
-1.5595	46	34
-1.5044	30	19
-1.5059	44	31
-1.5069	23	11
-1.5624	42	30
-1.5073	51	33
-1.5125	48	34
-1.5077	48	43
-1.5344	49	37
-1.5104	41	29
-1.5663	39	27
0.5932	33	22
-1.5381	49	37
-1.5041	28	16
-1.51	45	31
-1.558	41	29
-1.5086	68	51
-1.5667	47	30
-1.557	44	32
-1.5574	34	22
-1.5197	40	28
-1.5074	32	20
-1.5035	38	26
-1.5118	43	28
-1.504	27	15
-1.504	29	17
-1.5144	58	35
-1.5563	38	26
-1.505	52	35
-1.5042	44	23
-1.5016	38	26
-1.5094	32	20
-1.5033	37	26
-1.5171	35	23
-1.5021	35	23
-1.5036	22	17
-1.5137	46	32
-1.571	44	27
-1.5162	29	18
-1.5091	39	27
-1.5596	46	32
-1.5649	50	30
-1.5054	24	18
-1.5083	45	33
-1.5679	41	28
-1.5579	86	52
-1.507	42	30
-1.5083	38	25
-1.5133	35	23
-1.5057	37	25
-1.5211	30	18
-1.5148	41	27
-1.5132	32	20
-1.5066	44	27
-1.5068	37	24
-1.5068	32	20
-1.5099	27	15
-1.5698	33	21
-1.562	32	20
-1.5175	30	18
-1.5079	43	23
-1.5411	50	32
-1.5132	49	35
-1.5645	63	39
-1.5071	39	24
-1.5054	30	18
-1.5081	33	21
-1.5046	64	32
-1.5099	83	52
-1.5096	43	31
-1.5346	51	38
-1.5046	49	33
-1.5064	68	50
-1.4988	31	21
-1.5123	40	24
-1.5075	43	32
-1.5393	46	33
-1.5075	36	24
-1.5625	36	24
-1.5069	33	21
-1.5049	31	19
-1.5483	54	38
-1.5071	32	21
-1.5339	35	23
-1.5276	72	45
-1.5047	42	30
-1.5097	33	21
-1.4989	31	20
-1.5077	40	28
-1.5035	32	20
-1.5061	41	24
-1.5044	30	18
-1.5321	46	33
-1.4993	29	17
-1.4972	37	24
-1.5052	56	36
-1.4981	41	26
-1.5321	47	33
-1.5462	42	30
-1.5052	37	26
-1.5573	52	35
-1.5361	35	24
-1.5093	50	30
-1.5108	51	29
-1.5725	41	29
-1.507	35	23
-1.5052	30	24
-1.5709	35	23
-1.5027	46	30
-1.5709	54	42
-1.5619	49	36
-1.5108	37	25
-1.5091	45	24
-1.5277	56	34
-1.5083	51	29
-1.5107	49	27
-1.5047	50	28
-1.5159	52	32
-1.5022	27	21
-1.5029	47	35
-1.5718	45	31
-1.5063	32	20
-1.4944	36	24
-0.6265	33	21
-1.5049	42	29
-1.5112	63	37
-1.5015	31	19
1.4723	21	9
-1.5045	44	30
-1.5084	31	19
-1.5042	49	34
-1.5048	34	23
-1.5607	50	36
-1.5264	56	38
-1.5096	43	25
-1.5147	42	30
-1.5079	50	37
-1.4042	32	22
-1.5122	48	33
-1.5076	46	24
-1.5412	48	28
-1.5129	50	37
-1.513	37	27
-1.5037	29	18
-1.5631	44	32
-1.5569	48	35
-1.5164	49	35
-1.5074	52	31
-1.5737	32	20
-1.5054	31	19
-1.5723	73	46
-1.509	17	17
-1.5005	27	15
-1.5041	48	35
-1.5078	48	28
-1.5098	43	31
-1.513	40	26
-1.5057	58	36
-1.553	68	43
-1.5672	48	34
-1.5098	60	32
-1.5594	40	28
-1.5221	56	44
-1.507	46	26
-1.5638	41	27
-1.5559	65	47
-1.5073	29	17
-1.5703	50	37
-1.5391	35	23
-1.5053	43	26
-1.511	29	17
-1.5065	37	25
-1.5056	40	28
-1.5161	31	19
-1.5108	45	25
-1.4973	38	27
-1.5069	30	19
-1.5377	40	28
-1.5219	75	54
-1.5105	43	24
-1.5118	45	31
-1.5344	49	33
-1.507	39	24
-1.5086	42	29
-1.3087	29	17
-1.5543	29	29
-1.5126	44	27
-1.5121	34	22
-1.547	35	23
-1.5082	31	19
-1.568	45	29
-1.5615	42	30
-1.5161	27	15
-1.5089	42	29
-1.5038	42	30
-1.5095	65	43
-1.5052	44	26
-1.5419	39	27
-1.5078	36	22
-1.5086	44	31
-1.522	33	21
-1.5531	29	18
-1.5485	49	38
-1.5174	35	23
-1.5086	45	32
-1.5327	31	19
-1.5203	33	22
-1.5334	27	15
-1.5273	45	31
-1.5222	41	29
-1.5062	31	19
-1.5076	36	24
-1.5077	48	35
-1.5036	36	31
-1.5654	36	24
-1.5092	51	32
-1.5121	31	19
-1.5071	52	36
-1.5051	51	36
-1.5376	52	31
-1.506	36	24
-1.5044	35	24
-1.5131	46	34
-1.5025	39	26
-1.555	41	34
-1.5079	35	23
-1.5108	59	37
-1.499	35	23
-1.5096	59	44
-1.5066	37	25
-1.5582	35	24
-1.5712	50	28
-1.5052	26	14
-1.5093	36	23
-1.5074	35	23
-1.5074	38	26
-1.5512	41	29
-1.508	44	31
-1.5069	44	31
-1.5064	28	16
-1.5757	65	35
-1.5444	32	20
-1.5084	41	24
-1.5085	49	37
-1.5042	37	31
-1.5136	28	16
-1.5033	31	19
-1.5071	27	21
-1.5071	60	43
-1.5119	46	32
-1.509	61	46
-1.559	72	42
-1.5126	38	23
-1.5056	31	20
-1.5115	37	25
-1.5675	40	27
-1.5075	53	36
-1.4938	32	21
-1.5116	31	19
-1.5195	30	18
-1.5013	34	22
-1.5051	35	27
-1.5069	51	39
-1.4758	29	19
-1.5098	71	40
-1.514	44	31
-1.5097	47	28
-1.5092	43	28
-1.5073	72	51
-1.5046	38	26
-1.521	39	28
-1.508	38	24
-1.5621	48	34
-1.5002	38	28
-1.5056	42	28
-1.5063	33	21
-1.5379	32	21
-1.5144	48	36
-1.5032	24	12
-1.5033	25	20
-1.52	38	26
-1.5054	36	24
-1.51	63	39
-1.5436	51	39
-1.5092	64	36
-1.5109	45	23
-1.5107	38	23
-1.5744	42	26
-1.5072	36	24
-1.5098	51	27
-1.5101	37	25
-1.5076	35	23
-1.5723	34	22
-1.5054	32	27
-1.5069	31	19
-1.5091	61	46
-1.5391	76	47
-1.5091	57	35
-1.5102	42	27
-1.5119	42	29
-1.5134	42	30
-1.5618	60	49
-1.5659	40	28
-1.5558	31	19
-1.509	63	34
-1.5117	73	45
-1.527	44	29
-1.5698	42	27
-1.563	34	22
-1.541	32	21
-1.504	33	22
-1.53	37	26
-1.5077	43	31
-1.4899	29	17
-1.5075	36	24
-1.5054	38	26
-1.5049	43	32
-1.5093	77	53
-1.5704	63	36
-1.5027	33	22
-1.5069	57	40
-1.5588	39	27
-1.5264	35	23
-1.5087	31	19
-1.5545	50	38
-1.5271	37	26
-1.506	34	22
-1.5148	44	30
-1.5097	46	31
-1.5073	26	15
-1.5064	55	35
-1.5615	37	26
-1.5324	41	29
-1.5063	27	15
-1.5703	53	37
-1.5052	22	22
-1.5235	61	42
-1.5579	45	33
-1.5113	69	49
-1.5093	46	35
-1.5068	30	18
-1.5123	29	17
-1.5082	31	19
-1.5091	60	35
-1.5049	56	39
-1.5055	35	22
-1.5039	54	34
-1.5562	32	21
-1.5158	41	26
-1.5051	32	26
-1.5109	35	23
-1.5079	36	24
-1.5019	47	27
-1.4968	35	24
-1.5553	73	50
-1.507	50	34
-1.4967	30	19
-1.5061	51	33
-1.5048	30	18
-1.5738	52	35
-1.5295	32	20
-1.5076	30	18
-1.5573	48	27
-1.5079	47	33
-1.5161	38	27
-1.5561	34	22
-1.5068	48	27
-1.5677	47	35
-1.5459	33	21
-1.5075	46	32
-1.4996	37	25
-1.5342	34	25
-1.5059	47	25
-1.5061	27	15
-1.5097	50	38
-1.5074	46	35
-1.5692	57	33
-1.5037	37	25
-1.5082	51	32
-1.5488	27	15
-1.5048	30	19
-1.5248	34	24
-1.5064	50	31
-1.5087	41	29
-1.5027	31	19
-1.5695	32	21
-1.507	45	33
-1.4967	39	28
-1.5083	30	18
-1.5067	37	25
-1.4973	33	21
-1.5651	50	38
-1.5079	31	19
-1.5579	20	20
-1.553	40	27
-1.564	43	31
-1.5104	82	46
-1.5241	23	23
-1.5529	62	44
-1.5042	41	24
-1.5627	29	23
-1.5573	36	27
-1.5081	51	39
-1.5053	28	17
-1.5366	59	36
-1.5707	44	32
-1.5022	38	27
-1.546	49	29
-1.5045	36	25
-1.501	31	19
-1.5136	35	24
-1.5056	35	23
-1.543	71	42
-1.5233	29	17
-1.5131	44	30
-1.5482	46	34
-1.5259	49	35
-1.5062	33	21
-1.5713	35	23
-1.5078	45	33
-1.506	30	18
-1.5076	32	20
-1.5653	36	24
-1.5086	31	19
-1.5654	39	32
-1.5497	54	36
-1.5655	35	23
-1.5652	54	34
-1.5341	31	20
-1.5033	48	27
-1.5599	56	34
-1.5101	34	22
-1.5058	57	40
-1.5065	54	33
-1.5106	52	32
-1.5029	52	41
-1.5037	36	24
-1.5099	39	26
-1.5675	57	44
-1.5712	34	22
-1.5108	43	30
-1.508	58	39
-1.5061	42	22
-1.5062	36	25
-1.5536	44	32
-1.5055	59	40
-1.5646	39	27
-1.5671	40	28
-1.5168	42	30
-1.5125	52	33
-1.5054	40	29
-1.5113	54	33
-1.5043	32	21
-1.4927	36	22
-1.5107	35	23
-1.5086	38	26
-1.5138	33	21
-1.5074	46	29
-1.5644	41	30
-1.5556	36	26
-1.5355	36	24
-1.3893	26	18
-1.5084	39	22
-1.559	43	31
-1.5014	29	23
-1.5435	34	22
-1.5042	35	31
0.2463	34	19
-1.5657	50	37
-1.5435	60	46
-1.511	36	21
-1.5013	31	20
-1.5623	44	32
-1.5115	68	38
-1.5092	28	16
-1.5626	41	23
-1.5096	36	24
-1.5555	31	19
-1.5108	38	26
-1.5695	34	22
-1.5081	32	20
-1.5543	68	50
-1.4956	36	24
-1.5541	33	21
-1.5026	31	19
-1.5081	38	26
-1.5125	45	23
-1.503	49	31
-1.4953	32	21
-1.5472	57	37
-1.5008	54	36
-1.556	33	21
-1.5356	41	28
-1.5203	37	25
-1.5503	51	39
-1.5065	28	16
-1.5106	38	26
-1.5039	25	13
-1.5034	29	25
-1.5098	35	23
-1.4471	29	17
-1.5166	34	22
-1.5236	31	20
-1.5097	32	20
-1.5237	40	28
-1.5665	37	25
-1.5633	50	39
-1.4912	39	30
-1.5053	39	27
-1.5622	42	30
-1.5138	46	32
-1.5029	34	23
-1.5105	45	32
-1.571	27	16
-1.5049	64	37
-1.51	74	46
-1.5116	40	27
-1.5585	48	36
-1.5478	30	18
-1.5035	27	15
-1.524	56	38
-1.5056	42	28
-1.5287	47	28
-1.4993	36	22
-1.5603	34	22
-1.5738	52	40
-1.5115	31	19
-1.5475	50	36
-1.5078	37	24
-1.5076	52	30
-1.5047	62	40
-1.551	40	30
-1.4996	38	26
-1.506	32	20
-1.4984	23	12
-1.5727	30	18
-1.5064	33	21
-1.5663	50	35
-1.5663	55	43
-1.5117	43	31
-1.5135	56	32
-1.5668	68	45
-1.5332	43	29
-1.5742	36	24
-1.5064	39	27
-1.5036	33	21
-1.5562	59	36
-1.5081	34	22
-1.5117	47	31
-1.5068	54	32
-1.5139	45	31
-1.516	62	46
-1.5008	26	14
-1.5109	65	39
-1.5074	50	34
-1.504	36	24
-1.5512	40	29
-1.5082	48	27
-1.5397	45	33
-1.5469	32	20
-1.5139	74	41
-1.5111	37	25
-1.509	57	35
-1.5703	48	34
-1.5043	31	20
-1.514	45	32
-1.5442	37	26
-1.4986	41	29
-1.4996	41	29
-1.5069	36	24
-1.5126	47	32
-1.513	32	20
-1.5124	41	28
-1.5407	44	28
-1.5064	40	28
-1.5049	56	40
-1.5043	42	30
-1.5306	41	27
-1.5095	39	27
-1.5106	43	27
-1.5531	36	24
-1.5686	48	28
-1.5643	36	24
-1.5055	37	25
-1.5157	32	20
-1.5074	33	21
-1.5031	39	27
-1.492	31	19
-1.5722	42	29
-1.5137	65	52
-1.5091	47	25
-1.5088	30	18
-1.5118	29	17
-1.5649	42	28
-1.5083	74	49
-1.5227	32	20
-1.5078	40	28
-1.561	27	19
-1.5545	43	28
-1.5069	33	22
-1.5082	35	23
-1.5481	39	28
-1.5075	29	17
-1.507	25	20
-1.4983	28	17
-1.5007	39	28
-1.5047	33	21
-1.5003	31	21
-1.505	27	15
-1.5147	46	25
-1.5079	44	27
-1.5346	37	25
-1.506	53	36
-1.5077	30	18
-1.524	38	26
-1.5014	47	29
-1.569	64	41
-1.5659	55	43
-1.5666	33	22
-1.504	76	54
-1.5692	75	52
-1.5478	50	32
-1.5537	38	27
-1.565	55	39
-1.5103	27	15
-1.5547	66	48
-1.5213	28	16
-1.5668	32	20
-1.5074	37	24
-1.5561	57	44
-1.5619	44	33
-1.4954	39	27
-1.5071	64	40
-1.5051	43	20
-1.5255	53	34
-1.5723	45	33
-1.5095	53	41
-1.5058	45	33
-1.5722	67	41
-1.5107	33	21
-1.5052	29	17
-1.5042	29	17
-1.5607	56	31
-1.5068	73	43
-1.5132	40	22
-1.5568	30	18
-1.5068	36	24
-1.5065	40	28
-1.5054	45	26
-1.5057	39	26
-1.5455	58	43
-1.5326	62	36
-1.5326	36	24
-1.5079	39	28
-1.5065	42	29
-1.5687	38	26
-1.5409	41	30
-1.5109	42	29
-1.5081	42	30
-1.5039	35	23
-1.5	27	16
-1.5568	36	24
-1.5049	33	21
-1.5148	49	33
-1.5065	33	21
-1.5631	38	26
-1.5025	53	38
-1.4944	28	16
-1.5055	39	25
-1.5111	29	17
-1.5055	26	14
-1.5125	46	34
-1.5644	43	31
-1.5062	33	22
-1.5694	39	27
-1.5144	34	22
-1.561	47	29
-1.5477	41	29
-1.5531	40	28
-1.5654	43	32
-1.5161	37	25
-1.511	30	18
-1.5078	49	37
-1.5073	54	32
-1.5378	35	23
-1.5104	64	43
-1.5092	46	24
-1.5138	45	28
-1.5121	55	33
-1.4993	27	16
-1.4964	38	27
-1.5034	57	42
-1.5038	57	38
-1.4695	66	45
-1.5629	39	29
-1.5602	38	24
-1.5531	30	18
-1.5097	44	27
-1.5071	49	37
-1.4907	35	26
-1.5394	44	31
-1.5069	37	22
-1.5013	25	19
-1.4985	33	21
-1.5016	29	17
-1.5676	54	42
-1.5062	58	38
-1.535	55	41
-1.5082	47	35
-1.5054	54	35
-1.5094	55	36
-1.499	39	27
-1.5573	31	20
-1.5065	34	22
-0.0482	40	28
-1.5135	42	24
-1.5083	26	21
-1.539	36	24
-1.5457	36	24
-1.5005	31	25
-1.5053	36	22
-1.5042	35	25
-1.5087	50	37
-1.5058	41	24
-1.5028	42	30
-1.5097	33	21
-1.5141	33	21
-1.5025	28	16
-1.5083	47	35
-1.5105	39	26
-1.506	17	17
-1.5366	45	34
-1.5321	37	19
-1.5285	33	21
-1.5124	48	29
-1.5083	33	21
-1.5038	36	24
-1.5621	37	25
-1.5081	41	29
-1.5059	26	14
-1.5006	52	29
-1.5044	43	32
-1.5099	44	32
-1.5572	49	37
-1.5164	48	25
-1.4993	47	37
-1.5062	39	25
-1.5072	33	21
-1.5061	34	22
-1.5717	51	34
-1.5604	58	35
-1.5023	70	45
-1.5148	51	37
-1.5095	31	19
-1.5653	30	18
-1.5074	31	19
-1.5527	32	21
-1.5024	51	38
0.016	24	15
-1.5053	44	30
-1.4892	43	30
-1.5551	46	38
-1.5516	45	28
-1.505	32	20
-1.5136	40	24
-1.5102	47	27
-1.5035	30	18
-1.5509	33	21
-1.5017	31	21
-1.5056	38	25
-1.5102	36	24
-1.5103	33	21
-1.5516	43	31
-1.5489	37	26
-1.5522	49	27
-1.1879	29	20
-1.5647	43	30
-1.5367	35	23
-1.4976	38	28
-1.5071	40	28
-1.5094	41	29
-1.5686	55	40
-1.5492	53	40
-1.5068	32	20
-1.5443	42	31
-1.5277	39	23
-1.5036	45	30
-1.5103	34	22
-1.508	36	21
-1.5063	56	37
-1.5213	30	18
-1.561	38	27
-1.5568	28	18
-1.5101	43	31
-1.5165	66	40
-1.5572	31	20
-1.5086	30	19
-1.5074	48	36
-1.5034	35	24
-1.5148	52	41
-1.5652	46	32
-1.5075	38	26
-1.5556	29	22
-1.5614	36	24
-1.5137	35	23
-1.5025	36	24
-1.5594	50	38
-1.5048	29	17
-1.5314	42	33
-1.5124	43	31
-1.505	53	32
-1.5357	55	34
-1.5042	35	23
-1.5116	48	28
-1.5081	37	25
-1.5068	46	34
-1.5039	32	20
-1.5037	39	27
-0.9509	54	31
-1.5086	31	25
-1.5615	51	38
-1.5673	62	45
-1.511	54	42
-1.5564	44	33
-1.5063	34	22
-1.5033	42	35
-1.504	24	12
-1.5244	31	19
-1.51	41	29
-1.5114	47	25
-1.5522	49	36
-1.5099	31	19
-1.5531	45	34
-1.5617	49	35
-1.5032	34	23
-1.5156	28	16
-1.5062	38	26
-1.5087	43	31
-1.5023	39	27
-1.5622	46	34
-1.5086	30	18
-1.5005	37	27
-1.5132	49	30
-1.5059	30	18
-1.5017	28	16
-1.511	34	22
-1.494	35	24
-1.5119	52	39
-1.5041	27	15
-1.5053	45	24
-1.5043	35	28
-1.5055	33	21
-1.5324	48	35
-1.4969	27	17
-1.5122	37	25
-1.5077	53	40
-1.5154	60	34
-1.5037	38	27
-1.5118	45	33
-1.5043	62	41
-1.5097	32	20
-1.5094	62	31
-1.491	39	27
-1.508	45	26
-1.5662	34	22
-1.5063	51	38
-1.5516	42	26
-1.5046	61	44
-1.5483	60	44
-1.5488	33	21
-1.5064	47	32
-1.5087	33	21
-1.5122	51	32
-1.5027	28	17
-1.5359	34	23
-1.5041	39	24
-1.5109	60	35
-1.5621	36	24
-1.5086	38	24
-1.5488	42	26
-1.5114	33	21
-1.5122	35	21
-1.5105	36	26
-1.5611	31	19
-1.5097	68	48
-1.5055	40	28
-1.5383	34	23
-1.5024	29	17
-1.5097	52	35
-1.5082	49	36
-1.5642	41	28
-1.5021	47	36
-1.5035	47	34
-1.5076	48	32
-1.5065	38	26
-1.5701	38	26
-1.5028	35	29
-1.5084	25	13
-1.5074	49	36
-1.5053	43	31
-1.5415	61	44
-1.504	29	18
-1.516	31	19
-1.5149	45	24
-1.5607	34	23
-1.51	30	18
-1.5404	46	33
-1.5216	38	26
-1.5608	49	35
-1.553	32	27
-1.497	42	30
-1.5069	41	23
-1.5039	48	32
-1.5556	41	27
-1.5348	45	30
-1.5037	34	21
-1.5043	26	14
-1.4989	28	18
-1.5093	38	26
-1.5132	48	30
-1.5131	47	35
-1.5029	40	29
-1.5037	32	22
-1.5474	58	36
-1.5603	46	28
-1.568	35	23
-1.504	33	23
-1.5031	48	36
-1.5072	44	30
-1.5103	45	25
-1.5063	53	37
-1.4984	37	25
-1.5197	44	29
-1.514	40	28
-1.5656	30	23
-1.5693	50	35
-1.5142	51	29
-1.5126	55	34
-1.5065	33	21
-1.5056	27	16
-1.5733	30	18
-1.5114	33	22
-1.5479	39	27
-1.5638	52	33
-1.5092	58	38
-1.5162	50	30
-1.5274	32	20
-1.5149	52	34
-1.509	63	43
-1.5016	42	27
-1.5302	99	61
-1.5317	34	22
-1.5058	38	26
-1.5311	34	24
-1.5063	32	21
-1.5652	33	23
-1.5289	52	29
-1.5027	40	30
-1.5667	28	17
-1.5084	39	27
-1.5633	54	33
-1.5054	32	20
-1.5032	28	16
-1.5528	28	16
-1.5134	34	22
-1.5077	46	29
-1.5539	53	41
-1.5129	37	25
-1.5151	38	31
-1.5076	34	22
-1.5073	43	29
-1.5094	28	16
-1.5359	47	30
-1.5052	41	24
-1.5109	34	22
-1.5686	56	34
-1.5081	34	22
-1.5125	37	25
-1.4914	32	21
-1.5069	62	40
-1.5241	49	37
-1.5108	38	26
-1.5091	46	30
-1.5081	44	30
-1.5029	36	25
-1.5102	48	33
-1.5043	42	30
-1.5118	52	40
-1.5047	37	25
-1.5041	40	29
-1.5313	33	21
-1.5066	55	34
-1.5628	33	21
-1.509	54	41
-1.5614	37	25
-1.5518	42	31
-1.561	42	30
-1.5682	40	28
-1.5543	50	34
-1.5032	39	28
-1.5033	32	20
-1.4994	30	27
-1.5058	37	25
-1.505	45	33
-1.5075	52	36
-1.5577	40	28
-1.5054	29	17
-1.5048	33	21
-1.5106	39	27
-1.4968	40	28
-1.4999	49	36
-1.5074	50	36
-1.5055	28	16
-1.5228	34	22
-1.5028	38	28
-1.5207	28	16
-1.5091	37	25
-1.5624	57	40
-1.5169	51	33
-1.5629	58	35
-1.51	50	29
-1.5015	41	29
-1.506	36	24
-1.5039	51	31
-1.5033	77	53
-1.5544	38	27
-1.5099	38	26
-1.5055	57	32
-1.5022	37	25
-1.5023	38	25
-1.5093	48	33
-1.5135	44	28
-1.5083	36	24
-1.5115	27	15
-1.5419	65	47
-1.5102	47	28
-1.4975	27	22
-1.5109	46	33
-1.5086	61	35
-1.5068	30	18
-1.5102	33	21
-1.5103	38	25
-1.5538	35	23
-1.558	28	17
-1.5074	36	24
-1.5118	35	23
-1.4997	39	27
-1.508	34	22
-1.5042	54	37
-1.5143	36	24
-1.5549	43	31
-1.5378	51	30
-1.5066	44	32
-1.5113	51	31
-1.505	34	22
-1.5639	36	26
-1.5058	47	35
-1.5059	48	29
-1.5082	55	35
-1.5097	45	30
-1.5235	31	19
-1.5161	29	17
-1.5289	44	32
-1.5076	32	20
-1.5705	42	30
-1.5018	25	25
-1.5078	46	24
-1.5057	38	25
-1.5396	49	36
-1.5012	34	24
-1.542	39	29
-1.5084	50	28
-1.5079	36	24
-1.505	35	23
-1.5057	54	41
-1.509	28	16
-1.5068	46	34
-1.5087	47	31
-1.5505	43	30
-1.5029	30	26
-1.5093	51	29
-1.5041	35	23
-1.5143	37	25
-1.5084	46	30
-1.5088	45	30
-1.5082	37	25
-1.5072	33	21
-1.5034	31	19
-1.5558	43	29
-1.508	39	27
-1.4999	31	19
-1.5089	34	22
-1.5551	54	37
-1.562	44	32
-1.5038	28	16
-1.5083	56	40
-1.5361	30	18
-1.5612	46	29
-1.5091	47	31
-1.5046	33	21
-1.5069	44	30
-1.5575	41	29
-1.5175	37	25
-1.5134	40	28
-1.5401	32	23
-1.5386	40	28
-1.5088	38	26
-1.5039	37	29
-1.5101	32	20
-1.5343	30	20
-1.5072	33	21
-1.5075	51	39
-1.5063	57	36
-1.5132	36	25
-1.5681	58	46
-1.5084	43	29
-1.5441	28	16
-1.5413	46	32
-1.5108	59	40
-1.5496	62	42
-1.5081	40	27
-1.5137	32	20
-1.5062	43	30
-1.5031	33	22
-1.4628	31	20
-1.5078	51	29
-1.5075	39	27
-1.5036	39	31
-1.5109	31	19
-1.4867	26	15
-1.5088	32	20
-1.5055	53	27
-1.5058	49	34
-1.5119	42	30
-1.5069	57	38
-1.5039	30	18
-1.5105	58	42
-1.502	43	31
-1.5039	47	35
-1.5571	31	19
-1.513	39	27
-1.5109	46	32
-1.5111	54	33
-1.5681	49	36
-1.5103	34	22
-1.5051	38	26
-1.5715	49	37
-1.5001	41	30
-1.5036	34	26
-1.5442	31	19
-1.5025	36	24
-1.5482	44	21
-1.5448	42	30
-1.5663	47	32
-1.5571	34	23
-1.555	46	25
-1.5053	44	30
-1.5042	37	25
-1.5055	56	43
-1.509	40	28
-1.5041	50	32
-1.5034	41	20
-1.5047	35	24
-1.5688	40	28
-1.5592	29	18
-1.5083	50	37
-1.5075	46	35
-1.5458	39	28
-1.5398	41	25
-1.5122	50	33
-1.5107	29	17
-1.5063	49	34
-1.5656	61	39
-1.5078	34	21
-1.4971	33	21
-1.5216	31	19
-1.5242	52	35
-1.5057	46	35
-1.5017	35	23
-1.5077	30	18
-1.5556	40	28
-1.5346	52	30
-1.5625	47	36
-1.555	35	23
-1.5016	30	19
-1.5631	39	27
-1.5044	47	35
-1.5537	35	23
-1.5011	30	24
-1.5087	31	19
-1.5077	61	41
-1.5558	52	32
-1.5169	54	36
-1.5088	38	21
-1.5098	29	17
-1.5079	42	30
-1.514	50	36
-1.5218	35	23
-1.5093	37	24
0.0102	23	11
-1.5699	57	34
-1.5281	42	24
-1.5068	36	24
-1.5524	66	44
-1.5591	62	39
-1.5095	32	20
-1.5056	27	15
-1.5093	32	20
-1.5083	37	25
-1.5107	32	20
-1.5079	37	25
-1.5612	48	35
-1.5636	31	19
-1.5234	45	28
-1.5586	31	19
-1.5075	44	32
-1.5502	49	39
-1.5072	32	20
-1.5075	47	33
-1.5078	44	25
-1.5042	33	28
-1.539	54	41
-1.5023	35	24
-1.506	37	25
-1.5027	35	24
-1.5528	40	29
-1.5076	38	26
-1.5142	30	18
-1.5072	27	15
-1.5736	54	38
-1.5107	39	27
-1.5687	62	44
-1.5124	31	19
-1.5071	29	17
-1.5599	39	28
-1.5154	37	25
-1.5117	53	26
-1.5058	38	26
-1.5351	39	28
-1.5673	36	25
-1.5185	50	29
-1.5469	46	34
-1.5606	58	41
-1.5048	54	40
-1.4988	31	20
-1.5083	32	20
-1.5067	63	48
-1.5083	56	33
-1.5573	33	21
-1.5088	40	29
-1.5333	37	25
-1.5113	40	28
-1.5086	53	33
-1.5082	46	37
-1.5552	34	23
-1.5077	38	26
-1.5105	44	32
-1.5721	64	45
-1.5554	38	27
-1.5109	34	22
-1.5586	35	24
-1.5076	26	14
-1.5032	33	22
-1.5094	28	16
-1.5664	51	39
-1.516	37	25
-1.5084	37	23
-1.5022	28	17
-1.5148	52	39
-1.5495	41	30
-1.5013	25	20
-1.5093	36	20
-1.5091	48	36
-1.5481	50	38
-1.5253	31	19
-1.5073	56	35
-1.5038	33	19
-1.5077	64	41
-1.4999	32	21
-1.5688	53	36
-1.507	56	34
-1.5102	44	31
-1.5034	37	26
-1.5616	46	34
-1.5547	46	34
-1.5526	36	24
-1.5173	29	17
-1.5096	34	22
-1.5052	46	36
-1.5203	25	20
-1.5065	33	21
-1.5537	32	20
-1.5067	41	24
-1.5024	44	30
-1.5122	40	27
-1.5105	65	43
-1.5186	30	18
-1.5157	47	35
-1.5589	40	29
-1.524	37	22
-1.5064	29	17
-1.5645	33	22
-1.569	59	43
-1.5088	58	34
-1.5132	40	27
-1.5705	46	34
-1.5478	46	35
-1.5085	33	21
-1.5023	37	25
-1.4964	33	21
-1.5598	53	35
-1.5101	33	21
-1.555	41	29
-1.5664	33	22
-1.5499	48	35
-1.5091	41	29
-1.5096	47	32
-1.5068	49	34
-1.513	41	28
-1.507	52	38
-1.5034	37	26
-1.5064	40	28
-1.5238	42	30
-1.5085	31	19
-1.5316	36	22
-1.5025	41	26
-1.5081	50	28
-1.5012	33	21
-1.5489	49	32
-1.5042	31	21
-1.5096	33	21
-1.4988	49	37
-1.5061	37	26
-1.5061	31	19
-1.5095	31	19
-1.5066	32	20
-1.5086	28	16
-1.5056	36	24
-1.5086	41	29
-1.5044	32	21
-1.5142	47	33
-1.5077	54	37
-1.51	70	45
-1.5059	41	28
-1.4989	34	22
-1.5178	47	29
-1.5081	30	19
-1.5137	38	26
-1.5077	50	34
1.5233	21	9
-1.5087	91	57
-1.5063	39	25
-1.496	35	23
-1.5119	41	26
-1.5073	38	23
-1.5641	39	27
-1.561	46	25
-1.5063	39	27
-1.5086	47	30
-1.5086	36	23
-1.5105	34	21
-1.5608	35	29
-1.5081	28	16
-1.5093	47	30
-1.5672	47	32
-1.5613	42	27
-1.5079	41	36
-1.4998	33	22
-1.5252	54	42
-1.5049	41	29
-1.505	43	32
-1.5032	48	40
-1.5099	61	38
-1.5065	33	21
-1.5212	35	24
-1.5111	38	26
-1.5088	62	43
-1.5075	31	20
-1.5091	40	28
-1.5103	56	30
-1.5076	35	23
-1.515	44	30
-1.5086	46	34
-1.5112	37	25
-1.5079	45	22
-1.5695	58	43
-1.5035	29	17
-1.5039	49	33
-1.5189	39	27
-1.5456	49	27
-1.5039	29	17
-1.5087	30	18
-1.5082	33	21
-1.5107	56	43
-1.5173	41	29
-1.5383	30	19
-1.5091	42	29
-1.571	65	40
-1.5096	34	22
-1.5132	55	35
-1.5065	55	35
-1.5524	42	30
-1.5174	32	20
-1.5069	46	34
-1.5262	43	27
-1.5052	32	20
-1.512	44	30
-1.5091	35	23
0.9161	35	23
-1.506	32	20
-1.5244	64	47
-1.5083	42	30
-1.503	54	40
-1.5089	61	45
-1.5118	33	21
-1.4363	29	17
-1.5653	43	31
-1.511	37	25
-1.5646	49	40
-1.503	25	19
-1.5539	40	30
-1.503	29	20
-1.5102	45	26
-1.5707	37	25
-1.5426	34	22
-1.504	31	19
-1.5041	28	16
-1.5084	51	39
-1.5686	48	34
-1.5047	39	25
-1.5579	35	23
-1.5395	65	44
-1.5099	32	21
-1.57	57	37
-1.507	37	25
-1.5066	34	22
-1.5095	44	31
-1.5047	53	37
-1.5078	26	14
-1.5035	41	29
-1.5525	33	21
-1.5032	32	20
-1.514	60	36
-1.5716	43	31
-1.4988	47	35
-1.5187	49	29
-1.5081	37	25
-1.5181	55	39
-1.5271	36	24
-1.559	32	20
-1.5621	37	24
-1.5439	50	28
-1.5068	43	26
-1.505	33	21
-1.5601	48	38
-1.521	27	15
-1.56	38	26
-1.5319	72	47
-1.5195	29	20
-1.5078	47	33
-1.5097	44	31
-1.5117	47	32
-1.5552	41	29
-1.5084	48	27
-1.5466	36	23
-1.5313	31	19
-1.5244	32	20
-1.5051	31	19
-1.5115	30	19
-1.5086	55	33
-1.5112	39	27
-1.5085	40	28
-1.5129	31	19
-1.575	33	21
-1.5429	35	23
-1.5095	36	25
-1.56	36	24
-1.5023	40	34
-1.5361	59	39
-1.4982	48	37
-1.5069	37	25
-1.5274	30	19
-1.5646	37	23
-1.5065	42	29
-1.5132	55	32
-1.5046	53	41
-1.5122	50	37
-1.5077	37	25
-1.5437	34	22
-1.5081	24	18
-1.5089	35	23
-1.5086	37	25
-1.5032	31	20
-1.5094	47	31
-1.552	40	27
-1.5082	41	29
-1.5579	55	38
-1.5054	50	36
-1.5038	53	36
-1.5129	36	24
-1.5226	35	23
-1.5231	57	40
-1.5716	52	35
-1.5028	35	23
-1.5091	29	17
-1.5035	52	35
-1.5592	43	31
-1.5458	43	29
-1.5149	31	19
-1.508	34	22
-1.5594	57	31
-1.5041	35	23
-1.5561	47	31
-1.511	36	24
-1.484	28	18
-1.5431	30	18
-1.5447	53	41
-1.508	33	21
-1.5027	32	27
-1.5109	40	24
-1.5702	73	40
-1.5683	38	26
-1.5053	46	31
-1.5698	65	41
-1.5064	49	29
-1.5094	33	21
-1.501	32	20
-1.5061	34	28
-1.5071	32	20
-1.5082	34	22
-1.5707	52	36
-1.5071	45	33
-1.562	50	35
-1.5572	47	32
-1.5115	48	31
-1.5649	42	30
-1.5024	33	21
-1.5032	28	24
-1.5563	36	24
-1.5146	32	20
-1.4954	45	32
-1.5062	34	23
-1.5075	29	18
-1.5702	33	21
-1.531	49	34
-1.5489	26	14
-1.5659	42	27
-1.5537	37	25
-1.5205	51	30
-1.5086	44	23
-1.509	62	37
-1.5412	45	27
-1.5614	37	26
-1.5051	31	19
-1.501	22	16
-1.5055	36	24
-1.5606	30	22
-1.562	47	32
-1.5053	43	30
-1.5491	39	27
-1.51	37	25
-1.5059	45	31
-1.5652	47	35
-1.5575	50	38
-1.5163	32	21
-1.5746	64	36
-1.5063	51	37
-1.5081	28	16
-1.5103	31	19
-1.5719	43	25
-1.5056	34	23
-1.5519	30	18
-1.5075	44	30
-1.5201	38	26
-1.5038	40	28
-1.5064	42	29
-1.5503	49	37
-1.514	72	38
-1.5035	37	32
-1.507	55	39
-1.5063	41	29
-1.5614	44	22
-1.5093	37	25
-1.5487	47	36
-1.5081	37	26
-1.5174	67	45
-1.5055	52	31
-1.5135	34	22
-1.4969	40	28
-1.5109	34	22
-1.5707	52	30
-1.5502	41	29
-1.5031	60	39
-1.5612	41	29
-1.5083	37	24
-1.5075	40	28
-1.5053	33	22
-1.5074	38	27
-1.5068	47	24
-1.5092	49	30
-1.5092	44	33
-1.5074	29	17
-1.5073	36	24
-1.5081	32	20
-1.5072	29	17
-1.4916	29	18
-1.5093	40	26
-1.5072	43	28
-1.5549	33	21
-1.5107	39	27
-1.5466	36	24
-1.5076	36	24
-1.512	39	26
-1.5697	49	33
-1.5572	38	26
-1.5337	49	35
-1.5069	60	42
-1.4971	31	20
-1.4783	29	23
-1.5316	31	20
-1.5138	39	26
-1.5085	28	16
-1.5446	39	27
-1.506	46	29
-1.5081	38	26
-1.5616	28	27
-1.5131	37	25
-1.5105	26	14
-1.5059	43	31
-1.5697	43	36
-1.5381	40	29
-1.5093	30	18
-1.5079	42	26
-1.5072	38	26
-1.5086	38	25
-1.5156	29	18
-1.5546	39	28
-1.5119	60	34
-1.5084	44	31
-1.5068	39	26
-1.5035	29	17
-1.5471	42	26
-1.5094	32	20
-1.5024	36	24
-1.5784	61	41
-1.5661	56	36
-1.5068	33	21
-1.5075	47	35
-1.5719	43	30
-1.5039	42	27
-1.5032	48	35
-1.504	27	15
-1.5094	37	26
-1.5675	34	22
-1.5063	45	32
-1.5042	42	30
-1.509	43	30
-1.4912	30	18
-1.5054	47	32
-1.0543	27	16
-1.5015	19	19
-1.4963	39	20
-1.566	56	44
-1.5058	34	23
-1.5615	55	42
-1.5083	35	23
-1.5636	30	18
-1.5007	39	33
-1.496	34	23
-1.4965	34	25
-1.5122	40	28
-1.5414	69	56
-1.5516	34	22
-1.5078	47	34
-1.5451	46	33
-1.5098	35	23
-1.5643	32	21
-1.5636	29	18
-1.5057	32	20
-1.5671	62	41
-1.5104	34	22
-1.5123	26	14
-1.5056	46	35
-1.5044	35	21
-1.5107	40	26
-1.5094	39	27
-1.506	42	23
-1.5079	41	29
-1.5192	37	26
1.0385	24	13
-1.5099	37	25
-1.5047	32	20
-1.5055	37	26
-1.551	30	18
-1.5055	39	25
-1.5068	43	31
-1.4991	49	33
-1.4823	35	24
-1.5607	86	53
-1.5578	59	42
-1.5169	62	38
-0.4385	27	17
-1.5104	40	22
-1.5069	36	24
-1.5076	30	18
-1.505	49	37
-1.5064	50	27
-1.5124	55	33
-1.5028	27	15
-1.5066	34	23
-1.5453	60	40
-1.542	41	26
-1.5118	35	23
-1.5652	38	27
-1.5572	32	20
-1.5025	32	22
-1.5041	36	25
-1.5063	30	18
-1.5047	38	26
-1.5063	55	39
-1.4966	35	30
-1.5126	79	57
-1.5695	39	24
-1.5092	64	42
-1.5086	46	32
-1.5236	35	23
-1.5708	55	42
-1.5423	24	20
-1.5078	68	44
-1.5417	58	47
-1.5131	53	30
-1.5125	40	28
-1.5088	58	35
-1.5063	33	21
-1.5067	51	35
-1.5444	31	19
-1.5048	62	29
-1.5067	54	33
-1.5107	36	24
-1.568	45	33
-1.4973	26	21
-1.5088	44	32
-1.515	46	31
-1.5421	29	17
-1.5069	53	40
-1.5119	56	36
-1.4971	39	29
-1.516	30	18
-1.5048	27	22
-1.5084	50	36
-1.5549	45	28
-1.4986	41	23
-1.5301	37	26
-1.5099	34	22
-1.5594	39	27
-1.5063	37	22
-1.5737	41	29
-1.4992	32	26
-1.5022	28	17
-1.5124	34	22
-1.5137	52	34
-1.5473	28	16
-1.56	40	32
-1.505	36	24
-1.5058	36	24
-1.5491	67	49
-1.5055	34	22
-1.5385	26	21
-1.5143	31	19
-1.5654	32	26
-1.5011	48	26
-1.5108	46	32
-1.5083	37	25
-1.5031	32	20
-1.5083	46	30
-1.5653	30	18
-1.5109	62	41
-1.5648	31	31
-1.5543	32	20
-1.5719	36	24
-1.5285	42	30
-1.5432	59	43
-1.5107	35	23
-1.5056	34	22
-1.5062	47	24
-1.5086	37	24
-1.5079	61	47
-1.4988	31	19
-1.5644	46	33
-1.4921	37	24
-1.5343	44	32
-1.5099	40	28
-1.5102	30	18
-1.5622	51	30
-1.5552	43	32
-1.5131	39	27
-1.5363	30	18
-1.5518	47	34
-1.5203	55	40
-1.5636	48	33
-1.5096	41	27
-1.5092	55	32
-1.5083	39	27
-1.5724	40	27
-1.5017	27	16
-1.5074	48	28
-1.5524	50	38
-1.5036	35	23
-1.5041	29	21
-1.4982	36	25
-1.5007	38	26
-1.5075	52	35
-1.5138	39	27
-1.5116	47	29
-1.5078	41	29
-1.5341	65	42
-1.5044	26	15
-1.5034	44	32
-1.5626	50	35
-1.5104	46	27
-1.5024	27	22
-1.509	43	31
-1.5129	47	32
-1.5117	35	23
-1.5078	47	33
-1.512	66	35
-1.5096	32	20
-1.5092	47	34
-1.5082	43	31
-0.8321	36	23
-1.5039	37	25
-1.5061	32	20
-1.4993	33	21
-1.5089	38	26
-1.5092	37	23
-1.5094	49	27
-1.51	72	50
-1.5534	42	33
-1.5304	49	34
-1.5523	30	18
-1.5012	31	23
-1.505	32	20
-1.5197	36	24
-1.5089	34	22
-1.5081	51	39
-1.5	34	23
-1.5227	32	26
-1.5048	27	20
-1.5063	49	30
-1.5295	49	37
-1.5032	56	41
-1.512	55	38
-1.5315	31	19
-1.5498	34	22
-1.5079	46	27
-1.5085	29	17
-1.5436	24	24
-1.5082	34	22
-1.5074	35	24
-1.5045	41	28
-1.5009	43	31
-1.5006	35	23
-1.5065	37	25
-1.5019	36	24
-1.5016	33	23
-1.5097	56	35
-1.507	50	34
-1.5044	40	29
-1.5049	44	32
-1.5078	28	16
-1.5378	44	38
-1.509	40	25
-1.5069	59	33
-1.5083	32	21
-1.5011	41	29
-1.5027	47	35
-1.5037	30	18
-1.5399	69	42
-1.4975	41	29
-1.5121	37	25
-1.5361	32	20
-1.4998	36	25
-1.5437	43	27
-1.5026	35	23
-1.5072	47	32
-1.5059	48	36
-1.5063	26	20
-1.5095	32	20
-1.5156	36	23
-1.4991	28	25
-1.5242	33	22
-1.5078	33	22
-1.5142	34	22
-1.5103	39	27
-1.5573	38	26
-1.5051	36	26
-1.5134	49	35
-1.5496	37	25
-1.5058	44	32
-1.509	40	29
-1.5252	76	47
-1.559	44	29
-1.4829	32	20
-1.5622	52	32
-1.5063	37	26
-1.5445	45	33
-1.5062	26	14
-0.027	22	10
-1.5119	39	27
-1.5088	34	22
-1.5074	54	33
-1.5032	26	14
-1.5117	38	26
-1.5046	54	36
-1.5071	45	30
-1.5074	45	26
-1.5054	47	27
-1.5667	37	25
-1.5038	35	23
-1.5149	34	22
-1.5075	50	37
-1.5428	32	21
-1.5077	36	24
-1.5101	57	40
-1.5044	36	22
-1.5081	40	26
-1.5066	38	23
-1.5117	34	22
-1.5548	38	26
-1.5121	29	17
-1.5677	28	16
-1.5615	44	32
-1.517	36	24
-1.5075	33	21
-1.5057	34	22
-1.5144	58	28
-1.5019	28	16
-1.5036	28	16
-1.5016	34	24
-1.5301	28	16
-1.4905	28	17
-1.5166	50	37
-1.5296	56	35
-1.5024	42	30
-1.5055	48	29
-1.4983	36	25
-1.5344	61	50
-1.5101	45	22
-1.4562	29	18
-1.5126	43	28
-1.5108	38	26
-1.511	37	25
-1.5716	33	21
-1.5465	38	27
-1.5071	40	24
-1.5078	57	34
-1.506	39	25
-1.5544	42	31
-1.5554	35	23
-1.5044	30	18
-1.5135	31	19
-1.5375	34	22
-1.504	28	16
-1.5233	43	29
-1.5023	25	19
-1.5302	53	35
-1.5637	41	30
-1.5134	38	26
-1.5061	43	31
-1.5081	38	26
-1.5034	30	24
-1.5138	30	20
-1.5117	31	19
-1.5689	34	22
-1.5093	62	44
-1.5041	42	33
-1.5147	38	26
-1.5062	32	21
-1.5055	34	22
-1.5015	29	23
-1.5118	30	18
-1.5672	49	31
-1.4989	29	19
-1.553	34	23
-1.5056	38	26
-1.5094	31	19
-1.5157	48	34
-1.5028	34	22
-1.5139	41	24
-1.5644	50	35
-1.5071	46	30
-1.502	40	35
-1.5611	43	31
-1.5041	58	39
-1.5067	37	25
-1.5246	50	36
-1.5695	64	45
-1.508	44	29
-1.5077	48	33
-1.5088	35	23
-1.5217	39	26
-1.5613	33	21
-1.5672	55	36
-1.5061	35	23
-1.5068	35	29
-1.5594	46	34
-1.5659	49	30
-1.505	33	27
-1.5119	57	36
-1.5138	69	42
-1.5118	46	26
-1.4966	28	18
-1.5106	79	55
-1.5642	30	18
-1.5082	31	20
-1.508	34	22
-1.5012	38	27
-1.5052	50	35
-1.5098	46	34
-1.544	50	35
-1.5522	30	19
-1.5474	36	24
-1.5159	33	21
-1.5096	21	15
-1.5078	37	25
-1.4958	35	23
-1.5123	46	32
-1.5065	34	22
-1.5484	49	29
-1.5622	39	27
-1.5112	47	30
-1.5155	37	25
-1.5043	50	39
-1.5095	51	38
-1.565	51	41
-1.5399	39	28
-1.5073	33	21
-1.5077	29	17
-1.5057	34	22
-1.5675	57	36
-1.5747	36	24
-1.5285	37	26
-1.5079	47	31
-1.5175	36	24
-1.5618	37	25
-1.5086	46	31
-1.5089	46	25
-1.5611	34	22
-1.5577	57	39
-1.5106	40	27
-1.5062	38	26
-1.5401	50	39
-1.5084	33	21
-1.5657	49	35
-1.5124	38	26
-1.5631	34	22
-1.5082	42	30
-1.489	26	14
-1.5062	39	27
-1.5093	44	31
-1.5043	34	23
-1.5798	57	38
-1.5679	49	35
-1.5103	30	18
-1.5671	42	30
-1.5634	42	30
-1.508	28	16
-1.5101	48	29
-1.5102	44	27
-1.5051	54	40
-1.5046	25	20
-1.5701	45	30
-1.5648	55	43
-1.4977	41	29
-1.5294	54	42
-1.5075	45	31
-1.5087	57	37
-1.5143	49	35
-1.5083	49	30
-1.5179	45	32
-1.5524	32	20
-1.5101	61	44
-1.5128	28	16
-1.509	46	34
-1.5281	35	23
-1.5038	29	17
-1.4984	46	30
-1.5671	30	18
-1.5049	51	31
-1.5094	34	22
-1.5112	47	30
-1.5035	35	24
-1.5064	34	22
-1.5639	60	48
-1.5102	30	18
-1.5231	48	35
-1.501	40	28
-1.5131	36	24
-1.5672	51	39
-1.5096	42	30
-1.5372	31	20
-1.5066	52	36
-1.5053	48	31
-1.508	38	26
-1.5114	48	34
-1.5069	46	29
-1.5088	41	29
-1.5258	36	24
-1.5128	52	30
-1.5477	39	27
-1.5065	35	23
-1.5059	48	36
-1.5673	39	33
-1.5103	37	25
-1.5547	31	19
-1.5018	29	18
-1.5058	65	46
-1.5174	38	23
-1.5474	36	26
-1.51	47	36
-1.5089	36	24
-1.521	35	24
-1.5544	42	30
-1.5052	40	28
-1.5049	58	42
-1.5047	38	25
-1.5078	38	27
-1.5071	40	29
-1.5075	53	37
-1.5004	37	25
-1.502	30	19
-1.5096	34	22
-1.5493	51	39
-1.5071	32	20
-1.5107	46	25
-1.518	42	29
-1.5051	34	29
-1.5733	55	35
-1.5627	33	22
-1.5661	52	38
-1.5081	30	18
-1.5088	50	35
-1.5102	29	17
-1.5099	28	16
-1.5103	66	36
-1.4979	54	36
-1.5063	35	23
-1.5575	36	24
-1.5091	50	30
-1.533	42	31
-1.5086	45	33
-1.569	41	29
-1.5075	50	37
-1.5068	38	24
-1.5142	30	18
-1.5561	30	18
-1.5558	37	25
1.4174	21	10
-1.5568	37	25
-1.5097	32	20
-1.5087	37	24
-1.5107	29	17
-1.5065	47	28
-1.5543	31	19
-1.5089	32	20
-1.5113	42	30
-1.5616	27	15
-1.5669	28	16
-1.5116	45	27
-1.5715	26	14
-1.5027	38	26
-1.5184	48	30
-1.5033	29	18
-1.5045	41	31
-1.5696	31	19
-1.5022	25	19
-1.5035	44	28
-1.5042	25	14
-1.5371	33	21
-1.5607	47	26
-1.5489	35	24
-1.5665	36	24
-1.555	55	41
-1.5076	51	35
-1.5087	41	29
-1.5712	61	38
-1.5145	47	28
-1.5006	36	24
-1.5091	51	35
-1.5123	59	33
-1.5351	34	23
-1.5078	47	29
-1.5057	44	32
-1.5068	39	26
-1.5118	39	27
-1.496	31	19
-1.5371	23	23
-1.53	52	36
-1.5126	45	32
-1.5525	33	22
-1.5266	38	26
-1.5168	42	30
-1.5577	59	43
-1.5669	32	21
-1.5045	33	20
-1.5602	51	39
-1.5562	34	22
-1.5742	32	20
-1.5159	29	18
-1.5578	40	24
-1.5698	48	31
-1.506	34	22
-1.5765	64	51
-1.4957	28	18
-1.5116	54	32
-1.5069	28	16
-1.5733	44	22
1.0898	19	7
-1.5416	32	20
-1.5624	47	35
-1.5085	29	17
-1.5052	40	28
-1.5111	41	29
-1.5122	43	29
-1.5012	35	24
-1.508	44	23
-1.5072	36	24
-1.5063	32	20
-1.5028	46	34
-1.5618	50	38
-1.5506	56	37
-1.5054	53	32
-1.5172	34	22
-1.5094	29	17
-1.5051	27	15
-1.5063	38	24
-1.5496	30	18
-1.5054	38	26
-1.5087	36	24
-1.5031	42	28
-1.5614	31	19
-1.5036	55	37
-1.5061	56	34
-1.5009	24	12
-1.5465	64	42
-1.5104	32	20
-1.5092	39	27
-1.5647	50	30
-1.5078	33	22
-1.5522	44	31
-1.5065	47	29
-1.5036	30	19
-1.4998	38	26
-1.5107	41	29
-1.5141	33	21
-1.504	37	31
-1.5729	31	19
-1.5105	32	20
-1.5151	35	23
-1.5196	35	23
-1.5075	41	25
-1.5084	41	29
-1.4966	35	24
-1.5106	37	24
-1.5048	48	27
-1.5708	32	20
-1.5054	50	38
-1.5038	31	26
-1.555	48	36
-1.5057	45	30
-1.564	27	27
-1.5048	34	23
-1.5131	30	18
-1.5032	38	26
-1.5065	39	28
-1.5164	29	17
-1.5124	55	32
-1.5105	39	26
-1.5095	55	34
-1.483	48	29
-1.509	62	43
-1.5139	43	25
-1.5096	51	39
-1.4972	25	13
-1.5009	31	20
-1.5029	31	19
-1.5037	46	31
-1.5429	41	30
-1.4999	27	19
-1.5009	40	30
-1.5346	29	17
-1.5032	34	22
-1.5052	49	27
-1.5614	58	42
-1.5023	46	27
-1.567	33	22
-1.5046	56	44
-1.5048	28	16
-1.5277	40	28
-1.5116	48	26
-1.506	34	22
-1.4971	32	20
-1.5166	27	15
-1.5043	39	27
-1.5104	31	19
-1.5458	41	30
-1.5635	68	44
-1.5082	27	15
-1.5097	32	20
-1.5096	32	20
-1.5012	36	24
-1.5058	41	25
-1.5044	57	41
-1.5039	41	29
-1.5374	58	41
-1.5115	35	22
-1.5116	43	31
-1.5152	61	35
-1.508	36	24
-1.506	65	44
-1.5034	30	19
-1.5081	36	22
-1.5693	48	31
-1.497	51	33
-1.5095	31	19
-1.4991	28	17
-1.5514	35	24
-1.5128	60	38
-1.5073	33	21
-1.5039	32	20
-1.5652	55	36
-1.5073	42	30
-1.5654	30	18
-1.5051	27	16
-1.4804	39	27
-1.5378	26	16
-1.5124	53	36
-1.5391	64	49
-1.5057	45	34
-1.5262	40	28
-1.5052	33	21
-1.5344	54	34
-1.5026	37	27
-1.5089	42	31
-1.5663	46	34
-1.562	47	34
-1.5657	45	27
-1.5063	28	16
-1.5072	45	33
-1.4975	65	38
-1.5084	30	18
-1.5555	77	53
-1.5058	32	20
-1.5397	32	21
-1.5024	47	30
-1.4993	33	21
-1.5031	30	20
-1.5256	49	37
-1.5498	39	27
-1.5181	44	32
-1.5028	38	26
-1.5368	47	35
-1.548	25	20
-1.5087	35	23
-1.5052	27	16
-1.5042	36	33
-1.5649	40	28
-1.5275	32	21
-1.5092	38	26
-1.5699	50	36
-1.5458	28	17
-1.5274	26	21
-1.5052	39	23
-1.5296	68	48
-1.5394	40	28
-1.504	31	19
-1.5059	34	23
-1.5098	55	35
-1.5077	20	15
-1.528	30	18
-1.5091	34	23
-1.5024	48	30
-1.5033	38	27
-1.5058	31	19
-1.51	30	19
-1.514	35	23
-1.5064	32	20
-1.5096	40	25
-1.5547	58	37
-1.5483	52	37
-1.5113	34	22
-1.5413	35	23
-1.5127	48	30
-1.5048	37	26
-1.5094	31	19
-1.5071	44	30
-1.5542	22	16
-1.5381	36	24
-1.5592	28	16
-1.5069	56	36
-1.5552	43	31
-1.5064	45	33
-1.4983	33	23
-1.5114	50	34
-1.5192	41	29
-1.5128	52	30
-1.5048	28	23
-1.5054	36	26
-1.502	29	20
-1.5216	53	35
-1.5209	45	33
-1.5077	43	28
-1.5073	39	27
-1.5555	36	24
-1.5097	54	36
-1.5036	42	29
-1.5007	30	18
-1.5083	48	29
-1.5058	32	20
-1.505	29	18
-1.4963	35	23
-1.5082	44	32
-1.5688	49	36
-1.5155	35	23
-1.5111	41	23
-1.5021	39	26
-1.5742	40	28
-1.506	42	29
-1.4932	32	20
-1.4983	45	31
-1.5391	37	26
-1.4917	35	23
-1.5099	50	37
-1.5579	38	27
-1.5092	63	37
-1.5361	62	42
-1.5553	55	33
-1.5116	34	22
-1.5114	43	30
-1.5123	53	32
-1.5732	62	47
-1.5415	33	21
-1.5563	34	22
-1.5738	54	32
-1.5068	34	22
-1.5081	28	16
-1.5454	53	40
-1.5071	48	29
-1.5082	68	48
-1.5183	60	44
-1.5057	33	21
-1.5337	54	33
-1.5079	41	27
-1.5037	38	32
-1.5416	30	18
-1.5061	35	23
-1.5096	49	31
-1.5095	61	42
-1.5606	44	33
-1.5094	52	33
-1.5069	42	29
-1.5196	47	35
-1.5077	43	27
-1.5077	52	36
-1.5081	63	46
-1.5091	39	23
-1.5059	49	30
-1.4964	25	13
-1.5085	37	25
-1.5129	29	17
-1.5619	46	33
-1.5113	48	27
-1.5018	23	16
-1.5002	42	30
-1.5079	28	16
-1.5104	45	30
-1.51	65	44
-1.5108	56	33
-1.543	35	26
-1.5108	47	28
-1.5611	29	17
-1.5099	29	18
-1.5038	35	23
-1.513	56	34
-1.5095	16	16
-1.5686	104	58
-1.511	52	37
-1.52	33	22
-1.5541	32	20
-1.5672	42	29
-1.496	40	29
-1.5113	39	26
-1.509	59	38
-1.4882	44	30
-1.5542	34	22
-1.5061	30	19
-1.5632	30	18
-1.507	57	44
-1.5099	53	31
-1.5056	34	29
-1.5097	43	25
-1.5104	31	26
-1.5625	35	23
-1.5454	46	28
-1.5075	27	15
-1.5106	48	25
-1.5103	62	41
-1.5084	47	28
-1.5051	34	22
-1.5057	49	31
-1.506	59	39
-1.5272	60	36
-1.5049	39	28
-1.5045	76	51
-1.4782	34	23
-1.5115	41	29
-1.5054	43	29
-1.5099	39	26
-1.5091	44	24
-1.4933	35	23
-1.5056	28	16
-1.5021	27	16
-1.5097	39	24
-1.5641	37	25
-1.548	51	37
-1.5079	61	41
-1.5596	38	26
-1.4976	20	16
-1.557	35	23
-1.569	52	40
-1.5608	33	21
-1.5088	31	19
-1.5438	48	31
-1.5046	37	25
-1.5082	33	21
-1.5569	51	36
-1.544	39	27
-1.5247	49	37
-1.5623	48	36
-1.5061	34	26
-1.5049	26	20
-1.5619	37	25
-1.5307	35	23
-1.5037	47	28
-1.4978	29	17
-1.5068	28	16
-1.5116	38	26
-1.5327	36	24
-1.5026	63	46
-1.5443	41	30
-1.5041	48	33
-1.5258	38	27
-1.5035	46	33
-1.508	43	31
-1.5004	28	17
-1.5105	31	19
-1.5143	45	31
-1.5065	32	20
-1.504	42	29
-1.5018	23	18
-1.5108	49	37
-1.5122	35	23
-1.557	39	27
-1.5061	36	24
-1.5712	40	28
-1.5141	46	34
-1.5031	45	30
-1.5012	35	23
-1.5068	52	39
-1.5039	40	29
-1.4901	25	19
-1.5013	31	26
-1.5549	34	24
-1.5031	35	23
-1.5064	26	14
-1.5071	27	15
-1.5069	43	30
-1.5057	29	18
-1.5545	37	25
-1.5102	32	20
-1.5045	27	16
-1.5086	76	55
-1.5047	39	25
-1.4989	33	21
-1.519	57	44
-1.5768	47	24
-1.504	57	41
-1.5591	47	37
-1.5015	31	20
-1.4605	43	20
-1.5114	29	17
-1.5599	44	32
-1.566	45	32
-1.4928	45	24
-1.5055	34	22
-1.5193	27	15
-1.5037	33	21
-1.5055	29	17
-1.5255	45	31
-1.5665	39	27
-1.4999	34	28
-1.5634	38	26
-1.5518	30	19
-1.5205	53	41
-1.5578	43	32
-1.5078	45	26
-1.5059	31	20
-1.5386	29	17
-1.5676	45	33
-1.511	46	30
-1.5005	40	29
-1.5044	27	19
-1.5652	36	24
-1.5022	37	25
-1.5105	33	21
-1.5681	44	24
-1.5019	54	35
-1.5059	37	25
-1.5026	25	17
-1.5058	36	24
-1.5194	36	26
-1.5132	45	31
-1.5053	24	18
-1.5414	44	28
-1.5498	58	44
-1.5119	47	24
-1.561	27	22
-1.5039	28	16
-1.4997	66	33
-1.5578	51	39
-1.4974	42	30
-1.5204	64	43
-1.5698	34	22
-1.5073	33	21
0.4567	23	13
-1.5029	60	38
-1.5107	25	13
-1.506	74	48
-1.5666	47	29
-1.5046	36	24
-1.5053	39	27
-1.5472	56	42
-1.5066	34	22
-1.513	35	23
-1.5138	39	28
-1.5481	38	27
-1.5654	49	32
-1.5077	55	35
-1.5065	47	32
-1.5066	48	29
-1.5648	39	27
-1.5569	32	20
-1.5356	93	62
-1.5003	37	26
-1.5077	36	25
-1.5035	33	21
-1.5071	67	40
-1.5102	47	35
-1.5099	55	36
-1.5089	53	31
-1.5054	31	19
-1.5708	47	28
-1.544	46	34
-1.5081	42	28
-1.5087	30	18
-1.5083	40	28
-1.5088	50	35
-1.543	34	22
-1.5709	31	19
-1.5059	56	34
-1.5071	37	24
-1.5067	41	23
-1.519	47	34
-1.5528	39	28
-1.5068	53	34
-1.5507	33	23
-1.5115	39	25
-1.5136	69	46
-1.5021	41	30
-1.5079	53	40
-1.5607	35	24
-1.5165	44	23
-1.5041	34	28
-1.5261	66	48
-1.5347	38	27
-1.57	48	31
-1.5114	31	19
-1.5354	59	45
-1.5096	50	33
-1.5084	67	43
-1.5079	60	31
-1.5471	55	41
-1.5046	60	47
-1.5477	37	25
-1.5017	27	18
-1.5123	40	28
-1.5103	36	24
-1.5617	67	51
-1.5098	44	32
-1.5637	34	22
-1.545	42	28
-1.5426	47	35
-1.5148	41	29
-1.5081	28	16
-1.5274	57	35
-1.5011	42	30
-0.9624	32	21
-1.5084	38	26
-1.5681	37	26
-1.5659	43	31
-1.5046	41	30
-1.557	44	32
-1.5127	32	20
-1.521	40	28
-1.5697	48	36
-1.5506	59	42
-1.5319	67	45
-1.509	29	17
-1.563	60	40
-1.5087	30	18
-1.5038	40	29
-1.5031	58	50
-1.547	40	28
-1.5087	49	33
-1.5626	44	27
-1.5024	45	34
-1.5705	47	29
-1.5558	30	18
-1.5084	34	22
-1.5004	33	21
-1.567	48	30
-1.5065	40	25
-1.5008	30	18
-1.5096	38	26
-1.5482	44	32
-1.542	41	29
-1.5671	39	25
-1.5157	56	42
-1.5112	46	29
-1.5155	33	21
-1.51	42	29
-1.4899	30	19
-1.5713	62	39
-1.554	34	22
-1.5055	32	27
-1.5064	35	35
-1.5047	32	20
-1.5101	28	16
-1.5625	38	26
-1.4978	32	22
-1.5024	37	25
-1.504	25	13
-1.5613	28	16
-1.5101	38	27
-1.5644	48	29
-1.5073	27	15
-1.5124	57	43
-1.5105	46	26
-1.5071	38	25
-1.5717	44	31
-1.5023	35	25
-1.5091	54	29
-1.5065	41	29
-1.5048	54	40
-1.5153	37	25
-1.5161	32	21
-1.5031	29	17
-1.5069	43	32
-1.5055	39	34
-1.545	41	29
-1.5566	37	24
-1.5054	32	20
-1.5434	41	29
-1.5381	41	30
-1.5187	40	27
-1.5451	46	29
-1.5096	40	26
-1.5076	40	28
-1.5086	52	35
-1.5034	35	24
-1.5052	33	23
-1.505	27	15
-1.5038	35	24
-1.5062	30	23
-1.5037	44	31
-1.5071	83	48
-1.5394	33	23
-1.5058	29	17
-1.5054	31	19
-1.4992	41	29
-1.5658	36	24
-1.5094	35	23
-1.5086	37	23
-1.5077	56	43
-1.5254	40	27
-1.5109	31	19
-1.5058	47	28
-1.5009	35	29
-1.5055	36	24
-1.5128	50	27
-1.5061	38	26
-1.5085	43	28
-1.5092	55	35
-1.5135	35	23
-1.5082	34	23
-1.5083	55	38
-1.5075	41	28
-1.559	47	35
-1.5677	62	45
-1.5641	49	34
-1.5106	52	35
-1.5111	71	49
-1.5119	52	34
-1.5012	36	25
-1.5016	30	22
-1.5094	51	31
-1.5654	42	30
-1.5507	47	30
-1.5582	51	39
-1.5501	48	34
-1.5559	39	27
-1.515	67	39
-1.5065	44	32
-1.5728	64	41
-1.5035	34	22
-1.5037	35	23
-1.5034	40	29
-1.504	26	15
-1.5084	39	28
-1.5246	31	19
-1.5614	49	35
-1.5097	30	18
-1.5083	30	19
-1.5706	37	25
-1.5731	43	29
-1.5198	35	24
-1.5085	38	27
-1.5052	33	22
-1.5103	47	33
-1.5131	52	36
-1.5683	32	20
-1.5678	59	42
-1.5076	31	19
-1.5442	35	23
-1.507	36	24
-1.5451	31	19
-1.5182	58	38
-1.5225	40	29
-1.5141	28	16
-1.5197	47	34
-1.5459	34	22
-1.5085	34	22
-1.5721	57	36
-1.5072	53	39
-1.512	59	43
-1.513	50	37
-1.4975	28	17
-1.5014	24	18
-1.5103	40	28
-1.5084	34	23
-1.5336	31	19
-1.5049	45	23
-1.5032	31	19
-1.5565	42	28
-1.508	40	29
-1.5657	33	21
-1.5714	67	46
-1.5094	34	22
-1.5173	28	16
-1.5411	50	41
-1.4918	38	26
-1.5118	50	27
-1.506	56	38
-1.5053	49	28
-1.5069	28	23
-1.5422	35	23
-1.5073	43	30
-1.5613	34	22
-1.5432	55	35
-1.5051	27	15
-1.5484	43	29
-0.083	23	11
-1.5372	36	25
-1.5075	40	28
-1.5282	62	41
-1.5639	50	33
-1.5105	33	21
-1.5097	44	26
-1.5135	54	32
-1.5035	34	23
-1.5042	45	31
-1.5064	45	35
-1.5177	46	26
-1.508	49	36
-1.5083	28	16
-1.5114	31	19
-1.5046	36	24
-1.5565	29	17
-1.5257	39	27
-1.5583	30	18
-1.5023	36	24
-1.5302	25	13
-1.5532	55	37
-1.5351	30	21
-1.5049	36	25
-1.5109	64	38
-1.5427	27	15
-1.5092	30	18
-1.5125	32	20
-1.5055	34	22
-1.5075	46	33
-1.5606	49	37
-1.5038	29	18
-1.5085	42	30
-1.5739	37	25
-1.5078	56	40
-1.5086	38	26
-1.5121	37	25
-1.548	39	30
-1.507	44	29
-1.5628	37	25
-1.5268	58	44
-1.5028	29	17
-1.5064	53	32
-1.5451	28	17
-1.5073	45	33
-1.5048	33	21
-1.5057	39	28
-1.5701	41	29
-1.526	35	23
-1.5399	53	41
-1.5125	45	24
-1.5064	33	22
-1.5141	40	28
-1.5051	47	33
-1.5049	42	24
-1.5071	29	18
-1.5097	36	25
-1.5092	32	20
-1.5132	34	22
-1.5668	34	22
-1.5023	46	32
-1.5125	46	32
-1.511	40	28
-1.5091	50	37
-1.5056	35	23
-1.5679	35	23
1.1584	23	14
-1.5146	37	28
-1.511	61	39
-1.5071	33	21
-1.5118	49	34
-1.5046	28	16
-1.5064	27	15
-1.5116	64	45
-1.5082	30	18
-1.5692	32	20
-1.5063	43	31
-1.5301	37	25
-1.5275	32	20
-1.5081	61	46
-1.505	37	25
-1.5027	30	18
-1.5731	62	40
-1.5056	33	21
-1.5046	37	25
-1.5275	46	34
-1.5064	40	28
-1.5515	38	34
-1.507	34	22
-1.5078	49	30
-1.5095	34	22
-1.512	42	29
-1.5098	38	26
-1.5101	55	35
-1.5153	38	26
-1.5066	31	19
-1.5107	61	38
-1.5115	36	24
-1.51	32	20
-1.5305	32	21
-1.5055	54	35
-1.5076	50	34
-1.5436	43	32
-1.5098	36	24
-1.501	43	33
-1.505	44	32
-1.5079	28	16
-1.5098	45	28
-1.5054	35	23
-1.5691	30	18
-1.5069	38	33
-1.5064	33	21
-1.552	27	15
-1.5029	33	21
-1.568	29	18
-1.5131	58	36
-1.5076	44	28
-1.5081	34	23
-1.5441	35	23
-1.5591	56	39
-1.5094	41	25
-1.5107	33	23
-1.5132	43	31
-1.505	55	37
-1.5621	42	30
-1.5342	55	33
-1.548	43	31
-1.5029	35	23
-1.5133	32	20
-1.5098	37	25
-1.5259	38	27
-1.5066	40	28
-1.4946	30	18
-1.514	49	36
-1.5088	55	43
-1.5099	54	30
-1.51	34	24
-1.504	49	35
-1.5425	40	29
-1.5639	33	29
-1.5097	60	30
-1.5023	42	30
-1.568	45	34
-1.5046	36	24
-1.5091	47	30
-1.5072	30	19
-1.5073	42	30
-1.5112	56	40
-1.5108	58	30
-1.5294	33	21
-1.5131	35	23
-1.5587	42	29
-1.5419	38	28
-1.5525	37	25
-1.5582	31	19
-1.5394	31	19
-1.5576	60	43
-1.4964	49	36
-1.5096	37	21
-1.4992	44	32
-1.559	54	34
-1.5076	34	22
-1.5065	65	45
-1.5123	36	24
-1.5066	39	27
-1.5103	33	21
-1.5031	30	18
-1.5099	30	18
-1.5049	39	26
-1.5081	59	36
-1.502	26	14
