-1.5618545	302	82
-1.5001158	233	65
-1.5610654	346	99
-1.5001224	395	97
-1.4999108	189	58
-1.500122	271	79
-1.5000762	352	81
-1.5002983	211	66
-1.5615315	224	70
-1.4998268	304	84
-1.4999153	340	79
-1.5613604	354	99
-1.5005014	190	56
-1.4999718	278	78
-1.4999085	282	80
-1.5001695	285	77
-1.499965	197	59
-1.4999779	210	65
-1.5615105	249	71
-1.5000192	277	75
-1.5615938	226	71
-1.5617863	251	74
-1.4999252	250	69
-1.5621186	363	85
-1.5000179	317	74
-1.5615229	350	95
-1.5612431	237	75
-1.5000498	207	64
-1.5003769	269	79
-1.4995848	326	85
-1.499852	278	75
-1.5617329	329	93
-1.5615851	276	83
-1.5001205	342	84
-1.4997713	321	82
-1.4998469	305	80
-1.500124	231	68
-1.5616082	313	86
-1.500135	217	68
-1.5000494	223	61
-1.5001904	191	62
-1.4997098	295	77
-1.5000703	245	74
-1.5618674	401	95
-1.4998976	330	89
-1.5617172	364	87
-1.4999305	234	64
-1.5614162	377	94
-1.4998535	276	75
-1.5001676	224	61
-1.5616508	378	92
-1.4999167	294	73
-1.5615881	475	100
-1.5614496	248	77
-1.5616237	251	85
-1.5001281	214	74
-1.5617745	280	72
-1.5613315	344	82
-1.5614479	221	67
-1.5617105	257	80
-1.5618002	404	100
-1.5000891	270	73
-1.499824	472	99
-1.5000173	327	81
-1.4998561	232	65
-1.499783	441	98
-1.5616082	326	92
-1.5001539	200	60
-1.5001289	334	80
-1.5000269	212	68
-1.5001326	368	98
-1.5611541	442	100
-1.4999241	267	76
-1.5617803	293	81
-1.4998363	204	61
-1.5619421	319	89
-1.5617185	261	81
-1.5613586	194	56
-1.5001662	198	63
-1.5612577	366	95
-1.5000239	283	77
-1.5613806	197	66
-1.5000514	315	88
-1.4998407	224	69
-1.499825	355	91
-1.5616406	264	71
-1.5000581	273	72
-1.4998783	396	95
-1.4999479	316	84
-1.5616665	345	94
-1.5612043	275	87
-1.5617647	300	77
-1.4997113	294	77
-1.4998312	272	70
-1.4994279	302	76
-1.4999924	279	73
-1.5616922	245	71
-1.4998078	245	72
-1.5613601	218	66
-1.4997281	338	91
-1.5003321	224	65
-1.4998342	323	82
-1.4999408	319	85
-1.5622444	269	78
-1.5000178	245	71
-1.5002708	247	57
-1.5000248	265	67
-1.4996772	240	69
-1.5000418	194	68
-1.4999952	291	79
-1.5617426	464	100
-1.5000708	330	87
-1.4998719	220	59
-1.5001287	407	93
-1.5000284	322	84
-1.4998436	244	66
-1.5617349	460	100
-1.5613943	264	73
-1.5615813	342	88
-1.5001775	477	100
-1.5615098	210	67
-1.4997695	212	62
-1.5001951	355	97
-1.561281	242	72
-1.5617586	272	78
-1.5615163	239	80
-1.5000928	297	77
-1.5611162	276	76
-1.5617612	306	81
-1.5001072	296	78
-1.56175	270	77
-1.4998302	289	88
-1.5616838	312	90
-1.5615556	271	71
-1.500064	224	56
-1.4999326	251	76
-1.5613056	350	87
-1.4999093	311	85
-1.5000036	165	48
-1.5615763	309	85
-1.5612348	302	81
-1.5002474	300	82
-1.4997591	214	66
-1.5615851	278	87
-1.4998749	315	87
-1.4998303	305	81
-1.56132	381	93
-1.5002176	255	70
-1.4998828	178	57
-1.499834	195	60
-1.4998743	220	58
-1.5614136	302	86
-1.5001594	258	72
-1.5616295	342	95
-1.4999278	256	70
-1.5616312	337	84
-1.4999462	328	92
-1.5618529	375	93
-1.4997906	270	74
-1.5000403	228	66
-1.500016	274	73
-1.499795	225	67
-1.4999306	319	85
-1.5000769	248	72
-1.5002123	363	91
-1.5000813	254	81
-1.5615209	369	91
-1.5616546	333	87
-1.49997	267	73
-1.5614152	250	71
-1.5616712	271	83
-1.5001205	193	59
-1.4999765	421	98
-1.5615563	311	87
-1.499999	286	79
-1.5000526	198	60
-1.500142	278	80
-1.5000331	256	72
-1.5001192	281	89
-1.5618982	331	86
-1.561438	350	94
-1.4998367	233	75
-1.4998216	236	68
-1.5001989	344	83
-1.5617962	357	89
-1.5614951	272	83
-1.4997094	304	80
-1.4999365	281	83
-1.5000084	299	80
-1.4997358	216	62
-1.5001463	299	82
-1.499873	265	71
-1.5616903	388	96
-1.5609838	269	79
-1.5615189	220	69
-1.5001524	246	74
-1.5001924	328	82
-1.4998828	251	68
-1.5609582	330	89
-1.499763	410	90
-1.5001218	199	64
-1.5618856	274	77
-1.5000529	249	71
-1.5615882	274	77
-1.5613047	295	88
-1.5618062	237	69
-1.561269	378	94
-1.5617319	366	93
-1.4999621	231	72
-1.5000973	310	84
-1.5609716	418	100
-1.5000834	204	61
-1.5000251	293	81
-1.499919	195	54
-1.5614925	311	78
-1.561424	234	66
-1.4997976	298	75
-1.5616719	262	86
-1.5612123	275	75
-1.4998234	287	84
-1.5000267	361	92
-1.5003514	435	96
-1.5000399	271	81
-1.4999416	225	66
-1.5000946	250	76
-1.4999771	158	50
-1.5000452	219	79
-1.5000529	308	83
-1.5617329	321	92
-1.5001731	239	66
-1.5614539	361	93
-1.5002423	306	81
-1.5614133	280	78
-1.5613784	328	87
-1.5000085	285	71
-1.499887	385	96
-1.5612224	359	96
-1.5615139	384	91
-1.4998418	290	84
-1.4999453	292	76
-1.5615479	309	84
-1.4998167	288	84
-1.4998971	169	59
-1.5616221	294	73
-1.5611529	266	86
-1.4998538	378	89
-1.5000039	220	63
-1.5617786	269	75
-1.5000528	164	56
-1.56157	302	89
-1.5003352	263	79
-1.4999103	383	92
-1.4999312	172	55
-1.5614859	323	84
-1.5615214	396	100
-1.5616362	297	86
-1.4999337	322	85
-1.5615814	404	100
-1.5611816	387	96
-1.5002421	202	61
-1.499931	177	49
-1.5612485	380	96
-1.4999806	318	85
-1.500071	266	72
-1.5612233	257	82
-1.5612735	241	73
-1.500179	186	59
-1.5553592	367	97
-1.5616804	251	76
-1.5614952	244	77
-1.5003326	278	78
-1.5001002	211	63
-1.4997559	245	74
-1.5615412	342	85
-1.5611344	266	72
-1.561888	365	91
-1.500084	228	75
-1.5613818	359	93
-1.5000911	227	69
-1.4998327	251	73
-1.5000958	361	90
-1.5616314	268	91
-1.4999843	246	72
-1.5617204	259	79
-1.4999194	346	93
-1.5001927	210	62
-1.5615572	348	93
-1.5611412	275	74
-1.561639	366	93
-1.5611356	417	100
-1.4997191	337	85
-1.5618791	268	73
-1.5002042	323	80
-1.5613181	242	71
-1.5613209	409	100
-1.5617243	399	100
-1.4999991	263	71
-1.4998725	208	75
-1.5616221	313	84
-1.4999638	239	75
-1.5003151	335	84
-1.5002492	319	95
-1.4999285	225	73
-1.561469	386	100
-1.4997684	166	50
-1.50006	249	69
-1.5612286	208	66
-1.5615287	291	90
-1.5615691	247	79
-1.5616862	353	90
-1.5001706	313	85
-1.5001251	198	64
-1.5611937	297	81
-1.5608108	404	96
-1.499915	221	68
-1.5617162	411	100
-1.5616008	308	86
-1.5004388	417	100
-1.5609907	265	76
-1.5614626	233	74
-1.4999952	182	55
-1.4999628	275	77
-1.5615649	376	88
-1.5613928	286	88
-1.5605675	392	95
-1.5613865	221	72
-1.5000238	301	74
-1.5001899	233	63
-1.5001349	355	87
-1.4999565	242	78
-1.5615108	276	74
-1.5615036	258	74
-1.5000621	388	90
-1.5006674	365	88
-1.4998747	222	64
-1.500019	408	98
-1.5002607	364	92
-1.4998511	320	88
-1.4998653	210	65
-1.499792	182	59
-1.4998471	264	76
-1.499884	245	72
-1.5001632	289	78
-1.56166	278	81
-1.5616039	370	100
-1.5000226	234	66
-1.5615181	306	78
-1.4998794	201	61
-1.5000061	376	93
-1.4998804	224	61
-1.4999693	199	56
-1.5614874	248	77
-1.4998503	244	75
-1.5613966	390	100
-1.500121	206	59
-1.5004982	265	75
-1.5616612	347	91
-1.4997157	319	88
-1.4998169	266	73
-1.5616338	238	64
-1.4998877	202	57
-1.5614472	295	86
-1.5002689	311	79
-1.5616044	263	74
-1.5000537	308	84
-1.561305	331	93
-1.5612481	300	81
-1.5614735	242	70
-1.5615946	357	92
-1.500128	332	93
-1.5613381	332	96
-1.5001349	317	81
-1.4995915	211	64
-1.5001805	205	59
-1.5615206	307	84
-1.5001671	293	78
-1.5617529	271	79
-1.5612682	273	76
-1.5000096	261	70
-1.4996856	360	90
-1.5617147	330	85
-1.5614802	349	91
-1.5000619	185	60
-1.5612901	335	96
-1.4998717	295	73
-1.561562	334	92
-1.4997534	282	71
-1.4999181	350	87
-1.4998479	288	81
-1.499857	376	96
-1.500208	193	57
-1.5612364	319	91
-1.4999653	233	68
-1.4999965	241	62
-1.4999846	298	78
-1.4998322	311	82
-1.5610261	373	89
-1.5001301	246	67
-1.5001326	247	73
-1.5614032	387	94
-1.5000554	214	60
-1.4998088	376	96
-1.5616362	295	86
-1.5001455	298	83
-1.5002125	332	85
-1.5001421	191	57
-1.4997046	317	90
-1.4999182	185	56
-1.4999074	288	76
-1.4999795	243	70
-1.5614658	324	97
-1.5614375	243	73
-1.4998696	340	91
-1.5613911	361	87
-1.5611647	361	92
-1.5000929	284	78
-1.4999412	286	87
-1.4999539	259	70
-1.4997576	300	87
-1.5613173	289	83
-1.5618422	299	83
-1.5001376	344	83
-1.5618974	273	77
-1.5617108	279	87
-1.5001409	268	77
-1.5615217	250	72
-1.561541	312	85
-1.5000392	273	74
-1.4999682	344	87
-1.5614738	291	88
-1.4999376	264	74
-1.5098918	357	91
-1.5004533	294	81
-1.4999359	236	75
-1.499813	305	87
-1.4996176	254	78
-1.4997285	251	72
-1.5615139	238	75
-1.5617848	228	74
-1.500013	316	84
-1.5616605	306	87
-1.4999667	332	85
-1.5617088	260	78
-1.5614136	297	89
-1.5000049	178	58
-1.5616753	192	57
-1.5001493	378	93
-1.4999795	308	81
-1.5001716	296	81
-1.5000127	280	82
-1.500014	268	77
-1.561363	231	68
-1.5615171	301	84
-1.56114	349	91
-1.5617673	211	65
-1.5615282	348	97
-1.4997397	189	54
-1.5616223	336	94
-1.5613021	262	80
-1.49995	220	60
-1.500145	209	60
-1.5002387	355	92
-1.5614776	321	90
-1.5612096	274	83
-1.5614576	351	98
-1.5614076	266	78
-1.4999235	372	88
-1.4998806	323	85
-1.4998846	283	72
-1.5616666	210	63
-1.5025316	314	81
-1.5001001	190	54
-1.5614971	328	91
-1.5611202	284	76
-1.5006228	310	82
-1.4998415	208	65
-1.5001137	205	58
-1.4999368	208	66
-1.561463	243	66
-1.5000358	271	76
-1.5614848	386	92
-1.5617372	336	88
-1.5615801	255	77
-1.4996089	223	68
-1.5616243	190	61
-1.5615405	268	71
-1.4998705	203	59
-1.5616296	231	77
-1.4997845	243	71
-1.5617222	352	94
-1.5003236	337	85
-1.5617214	267	83
-1.4999961	311	92
-1.5614288	409	100
-1.4999228	240	74
-1.4999999	255	71
-1.5001578	252	77
-1.5612589	320	85
-1.499811	316	80
-1.5618495	278	77
-1.5000168	249	66
-1.5000704	271	75
-1.5615504	292	84
-1.5001299	222	60
-1.5617098	347	96
-1.5616076	285	78
-1.561311	233	77
-1.561393	373	91
-1.5620425	416	100
-1.5613451	434	100
-1.5613495	284	84
-1.5001417	184	61
-1.5616129	304	85
-1.4999793	215	67
-1.5615256	242	69
-1.4999415	267	80
-1.4996319	294	85
-1.4998884	282	76
-1.5617015	353	94
-1.5613684	305	91
-1.561311	335	90
-1.4998981	281	82
-1.5614862	231	66
-1.5617789	356	90
-1.5615272	283	79
-1.500097	363	99
-1.5615643	220	69
-1.561483	263	72
-1.5616387	246	71
-1.4999329	385	91
-1.4999348	173	60
-1.5000271	254	77
-1.5000641	299	73
-1.5617817	358	91
-1.561306	384	91
-1.5615478	219	63
-1.4999925	269	78
-1.5000139	250	81
-1.5611486	214	67
-1.5616025	294	92
-1.5000884	242	67
-1.4999163	222	62
-1.5614966	289	90
-1.4999029	200	64
-1.4996867	353	92
-1.5615232	277	73
-1.5615973	401	98
-1.5000762	180	57
-1.4999554	284	82
-1.4998191	202	63
-1.5613289	310	84
-1.4998901	290	79
-1.5611869	370	88
-1.5000422	281	79
-1.4996953	210	55
-1.4998455	253	73
-1.5001452	280	81
-1.4998742	267	76
-1.4998169	407	87
-1.5002699	192	56
-1.5614386	213	69
-1.4998664	206	60
-1.5605379	359	92
-1.5000924	296	78
-1.5617891	312	77
-1.5617145	292	86
-1.5614712	324	91
-1.4999854	259	70
-1.5611301	292	74
-1.5000039	257	78
-1.4999441	228	73
-1.4997949	265	72
-1.499987	367	88
-1.561564	267	83
-1.5614619	401	95
-1.5617172	422	100
-1.561451	286	80
-1.4999655	341	88
-1.5612741	278	73
-1.5000262	213	63
-1.5615702	253	80
-1.5001868	284	85
-1.5614256	327	86
-1.560819	309	87
-1.5615915	221	68
-1.4999488	331	81
-1.5617113	243	70
-1.4997949	228	61
-1.4999965	294	74
-1.561298	239	74
-1.5617127	307	82
-1.4996843	325	86
-1.5611781	329	82
-1.5614549	209	60
-1.4999483	281	84
-1.5613576	318	83
-1.4998504	273	78
-1.5009147	295	75
-1.4997891	221	63
-1.4999962	228	67
-1.561393	273	75
-1.5615669	269	87
-1.5614771	323	84
-1.4999579	306	88
-1.561768	285	77
-1.5001333	220	61
-1.5001762	324	90
-1.4999958	280	82
-1.561481	425	100
-1.4999553	219	69
-1.5615487	360	94
-1.4998776	275	79
-1.5615521	264	73
-1.4997801	235	70
-1.5000639	335	93
-1.4999269	241	65
-1.5000049	204	59
-1.4999137	441	100
-1.4999692	324	86
-1.561863	396	100
-1.5000277	303	75
-1.5610434	293	76
-1.5000211	338	94
-1.561897	380	100
-1.4999918	315	82
-1.4998829	262	77
-1.56165	216	63
-1.5000044	276	80
-1.5001524	290	80
-1.4998686	242	72
-1.5000022	395	97
-1.4998939	267	73
-1.4999643	261	78
-1.4996615	181	52
-1.5613806	292	81
-1.500254	373	94
-1.5000574	320	87
-1.4998807	263	73
-1.5616611	256	80
-1.5616442	267	73
-1.4999155	227	70
-1.5612403	376	100
-1.5615608	303	89
-1.4999236	251	71
-1.5615682	299	87
-1.5002109	320	77
-1.5616162	226	69
-1.4999473	240	63
-1.5001565	190	61
-1.4998963	306	81
-1.5609391	317	82
-1.4998527	230	66
-1.5616728	244	73
-1.560641	401	98
-1.5000336	396	96
-1.4999541	319	87
-1.4998968	228	74
-1.5000536	388	96
-1.5001295	272	75
-1.4998819	311	78
-1.5614292	335	89
-1.4999794	278	81
-1.5003005	330	98
-1.5001102	309	85
-1.5001114	232	68
-1.4999203	304	79
-1.5000761	254	71
-1.5618461	342	92
-1.4999266	250	73
-1.5000025	201	57
-1.4999721	381	97
-1.5001025	163	51
-1.5613186	290	73
-1.5618209	329	92
-1.5002629	278	79
-1.5614958	336	95
-1.500179	342	95
-1.5614046	229	66
-1.5002717	231	69
-1.5001639	354	86
-1.4997821	299	83
-1.5000246	208	63
-1.5618891	338	92
-1.4999563	283	77
-1.5004216	473	100
-1.5615931	229	68
-1.561393	306	92
-1.5001599	306	80
-1.499951	201	66
-1.4998129	270	83
-1.5616345	340	90
-1.5618195	405	100
-1.5617275	238	77
-1.5000589	379	92
-1.561276	257	80
-1.4996772	276	80
-1.5614306	285	77
-1.4998322	239	78
-1.5618941	320	88
-1.5616125	266	74
-1.4997911	353	92
-1.5615643	362	95
-1.5617623	299	86
-1.5617447	385	99
-1.5000362	284	80
-1.5617475	377	100
-1.5614199	272	78
-1.5613249	296	85
-1.4998296	309	89
-1.4999028	199	58
-1.5002063	257	79
-1.5616617	302	86
-1.5615243	281	85
-1.5615298	295	86
-1.5614859	305	79
-1.5612499	303	83
-1.5615764	231	70
-1.4999265	300	82
-1.5614973	313	81
-1.5615441	248	79
-1.4999106	411	98
-1.5000116	256	72
-1.4999816	220	70
-1.5610632	372	98
-1.5617195	271	78
-1.5615467	354	89
-1.5615267	252	70
-1.5000544	344	84
-1.4997413	258	75
-1.5618057	258	79
-1.5000049	238	68
-1.5613157	317	87
-1.4999988	392	94
-1.5616593	317	85
-1.4999149	233	70
-1.5001125	215	65
-1.5003596	298	76
-1.5615553	310	92
-1.5617036	302	81
-1.5613051	439	100
-1.5000629	189	56
-1.4999386	290	90
-1.5616697	434	100
-1.5615246	274	82
-1.5001942	210	59
-1.5000165	272	75
-1.5614522	216	66
-1.5000504	216	68
-1.5618543	274	77
-1.5614333	262	81
-1.4996958	230	71
-1.4999208	375	98
-1.4999243	290	76
-1.5001276	351	83
-1.5001725	293	82
-1.5614785	312	83
-1.4998085	272	83
-1.5617692	245	83
-1.4999346	160	48
-1.5616705	274	76
-1.5002192	296	85
-1.4998461	191	55
-1.5615621	258	81
-1.5000251	297	79
-1.5615045	372	91
-1.4998556	327	86
-1.5615517	261	78
-1.5613495	282	87
-1.5001783	290	83
-1.5614508	241	80
-1.5617613	303	84
-1.5611675	236	78
-1.4999518	184	50
-1.5613418	291	87
-1.4998791	299	81
-1.5000706	189	56
-1.5000736	285	80
-1.5613812	308	84
-1.5616881	371	100
-1.5000314	209	58
-1.561511	357	88
-1.4999501	257	72
-1.5617537	243	68
-1.4998686	239	70
-1.5002203	287	78
-1.5614801	372	99
-1.4998058	270	73
-1.5617492	387	91
-1.4999956	297	83
-1.5611311	298	74
-1.5614154	330	82
-1.5619222	321	94
-1.5614527	269	79
-1.5615682	298	98
-1.5617006	253	80
-1.4999803	211	56
-1.5000396	215	66
-1.4998955	323	86
-1.561656	262	77
-1.4997531	218	59
-1.5617048	384	96
-1.4999125	289	79
-1.5000355	180	61
-1.5000082	290	77
-1.4998664	265	74
-1.5617845	325	88
-1.4999256	195	62
-1.5616842	331	94
-1.5614138	306	84
-1.4997224	233	63
-1.5002345	318	79
-1.5613619	315	88
-1.4996148	243	67
-1.5614431	292	77
-1.5000492	394	100
-1.4998724	268	74
-1.5001206	268	75
-1.4998584	242	70
-1.5615183	316	83
-1.5615072	225	77
-1.4998172	227	62
-1.5000414	211	64
-1.5000032	240	76
-1.5612942	298	82
-1.5614189	259	72
-1.5001354	234	66
-1.4997136	223	72
-1.4997917	259	68
-1.5000918	226	63
-1.4999793	342	96
-1.5614302	289	82
-1.5000126	150	45
-1.5619416	392	95
-1.5001608	359	92
-1.5612505	290	78
-1.5000089	259	77
-1.5614932	359	99
-1.5616425	415	100
-1.4998573	273	80
-1.4998947	343	95
-1.5612284	302	92
-1.4996651	296	82
-1.5615615	225	75
-1.5613661	239	80
-1.4998587	276	75
-1.4999954	340	79
-1.5614505	386	100
-1.49994	291	75
-1.561614	291	77
-1.5000968	328	88
-1.5001023	187	60
-1.4999872	334	90
-1.5613915	318	89
-1.5001975	226	65
-1.4999381	197	61
-1.5608191	315	84
-1.5615366	277	76
-1.5613067	317	87
-1.4999771	200	63
-1.5001574	245	71
-1.5616966	367	97
-1.5000887	241	70
-1.4999945	312	75
-1.4996819	280	84
-1.5001982	425	91
-1.5000918	268	72
-1.5000983	343	87
-1.56152	273	82
-1.5617808	315	85
-1.5617898	254	84
-1.5614637	408	100
-1.5000813	302	81
-1.5614312	335	90
-1.4998742	299	77
-1.5002428	224	69
-1.5617393	238	72
-1.5615132	421	100
-1.5616704	298	76
-1.4998101	297	72
-1.5614385	252	72
-1.5615037	354	84
-1.5616636	358	95
-1.5615684	243	61
-1.5001164	273	81
-1.5612968	307	93
-1.4999188	285	81
-1.561459	272	86
-1.5618672	336	90
-1.500028	315	82
-1.5001083	232	67
-1.5610615	326	82
-1.5613837	320	85
-1.500063	252	71
-1.4999092	344	92
-1.5616387	270	76
-1.4996784	361	87
-1.5617782	332	88
-1.5000365	227	64
-1.4999904	279	79
-1.5612969	286	79
-1.5001202	294	74
-1.5002359	188	61
-1.5617473	310	79
-1.5613407	282	87
-1.500146	310	85
-1.4998862	398	98
-1.5000931	259	73
-1.5001519	272	78
-1.5613111	289	79
-1.4997869	200	65
-1.5000633	375	92
-1.5003252	215	69
-1.5616699	388	96
-1.5614803	248	74
-1.5002842	343	93
-1.5612504	307	78
-1.4998691	184	60
-1.4995792	245	81
-1.4998975	203	62
-1.5002412	205	57
-1.5616306	331	93
-1.4998589	325	86
-1.5001146	248	69
-1.4998562	303	83
-1.5613172	250	72
-1.5001609	272	82
-1.4999229	311	83
-1.5615874	385	99
-1.5614626	298	82
-1.5001268	265	75
-1.5000502	180	57
-1.5000653	227	73
-1.5614925	341	91
-1.5616159	209	67
-1.5614904	295	82
-1.5612384	398	100
-1.5608933	354	92
-1.5001122	239	77
-1.4999022	218	66
-1.5002722	256	65
-1.5619038	228	74
-1.5614955	263	76
-1.5615198	248	79
-1.5000669	243	76
-1.5001073	244	75
-1.4999468	338	91
-1.5000625	181	56
-1.5614052	436	95
-1.5002317	291	87
-1.5001575	307	84
-1.5003953	310	84
-1.4999446	401	100
-1.5615189	378	89
-1.499896	325	79
-1.5614407	214	69
-1.5613996	332	87
-1.4998724	321	79
-1.5615117	382	93
-1.5616701	354	95
-1.5616709	264	73
-1.4998148	229	70
-1.5000007	271	85
-1.5001194	218	55
-1.5000533	233	70
-1.5000668	201	61
-1.4999879	352	90
-1.5614388	290	84
-1.4999759	253	71
-1.500089	260	74
-1.5615376	342	93
-1.4999663	198	54
-1.5000268	230	63
-1.5001847	278	75
-1.500027	198	64
-1.4998898	274	71
-1.5616245	293	89
-1.4998994	250	69
-1.4999233	309	91
-1.5002944	323	82
-1.5000098	248	78
-1.4999323	251	75
-1.5000565	218	67
-1.5000863	287	76
-1.561556	388	96
-1.4997747	341	87
-1.4999157	225	66
-1.5001485	309	85
-1.4999956	332	79
-1.5000282	181	58
-1.499931	248	73
-1.5000285	258	74
-1.561736	274	78
-1.4998716	216	56
-1.500053	200	61
-1.561843	336	88
-1.5613387	348	91
-1.5608203	391	97
-1.5616851	306	89
-1.561265	230	79
-1.5001038	287	80
-1.5000416	240	65
-1.5615054	264	79
-1.5000464	334	92
-1.4998772	308	76
-1.5000724	219	58
-1.5001295	200	62
-1.4998935	236	67
-1.5613617	262	73
-1.4999845	217	61
-1.5000034	244	68
-1.5613335	417	100
-1.5618246	249	74
-1.5000239	225	63
-1.5000797	203	58
-1.5000339	241	71
-1.4998589	344	85
-1.499852	310	81
-1.5000994	265	77
-1.5616571	284	78
-1.4999152	236	66
-1.5002853	340	94
-1.5619271	269	80
-1.5000095	270	70
-1.5614063	371	91
-1.5610713	280	70
-1.5000879	235	66
-1.5000029	268	73
-1.5614374	340	93
-1.4999056	273	77
-1.5614832	383	96
-1.5002977	267	75
-1.4995219	208	62
-1.5612183	304	87
-1.4999626	340	88
-1.5002902	278	85
-1.5613824	349	97
-1.4999431	236	67
-1.561757	209	71
-1.5615366	336	87
-1.5001523	302	82
-1.5615101	298	72
-1.5617561	249	76
-1.5001329	285	76
-1.5616148	318	88
-1.4998719	265	74
-1.5000041	305	78
-1.5000869	315	85
-1.5615028	318	86
-1.5612447	332	97
-1.5614959	222	62
-1.5000968	216	58
-1.4999237	298	77
-1.4999486	228	69
-1.5000975	293	75
-1.5002238	238	67
-1.5606005	268	77
-1.5617127	361	92
-1.5000187	271	73
-1.500122	277	86
-1.5616688	309	97
-1.5615703	324	86
-1.5001087	190	60
-1.4996894	255	73
-1.5616229	388	100
-1.4999348	261	72
-1.5613907	188	61
-1.5616967	271	82
-1.5616346	270	86
-1.5000064	258	75
-1.5000134	230	74
-1.5000279	233	66
-1.4998244	283	82
-1.5612661	318	88
-1.4998725	255	71
-1.4997032	307	90
-1.5000849	295	86
-1.5615676	401	97
-1.5002688	259	70
-1.5002247	214	66
-1.5616862	244	71
-1.5616012	300	87
-1.5614767	294	85
-1.4999894	220	63
-1.5000141	346	86
-1.5000871	313	88
-1.5612586	301	86
-1.4997673	434	100
-1.4999993	244	68
-1.4999172	312	75
-1.5002012	289	80
-1.5000282	233	65
-1.5616104	417	100
-1.5613399	220	75
-1.4998764	213	61
-1.5616817	336	87
-1.4999268	242	69
-1.5000603	273	79
-1.4998934	203	63
-1.4997285	320	84
-1.4995409	292	79
-1.4996887	251	72
-1.5000622	313	90
-1.5616475	273	87
-1.5616782	307	87
-1.4998717	330	85
-1.5617939	360	90
-1.5618306	471	100
-1.5617482	203	68
-1.5613219	369	96
-1.5615554	294	84
-1.561575	194	64
-1.4998435	316	91
-1.4998677	187	57
-1.4999579	356	85
-1.5616883	261	77
-1.5615594	357	94
-1.5613095	262	74
-1.5613552	373	95
-1.5615753	327	89
-1.499956	254	75
-1.4997377	338	88
-1.4999288	346	82
-1.4999261	296	80
-1.5613652	220	72
-1.499782	263	80
-1.5000424	303	82
-1.5616013	311	85
-1.5614744	184	64
-1.4999522	276	73
-1.4999842	189	54
-1.4998495	375	96
-1.5607493	328	77
-1.4997781	224	63
-1.5613762	239	74
-1.5002045	299	79
-1.561381	298	85
-1.5001122	257	72
-1.4999235	303	85
-1.5001379	391	95
-1.5616425	274	78
-1.5613966	244	70
-1.5002488	304	86
-1.5612669	297	88
-1.5617767	264	79
-1.561286	394	99
-1.4997466	234	65
-1.5000009	428	98
-1.5615621	251	75
-1.5615482	201	71
-1.5612594	306	87
-1.561723	276	80
-1.499939	209	63
-1.5615084	273	79
-1.499864	240	70
-1.5001025	258	69
-1.499943	251	70
-1.5612959	396	100
-1.499993	206	67
-1.5001905	404	100
-1.5612844	277	84
-1.5000619	207	59
-1.5616923	281	87
-1.5617536	284	75
-1.5614736	366	98
-1.499916	323	88
-1.5000119	370	85
-1.5601965	393	90
-1.5616246	232	73
-1.561641	303	90
-1.4999778	345	91
-1.5001274	261	65
-1.5616274	309	90
-1.5616301	263	72
-1.5614849	325	92
-1.4998463	254	74
-1.5614588	299	78
-1.5614432	230	66
-1.5000676	262	71
-1.5617612	276	80
-1.5002443	393	97
-1.4999205	238	66
-1.5611141	314	82
-1.5615346	422	99
-1.4999983	356	89
-1.4999363	440	100
-1.5615537	327	83
-1.4999298	253	71
-1.5616205	295	79
-1.500221	281	75
-1.5001344	300	74
-1.4999989	227	68
-1.5000109	273	70
-1.5615303	374	89
-1.5616469	229	70
-1.5000547	285	79
-1.500172	257	75
-1.5000139	215	62
-1.499995	306	79
-1.5617676	289	86
-1.500069	336	91
-1.5000328	278	82
-1.5612927	345	96
-1.5001919	280	84
-1.5612917	280	80
-1.5616441	335	96
-1.499775	395	99
-1.4998277	290	78
-1.5613609	371	92
-1.4997829	314	78
-1.5610773	289	81
-1.5615623	219	72
-1.5618056	335	97
-1.5612995	341	86
-1.5617492	233	78
-1.4999775	388	100
-1.4999693	319	92
-1.500004	349	90
-1.5618151	254	78
-1.5001426	162	49
-1.5002873	351	91
-1.5618355	346	94
-1.561229	235	70
-1.5613241	343	84
-1.5614392	202	63
-1.5618291	293	85
-1.5003553	280	74
-1.5616129	218	73
-1.4997388	272	68
-1.5000753	345	96
-1.5000235	236	66
-1.4998117	281	80
-1.5613123	255	78
-1.5001047	319	82
-1.4998463	257	73
-1.4998802	177	57
-1.5616804	206	62
-1.499793	249	72
-1.5000246	294	92
-1.5619007	278	78
-1.561401	345	95
-1.5615393	259	76
-1.5613875	310	84
-1.4998082	222	64
-1.5614609	260	69
-1.5613052	311	89
-1.4995728	232	65
-1.5616012	335	94
-1.5002188	187	58
-1.5000515	306	82
-1.5001308	228	63
-1.4997987	224	62
-1.5617158	332	92
-1.5614986	267	75
-1.5601266	318	87
-1.5613989	272	72
-1.5614229	213	65
-1.5012812	375	96
-1.4997104	266	80
-1.5616252	280	86
-1.499796	287	77
-1.5613024	306	88
-1.5612371	310	81
-1.5001313	329	87
-1.5618976	218	60
-1.4998373	325	81
-1.5614129	420	100
-1.5615093	256	77
-1.4999271	242	75
-1.5614554	274	80
-1.5000299	261	73
-1.4997196	303	94
-1.5618116	357	100
-1.5612588	256	77
-1.5613484	222	75
-1.4999855	236	69
-1.5618246	344	95
-1.5003015	270	73
-1.5613179	303	82
-1.4998146	203	57
-1.4995904	322	85
-1.5615291	215	72
-1.4999759	279	74
-1.5000764	274	75
-1.499498	258	74
-1.4997897	366	92
-1.5616073	334	98
-1.4998963	322	89
-1.5612239	270	84
-1.4998736	311	89
-1.5615873	370	89
-1.5000502	228	66
-1.4998897	185	57
-1.4999825	240	69
-1.4995935	323	85
-1.500098	287	78
-1.5002408	345	88
-1.5615589	253	80
-1.5617322	276	80
-1.4997312	413	97
-1.5609608	403	92
-1.5003425	285	89
-1.5614915	270	77
-1.5612249	383	98
-1.499823	312	85
-1.5003138	282	81
-1.4999859	233	73
-1.5001796	333	87
-1.5614781	422	100
-1.5614524	297	79
-1.5614489	327	85
-1.4999606	223	65
-1.5617278	310	93
-1.4998663	292	74
-1.5614625	306	80
-1.4997022	332	87
-1.4998334	281	75
-1.5615222	246	75
-1.5613964	365	88
-1.5616812	387	99
-1.4999292	351	94
-1.4998859	183	55
-1.5001244	434	100
-1.5003306	314	84
-1.5000592	355	86
-1.5611424	300	86
-1.5001558	346	93
-1.561437	304	79
-1.4999992	261	71
-1.5611522	392	96
-1.500061	312	89
-1.5001018	292	81
-1.5616517	309	80
-1.5000765	207	63
-1.4996729	382	88
-1.5614434	257	79
-1.500145	401	99
-1.5614592	257	73
-1.5007656	389	92
-1.4998024	192	61
-1.5000566	331	84
-1.5015859	413	97
-1.4998499	297	85
-1.5000007	332	74
-1.5001325	195	59
-1.5613243	336	95
-1.4999382	316	88
-1.5617163	401	91
-1.4999542	297	90
-1.5613386	286	81
-1.4998274	221	70
-1.4998271	236	62
-1.5000788	292	81
-1.4999773	265	71
-1.561952	274	81
-1.4999159	291	84
-1.4997754	388	90
-1.4998481	335	86
-1.4999244	218	65
-1.5612888	446	97
-1.5618474	311	81
-1.5007281	151	48
-1.5612921	294	84
-1.4998306	366	94
-1.5002175	345	95
-1.4999806	256	79
-1.5000028	181	57
-1.4997942	302	79
-1.5614879	317	92
-1.5000795	269	77
-1.561758	189	65
-1.4997206	243	66
-1.4998886	329	81
-1.5613955	293	76
-1.500066	335	88
-1.5616868	363	92
-1.5000108	215	69
-1.561808	370	94
-1.4997485	265	75
-1.4996666	282	77
-1.499958	299	75
-1.4999202	280	85
-1.5000001	227	63
-1.4998965	342	87
-1.499993	276	73
-1.5617538	271	77
-1.4999564	326	85
-1.4999171	382	93
-1.5617024	388	99
-1.5618914	270	86
-1.4999498	352	96
-1.4998484	207	60
-1.5615708	315	84
-1.499871	350	90
-1.5000918	319	82
-1.5614166	418	96
-1.5614037	309	88
-1.4997645	202	64
-1.4999882	354	86
-1.561568	350	92
-1.5616669	242	73
-1.5615919	372	97
-1.5001699	317	86
-1.5612732	397	97
-1.5616618	285	86
-1.5618557	250	69
-1.5615233	266	78
-1.4997083	320	91
-1.5614122	380	93
-1.5612882	313	88
-1.4998053	374	94
-1.5615361	221	69
-1.5616492	257	73
-1.5001171	326	85
-1.5617467	316	90
-1.4999126	211	61
-1.5000429	303	82
-1.5615308	300	86
-1.5001266	356	90
-1.5000897	247	75
-1.5000732	263	77
-1.5610792	355	97
-1.5611642	268	74
-1.5614994	244	70
-1.5001458	210	60
-1.4999673	268	74
-1.5000253	229	60
-1.5001162	320	87
-1.5000319	407	98
-1.561649	358	98
-1.5615201	286	80
-1.5613038	316	73
-1.4999648	241	67
-1.4999223	233	70
-1.49968	294	73
-1.5000754	220	66
-1.5001188	214	66
-1.4999775	337	88
-1.5003133	299	85
-1.5002749	259	70
-1.5002987	321	84
-1.499612	286	86
-1.5001486	292	78
-1.5004528	314	86
-1.5614744	347	92
-1.5611443	307	83
-1.5617022	382	98
-1.4999982	284	75
-1.5000231	275	82
-1.4996078	278	71
-1.4998057	215	68
-1.5613096	230	69
-1.5614738	188	60
-1.5000707	282	76
-1.4997088	243	69
-1.5616811	440	100
-1.4999102	277	81
-1.561429	321	77
-1.4998551	337	93
-1.500123	210	61
-1.5000001	282	75
-1.5615562	362	94
-1.499967	280	82
-1.4998398	180	54
-1.500055	291	87
-1.5616445	392	100
-1.5619331	253	72
-1.499758	326	89
-1.5612264	333	88
-1.5613575	299	88
-1.5000134	267	77
-1.5613776	297	87
-1.5611805	217	69
-1.5000632	227	66
-1.5616538	344	93
-1.500099	416	100
-1.4999033	318	88
-1.5614325	263	81
-1.5617431	361	88
-1.5614149	276	78
-1.4999514	329	84
-1.4999836	161	55
-1.561504	325	90
-1.4996832	401	97
-1.5000425	258	75
-1.5000097	239	74
-1.4999041	214	66
-1.4999474	298	80
-1.4999848	316	82
-1.5001357	268	80
-1.4998946	184	51
-1.4998236	281	82
-1.5001248	210	62
-1.4999803	335	86
-1.5003766	179	55
-1.4996529	341	86
-1.5609906	332	80
-1.5616301	299	92
-1.5002562	271	85
-1.5000505	228	63
-1.4998504	309	81
-1.5000837	230	63
-1.5618012	348	96
-1.561239	350	97
-1.5615518	321	90
-1.561449	296	79
-1.5614448	315	86
-1.5000636	266	76
-1.4999977	314	88
-1.500015	364	96
-1.561546	328	94
-1.5617075	321	93
-1.561438	222	65
-1.5617439	213	70
-1.4999893	305	85
-1.5002844	342	91
-1.5001367	222	70
-1.5615475	309	80
-1.5001017	297	81
-1.5617459	425	100
-1.5617024	391	100
-1.5616437	285	86
-1.5001241	314	77
-1.4999321	243	76
-1.5003112	395	98
-1.5614434	313	84
-1.5002938	313	86
-1.5618056	284	80
-1.499824	258	73
-1.5002003	208	61
-1.5001039	265	73
-1.56179	400	100
-1.4999304	292	78
-1.5000988	213	63
-1.5614613	348	94
-1.4996944	185	58
-1.5612749	431	100
-1.5611732	310	81
-1.5614472	278	77
-1.5616034	385	99
-1.5615989	254	79
-1.5615444	263	73
-1.5001327	269	77
-1.499911	239	67
-1.5001606	264	79
-1.5616891	356	96
-1.561434	301	83
-1.5615062	290	83
-1.5000108	212	65
-1.4999667	242	65
-1.5615331	264	69
-1.499914	339	90
-1.4998667	236	72
-1.5000727	254	72
-1.5000791	302	80
-1.5613744	291	84
-1.5613469	261	77
-1.4998755	331	89
-1.5614958	298	85
-1.561844	280	84
-1.5619793	363	94
-1.5612802	358	94
-1.561459	335	90
-1.49974	332	87
-1.4997884	312	91
-1.5615099	317	85
-1.4998298	238	74
-1.5613067	323	86
-1.5615722	307	87
-1.5002931	191	57
-1.5000895	310	84
-1.5001487	253	73
-1.561321	369	93
-1.5001881	263	79
-1.5615934	236	69
-1.5000551	364	89
-1.5000284	205	56
-1.4997246	247	80
-1.4999285	267	71
-1.5611978	336	86
-1.5613172	372	100
-1.56125	289	86
-1.4998875	250	62
-1.4999624	221	65
-1.5000004	226	67
-1.5609964	230	69
-1.4999425	310	76
-1.499929	236	71
-1.5614058	317	84
-1.5615926	274	82
-1.4998851	292	70
-1.5000148	209	63
-1.4999277	289	73
-1.4998763	236	62
-1.499992	202	61
-1.5611463	262	81
-1.5000528	311	82
-1.5001975	287	80
-1.4997586	195	58
-1.5617217	354	89
-1.4999773	310	80
-1.5614744	283	85
-1.5000228	308	89
-1.5001245	247	64
-1.5616955	288	75
-1.5615186	354	99
-1.5617161	336	96
-1.5615271	309	92
-1.4999947	302	85
-1.4999552	329	86
-1.5000559	325	85
-1.5000883	224	70
-1.4999099	291	79
-1.5000582	291	69
-1.5000522	239	67
-1.5615169	273	72
-1.5608729	344	100
-1.5614988	430	100
-1.499999	337	87
-1.4999236	191	60
-1.5616948	231	76
-1.5612246	353	92
-1.5000731	332	92
-1.500019	344	79
-1.4999319	279	73
-1.5001396	281	76
-1.5615201	338	87
-1.4997493	201	55
-1.5001429	294	76
-1.5000987	342	90
-1.5000446	236	62
-1.5614711	225	73
-1.5000769	349	85
-1.5615111	246	79
-1.5614553	235	67
-1.5613592	231	65
-1.4999616	284	81
-1.5617368	346	88
-1.5615351	286	82
-1.561665	201	67
-1.561323	341	89
-1.5000448	193	57
-1.5617037	454	100
-1.4999657	223	62
-1.5616901	276	78
-1.5617389	324	90
-1.5616613	255	65
-1.5000913	375	92
-1.5615221	327	93
-1.4999112	256	73
-1.5615896	308	88
-1.5000409	259	73
-1.4999707	326	81
-1.5001024	242	64
-1.5618809	191	60
-1.500042	261	76
-1.5614296	328	96
-1.4999282	297	85
-1.5616804	292	85
-1.561239	216	68
-1.499971	271	77
-1.4998677	347	96
-1.5614121	339	88
-1.5616192	362	94
-1.5617197	362	94
-1.4997841	214	66
-1.5001706	306	87
-1.5000431	307	82
-1.4999373	269	81
-1.561623	387	99
-1.5000536	239	67
-1.499947	367	90
-1.5618149	265	76
-1.5612935	213	66
-1.5612703	287	85
-1.5616494	331	96
-1.5001803	301	81
-1.5001073	261	78
-1.5617588	306	89
-1.5615828	290	77
-1.5615397	270	74
-1.5614414	309	85
-1.4997263	232	61
-1.5004598	344	89
-1.4998789	230	69
-1.5613385	341	84
-1.5615869	224	73
-1.5616647	284	85
-1.5002471	247	72
-1.5613637	279	74
-1.4998249	193	57
-1.4999209	212	58
-1.5000255	218	63
-1.5615128	355	87
-1.5615672	255	78
-1.5294992	370	100
-1.5000335	341	83
-1.5001571	254	74
-1.4999772	193	63
-1.5000345	291	80
-1.5610704	346	86
-1.5000599	317	83
-1.4999557	208	64
-1.4999723	206	60
-1.561507	418	99
-1.5003289	366	91
-1.5000375	221	67
-1.4999796	309	85
-1.5000222	386	93
-1.5615846	257	72
-1.5616145	372	97
-1.5001203	349	90
-1.4998393	226	67
-1.5611833	150	47
-1.4997806	357	94
-1.5610327	282	85
-1.4999287	294	82
-1.5612039	292	80
-1.5616853	224	67
-1.4999008	207	57
-1.5001903	409	98
-1.5001701	296	78
-1.561596	311	87
-1.561501	252	71
-1.4998463	334	88
-1.5000133	243	76
-1.5612717	245	70
-1.5616857	236	76
-1.5000214	276	73
-1.5611005	347	85
-1.5617454	233	74
-1.4999998	290	79
-1.499812	190	56
-1.5000586	237	70
-1.5617312	385	89
-1.5615413	428	100
-1.4995383	183	55
-1.5615384	233	75
-1.5613733	325	81
-1.5001949	316	91
-1.4999983	322	86
-1.5000489	281	76
-1.4999946	357	83
-1.5000541	213	71
-1.5610631	229	71
-1.5613885	268	70
-1.5002413	229	64
-1.5614456	299	90
-1.4999411	245	71
-1.5001431	214	69
-1.5254912	330	85
-1.5615369	345	98
-1.5000203	342	84
-1.4998073	239	66
-1.5613862	313	89
-1.5617786	284	87
-1.4999336	257	74
-1.4997934	339	94
-1.5615398	279	81
-1.5618566	295	74
-1.4998871	375	94
-1.5613585	300	82
-1.5001603	260	74
-1.4999099	255	69
-1.5003655	198	58
-1.5612074	367	89
-1.4999767	252	69
-1.5615683	413	100
-1.5616232	284	82
-1.5001587	151	50
-1.5000582	284	79
-1.4997616	319	82
-1.5611762	240	71
-1.4998424	367	89
-1.5614268	269	76
-1.5612838	314	87
-1.5001552	327	80
-1.561228	390	93
-1.4999207	279	74
-1.561496	357	97
-1.4999134	373	97
-1.4998792	302	76
-1.5615119	325	91
-1.4998949	409	98
-1.5001143	201	64
-1.4998386	254	65
-1.4999919	220	64
-1.499693	305	80
-1.5001226	296	77
-1.4999531	192	64
-1.5616453	291	83
-1.5618011	367	98
-1.5005619	345	86
-1.5618318	331	87
-1.500237	240	77
-1.5002058	256	78
-1.5615089	291	79
-1.4999185	247	69
-1.500246	246	69
-1.5613644	291	79
-1.4998659	269	79
-1.4999337	254	72
-1.4999263	317	84
-1.5000673	253	70
-1.5614063	302	73
-1.5002631	247	84
-1.5615376	324	92
-1.5612373	222	63
-1.5000538	341	94
-1.500006	207	65
-1.5615786	369	92
-1.561473	227	68
-1.5001548	276	74
-1.5616292	325	85
-1.5614116	271	82
-1.5617944	360	90
-1.5612239	250	69
-1.4998766	283	74
-1.5001907	400	99
-1.5614559	267	74
-1.5610545	276	78
-1.5001397	306	77
-1.5001781	295	86
-1.5618006	357	94
-1.5618753	330	84
-1.4997505	303	80
-1.5615715	280	80
-1.5611314	193	55
-1.5613823	192	64
-1.5598448	362	88
-1.5000704	283	78
-1.5616548	283	92
-1.561396	359	86
-1.4999728	292	74
-1.4997501	283	79
-1.5615171	269	85
-1.5001749	423	100
-1.5613931	265	78
-1.4998792	288	74
-1.499957	334	84
-1.561318	242	78
-1.5619343	266	79
-1.499821	180	55
-1.4998539	259	74
-1.5614204	434	96
-1.50009	231	60
-1.5000835	217	62
-1.4999679	453	97
-1.5619486	297	79
-1.5615244	304	80
-1.4998691	293	75
-1.4998884	232	58
-1.500073	212	65
-1.5617375	296	91
-1.5614609	335	90
-1.561615	329	99
-1.500055	210	69
-1.4999419	320	83
-1.5616758	342	87
-1.5614649	335	86
-1.499947	296	79
-1.5616363	369	92
-1.4999184	325	81
-1.5616195	306	86
-1.5614367	347	100
-1.4997172	217	62
-1.5616864	354	94
-1.5617419	413	100
-1.5001557	251	75
-1.5008291	315	84
-1.5612088	332	93
-1.49976	311	80
-1.5000765	232	66
-1.4999101	306	77
-1.5000393	298	85
-1.4999921	327	88
-1.4999562	336	88
-1.5611793	242	69
-1.561676	182	56
-1.5615941	362	94
-1.5618863	276	76
-1.5616791	352	89
-1.5613763	230	73
-1.5617082	364	99
-1.5615739	347	92
-1.5000912	413	100
-1.4999863	256	70
-1.5002719	241	69
-1.4999117	241	68
-1.499987	279	79
-1.5000278	269	81
-1.5614725	251	75
-1.4998506	333	90
-1.5614974	366	97
-1.5612243	302	84
-1.5000013	253	82
-1.5616822	247	74
-1.5000084	232	64
-1.4996958	354	94
-1.5001563	300	83
-1.5611977	293	87
-1.5610893	294	83
-1.5000717	183	54
-1.5002601	169	49
-1.5613258	378	92
-1.5000381	335	77
-1.4998621	327	85
-1.5001044	258	68
-1.5002434	158	52
-1.5616971	265	82
-1.5000935	208	62
-1.5614411	212	64
-1.5616528	400	100
-1.5610366	345	90
-1.5616201	216	70
-1.4997567	338	85
-1.5613656	287	79
-1.5615954	339	100
-1.4999605	322	87
-1.5615181	322	93
-1.5607563	285	77
-1.5615389	396	96
-1.5615211	361	85
-1.561521	345	98
-1.5613395	236	68
-1.500018	291	82
-1.5000112	288	75
-1.561895	313	81
-1.5002799	232	73
-1.5617314	282	81
-1.5615913	262	80
-1.4998172	343	87
-1.5618333	327	89
-1.4999765	334	90
-1.5615885	340	91
-1.5000406	199	59
-1.561594	275	77
-1.499839	385	100
-1.4998492	215	63
-1.5615538	229	69
-1.5614168	298	89
-1.5614997	313	89
-1.5000535	179	54
-1.4997326	185	64
-1.5001649	253	69
-1.5616651	301	88
-1.4998657	366	96
-1.5002097	223	64
-1.5002911	257	75
-1.561838	219	64
-1.4997973	289	88
-1.5001431	194	58
-1.5615387	246	74
-1.4998631	365	85
-1.5616264	306	87
-1.5000808	222	65
-1.4999686	254	71
-1.5614351	231	75
-1.4997517	287	81
-1.5618504	244	72
-1.5001283	297	82
-1.5002344	241	67
-1.5615786	262	73
-1.5003946	233	70
-1.4999856	331	81
-1.4998393	207	66
-1.5003906	290	84
-1.5615374	309	80
-1.5612109	292	84
-1.5619042	414	98
-1.4997446	233	68
-1.561802	365	100
-1.5615824	261	69
-1.5613991	238	68
-1.561632	308	78
-1.5616028	320	83
-1.5000912	329	87
-1.5614647	333	83
-1.5616355	273	83
-1.5614756	289	89
-1.5611927	384	96
-1.5000601	224	67
-1.4999609	339	91
-1.5612939	323	93
-1.499886	316	82
-1.5616238	314	93
-1.4999947	253	77
-1.4999034	226	62
-1.4997866	338	91
-1.5615216	371	92
-1.5612689	369	96
-1.5001145	280	75
-1.4999556	192	58
-1.5614089	273	77
-1.4999457	258	76
-1.5614828	297	82
-1.5001439	236	72
-1.4998775	189	55
-1.4999408	274	79
-1.5000031	300	83
-1.5615819	322	87
-1.5613669	240	72
-1.5616473	361	96
-1.5613763	254	83
-1.560881	404	100
-1.4999404	302	79
-1.5616485	253	78
-1.5615961	356	92
-1.4999397	309	80
-1.5616032	478	99
-1.5616172	306	82
-1.4999164	291	83
-1.561492	293	86
-1.499906	329	88
-1.500012	344	91
-1.4995908	343	89
-1.5613316	266	78
-1.5002038	326	90
-1.5614306	435	100
-1.5613242	267	79
-1.4998799	306	80
-1.499937	260	81
-1.5611657	294	84
-1.5001626	317	86
-1.5613411	231	77
-1.5002428	277	75
-1.4998695	384	93
-1.4997802	209	64
-1.4998633	194	62
-1.5001994	288	86
-1.5001599	233	65
-1.5613901	289	81
-1.4997306	299	86
-1.4999858	198	63
-1.561362	336	84
-1.5615142	266	78
-1.5001418	255	70
-1.5610309	396	99
-1.5612633	386	92
-1.5003347	306	90
-1.5002606	199	58
-1.5614643	234	72
-1.5613779	301	81
-1.561399	386	98
-1.5000704	224	64
-1.5615604	201	68
-1.4998283	224	65
-1.5000699	414	93
-1.5000402	346	90
-1.4999872	343	92
-1.5612558	358	93
-1.499903	299	78
-1.5614539	280	84
-1.5001692	286	74
-1.5615283	322	79
-1.499986	270	71
-1.4999755	326	88
-1.4998707	371	97
-1.4998222	297	83
-1.5609417	279	78
-1.5616135	347	100
-1.4999961	199	54
-1.5615201	256	77
-1.5000725	239	63
-1.5614418	366	99
-1.4999015	213	62
-1.5611668	316	88
-1.5616298	229	70
-1.5619301	227	66
-1.5001995	214	67
-1.5001421	312	90
-1.4998131	284	74
-1.5613437	221	63
-1.4999706	273	79
-1.5613413	243	71
-1.5000031	313	81
-1.5609667	375	98
-1.5611976	295	75
-1.5002159	237	72
-1.5000211	272	75
-1.4997903	233	60
-1.5000709	318	80
-1.5611606	242	70
-1.5617206	247	76
-1.5002019	328	86
-1.5615029	269	77
-1.5000199	299	79
-1.5615641	336	91
-1.5615693	333	87
-1.5614807	253	76
-1.5614681	304	87
-1.5011283	326	95
-1.500253	219	70
-1.5000199	325	87
-1.5618397	244	78
-1.5614267	210	67
-1.5001693	245	62
-1.5619465	348	88
-1.4996911	286	79
-1.4999395	361	91
-1.5000722	389	91
-1.5614625	306	92
-1.4998979	298	81
-1.499933	272	74
-1.4999586	349	84
-1.5000404	269	74
-1.5612087	326	82
-1.4998789	202	63
-1.5002152	182	49
-1.500351	341	88
-1.5613923	282	86
-1.4997024	263	72
-1.5613771	262	75
-1.5000312	241	72
-1.4996178	209	67
-1.5615169	395	98
-1.4999309	262	76
-1.499951	204	61
-1.5618105	287	87
-1.4998768	320	85
-1.5611565	261	74
-1.4997887	305	75
-1.5616674	294	84
-1.561424	188	62
-1.5615626	370	98
-1.5000152	316	84
-1.5615119	332	85
-1.5615573	348	100
-1.499803	369	97
-1.5000761	226	72
-1.5617031	297	88
-1.5618946	234	81
-1.4995643	253	67
-1.5003262	254	73
-1.500106	272	73
-1.5000992	195	67
-1.5613664	290	80
-1.5615123	298	86
-1.4999757	283	79
-1.561214	295	87
-1.4998452	314	87
-1.499855	179	57
-1.5614525	386	100
-1.5000841	216	67
-1.4998969	285	80
-1.5616726	215	61
-1.5000579	210	67
-1.4999281	254	73
-1.4998023	354	90
-1.5614456	222	64
-1.5000553	294	80
-1.5614267	315	85
-1.4999783	286	79
-1.4995972	223	61
-1.5613546	221	74
-1.4999671	274	78
-1.561647	383	100
-1.5612822	362	88
-1.5615976	241	80
-1.4999264	192	51
-1.4999991	283	83
-1.5616111	289	84
-1.500169	217	69
-1.499971	334	83
-1.5614957	258	70
-1.4998398	269	70
-1.499773	194	53
-1.4996768	168	47
-1.4999796	172	52
-1.5001485	187	54
-1.5616705	347	84
-1.4998803	279	78
-1.5614273	234	77
-1.561458	382	99
-1.49984	273	69
-1.5614155	388	95
-1.5620147	232	75
-1.5615286	277	77
-1.5615969	282	81
-1.4999171	256	71
-1.5000928	323	78
-1.5614358	248	75
-1.5001404	324	82
-1.4999411	230	68
-1.5617197	266	81
-1.5000006	313	80
-1.4999414	307	81
-1.4999122	198	56
-1.5618121	277	70
-1.5614456	452	99
-1.5615617	255	80
-1.4998455	178	53
-1.5612912	364	90
-1.4998464	276	75
-1.5616645	305	86
-1.5618327	392	100
-1.561486	321	87
-1.5616121	340	91
-1.5002513	359	93
-1.5000177	293	76
-1.5616105	294	84
-1.5616012	362	94
-1.5615302	311	87
-1.4997399	284	85
-1.5002212	366	96
-1.4998672	324	84
-1.5001865	323	85
-1.4998358	234	69
-1.5611886	276	78
-1.4999925	232	62
-1.4999079	190	58
-1.4999095	312	93
-1.5614039	296	79
-1.5615606	225	78
-1.5612324	410	98
-1.5614553	266	79
-1.5614048	265	73
-1.5001326	264	78
-1.5615028	336	90
-1.5613175	320	89
-1.5614124	329	89
-1.5617414	308	86
-1.4997703	357	80
-1.5000845	358	98
-1.5615074	327	81
-1.5617897	229	76
-1.5614414	304	81
-1.4998862	317	85
-1.5615837	405	100
-1.5000762	235	65
-1.4998053	287	81
-1.4999089	299	72
-1.5614257	206	66
-1.5002521	239	68
-1.5614157	379	100
-1.4996322	275	73
-1.4997281	310	84
-1.5615348	218	76
-1.5613203	243	68
-1.5615875	332	92
-1.5615142	301	86
-1.5612695	330	82
-1.5614456	248	76
-1.5611458	316	93
-1.5613947	276	74
-1.5616297	312	90
-1.4998372	208	57
-1.5000206	277	84
-1.5613743	335	83
-1.5000045	277	83
-1.5001687	282	74
-1.5613256	278	84
-1.4998844	346	87
-1.5613178	372	95
-1.5615475	344	88
-1.5618907	309	84
-1.4999974	331	90
-1.5000872	245	70
-1.4998907	254	77
-1.4999825	197	60
-1.4997839	321	79
-1.5002547	226	64
-1.499872	231	60
-1.5615088	310	85
-1.5001198	204	67
-1.4999978	189	55
-1.5617867	292	79
-1.50009	308	83
-1.561832	340	94
-1.5613709	236	71
-1.5000466	288	75
-1.5000692	290	78
-1.4995824	305	75
-1.4999316	201	60
-1.5613677	296	89
-1.5615336	321	83
-1.5001299	215	64
-1.5615622	329	80
-1.5615402	357	87
-1.4998729	325	81
-1.5616901	294	74
-1.5000968	365	91
-1.5000601	171	56
-1.4998571	287	75
-1.5620184	329	84
-1.5613405	301	83
-1.4998106	230	66
-1.500255	217	60
-1.5611864	276	76
-1.5617516	313	85
-1.4999275	250	73
-1.4999381	204	61
-1.5613786	290	81
-1.5000518	232	68
-1.4998636	312	77
-1.4998587	338	89
-1.5614826	400	98
-1.5615606	208	65
-1.4997953	361	89
-1.561376	347	89
-1.5612841	343	90
-1.4998903	256	69
-1.5000764	236	75
-1.5614766	282	77
-1.5619581	268	72
-1.4999392	378	92
-1.5615008	332	89
-1.500005	291	77
-1.5617829	357	94
-1.5614517	283	82
-1.5614603	291	82
-1.5002481	309	88
-1.5613952	321	89
-1.5001289	262	76
-1.5000913	247	79
-1.5613658	255	67
-1.5002822	378	98
-1.4998821	326	85
-1.5611963	339	94
-1.5615086	377	100
-1.5000081	196	58
-1.5606822	319	83
-1.5001709	316	86
-1.5002135	381	97
-1.5000194	306	81
-1.5616994	264	73
-1.4999284	296	75
-1.4999267	280	78
-1.4999233	256	71
-1.4999262	307	88
-1.5001039	245	76
-1.561555	305	87
-1.5003682	221	71
-1.499938	284	69
-1.5001823	268	71
-1.4999318	337	85
-1.500197	284	77
-1.5613569	280	78
-1.5002415	372	99
-1.4997933	335	78
-1.5617188	264	78
-1.561518	262	85
-1.5000703	377	86
-1.5618302	293	93
-1.500097	203	59
-1.5000394	279	83
-1.5615395	284	78
-1.5000148	229	66
-1.5614403	239	69
-1.5001546	246	57
-1.4998163	266	68
-1.5002092	205	62
-1.5000365	243	73
-1.5610828	259	75
-1.5617774	347	95
-1.4997244	287	88
-1.5615208	283	75
-1.5616867	345	91
-1.5615791	305	85
-1.500043	305	85
-1.5618856	289	74
-1.5614717	358	86
-1.5617505	218	71
-1.4998777	343	85
-1.4998276	194	60
-1.5615301	452	100
-1.5002241	332	86
-1.5620001	260	83
-1.561621	225	61
-1.5613032	312	88
-1.5380754	318	85
-1.5196147	373	99
-1.4999143	253	73
-1.5594688	319	86
-1.5614599	330	94
-1.4998985	241	71
-1.5610193	366	99
-1.4998763	208	62
-1.5616547	367	96
-1.5004225	348	84
-1.5616702	334	79
-1.4999412	277	73
-1.5615276	334	95
-1.5613545	173	61
-1.561632	417	100
-1.5000852	373	88
-1.5617274	277	81
-1.4999742	272	74
-1.5616895	277	81
-1.4999151	215	66
-1.4999459	227	65
-1.5615294	196	67
-1.5619924	345	84
-1.5614038	246	85
-1.4999921	185	52
-1.4999247	244	68
-1.4999888	304	79
-1.5615734	266	75
-1.4998777	195	61
-1.499894	198	56
-1.5001147	324	82
-1.5000562	327	88
-1.5614854	331	92
-1.4998612	284	69
-1.4999769	304	85
-1.3268361	278	77
-1.5002943	227	65
-1.5615359	264	75
-1.5614827	358	98
-1.5000854	363	92
-1.5001096	410	95
-1.4999185	192	61
-1.5612899	208	67
-1.4997485	305	84
-1.5000141	176	59
-1.500222	380	92
-1.4999701	339	83
-1.5614186	243	71
-1.5002357	239	72
-1.499904	195	59
-1.4999701	292	74
-1.5609536	395	98
-1.5616238	229	72
-1.4999416	208	64
-1.5619269	370	96
-1.4999281	305	74
-1.5617584	309	89
-1.4997117	367	92
-1.561348	259	77
-1.4998711	303	78
-1.5617032	275	84
-1.5615765	397	89
-1.5001535	329	80
-1.4999433	214	60
-1.4998378	226	68
-1.5616757	229	73
-1.49964	337	87
-1.4999626	313	83
-1.5616124	342	87
-1.5000471	251	70
-1.4997418	292	71
-1.5614731	322	92
-1.4999178	296	81
-1.5611915	353	94
-1.5000598	317	82
-1.5000846	297	73
-1.5613888	288	80
-1.5001283	207	61
-1.5613699	282	77
-1.5613115	335	88
-1.5612726	251	70
-1.5001763	180	62
-1.4999684	238	62
-1.4999208	305	83
-1.561769	354	87
-1.5617163	314	89
-1.5611448	198	59
-1.4999493	232	69
-1.5617771	404	100
-1.4999183	210	63
-1.5613055	362	89
-1.4999143	214	65
-1.5001423	242	67
-1.4999335	242	70
-1.5000136	239	65
-1.5614095	338	92
-1.4998512	314	90
-1.4998501	280	79
-1.5616788	323	92
-1.5616805	379	97
-1.5010424	457	100
-1.5613117	245	71
-1.5616056	337	87
-1.4998332	240	70
-1.5000872	270	87
-1.5619613	424	100
-1.5615414	369	96
-1.5614709	271	76
-1.5611499	262	80
-1.5613754	221	70
-1.5614257	301	83
-1.5614901	334	88
-1.4999548	171	46
-1.5611082	184	66
-1.500185	320	83
-1.561417	363	90
-1.4999345	288	86
-1.5004862	369	100
-1.5611553	302	80
-1.4997358	223	70
-1.4999314	251	69
-1.5002601	286	78
-1.5000141	378	99
-1.5000402	222	65
-1.5002629	212	64
-1.5616203	323	89
-1.5615369	307	86
-1.5615354	274	86
-1.5001438	387	83
-1.5000302	261	78
-1.4997179	336	82
-1.4999287	261	71
-1.561508	348	95
-1.4998334	267	78
-1.5000963	312	85
-1.5614606	284	82
-1.5615781	319	97
-1.4998856	222	61
-1.5616968	210	61
-1.5612467	320	86
-1.5002487	246	79
-1.5001611	234	69
-1.5613306	265	72
-1.5615965	269	81
-1.5616327	393	94
-1.5605705	353	88
-1.5616208	247	85
-1.4997952	317	86
-1.4998658	257	69
-1.5000185	178	59
-1.5000324	177	45
-1.5617783	298	80
-1.5000361	199	60
-1.4999173	401	97
-1.5616908	316	85
-1.5002055	288	79
-1.4998847	325	86
-1.5615329	237	72
-1.5001027	264	74
-1.4998084	287	77
-1.5618945	349	93
-1.5000642	294	76
-1.5613588	318	83
-1.4997307	185	60
-1.5000089	396	89
-1.5617064	270	82
-1.4999299	299	78
-1.4998425	293	85
-1.5614502	310	87
-1.5614	296	80
-1.5614694	319	83
-1.5000187	230	65
-1.5615	267	91
-1.5616221	284	84
-1.5616101	313	84
-1.5000116	223	67
-1.5000834	237	75
-1.4998015	217	68
-1.5615949	350	91
-1.4998102	302	77
-1.5000852	188	59
-1.5612612	303	82
-1.5613307	195	64
-1.4998456	294	80
-1.4998049	263	77
-1.4997812	222	61
-1.5613257	277	71
-1.5616611	403	100
-1.5000015	289	77
-1.4999021	201	60
-1.5615691	364	92
-1.5001373	270	69
-1.5618883	342	96
-1.5612875	274	72
-1.4996154	309	74
-1.5000451	223	71
-1.4998767	191	61
-1.5001532	324	83
-1.5000857	262	78
-1.5001716	254	72
-1.4997252	320	85
-1.5616156	428	100
-1.4997518	331	92
-1.499885	252	71
-1.5001379	276	80
-1.5616367	292	85
-1.4999826	341	92
-1.561601	231	74
-1.561586	219	73
-1.5000235	373	96
-1.5618783	284	78
-1.499816	280	78
-1.561916	330	92
-1.561422	368	96
-1.4999148	308	82
-1.4997458	235	70
-1.5615649	290	78
-1.4998934	243	75
-1.5611654	262	77
-1.5613138	247	69
-1.499844	346	91
-1.5000349	318	80
-1.4999317	399	98
-1.5000133	290	74
-1.5613453	359	92
-1.5615907	229	69
-1.5615907	286	65
-1.4999665	330	85
-1.4999039	348	83
-1.4999936	305	83
-1.4998778	356	88
-1.5613382	330	87
-1.4999576	210	60
-1.5001646	272	74
-1.4999404	297	82
-1.5003005	390	98
-1.5615796	375	91
-1.5616913	345	95
-1.5001047	165	54
-1.4998457	288	88
-1.5616232	281	72
-1.5613895	187	59
-1.5000654	202	69
-1.5001764	293	76
-1.4998241	343	89
-1.5000755	200	61
-1.5000443	181	53
-1.5614834	220	74
-1.4999242	247	68
-1.5616244	369	93
-1.5001136	327	92
-1.4998463	324	90
-1.5612092	208	64
-1.5615764	315	81
-1.4996996	282	71
-1.5000092	274	77
-1.5001052	261	73
-1.5616259	347	92
-1.5616735	419	94
-1.5610752	334	86
-1.561463	256	83
-1.4999197	236	66
-1.5618174	297	94
-1.4998764	200	62
-1.4997276	288	82
-1.5001434	369	89
-1.4998445	293	77
-1.5001974	275	81
-1.5002527	233	71
-1.5001302	229	61
-1.499955	192	63
-1.5614619	346	93
-1.5001937	239	68
-1.5611537	306	91
-1.5615501	243	74
-1.5001484	317	90
-1.499956	295	78
-1.500215	369	91
-1.5615399	197	64
-1.4998084	234	66
-1.5000543	303	80
-1.5616716	410	100
-1.4994645	450	100
-1.4998697	228	71
-1.4998885	229	73
-1.5619094	300	90
-1.4999351	262	84
-1.5612302	290	90
-1.5616382	290	88
-1.4996913	338	93
-1.5616277	282	79
-1.561731	270	81
-1.5615515	411	97
-1.5000349	302	85
-1.4999456	387	95
-1.5617457	326	79
-1.5616235	260	83
-1.561324	333	97
-1.5000278	256	63
-1.4999924	284	83
-1.5000364	266	75
-1.5000026	202	63
-1.5000434	368	92
-1.5618081	270	74
-1.5614677	348	91
-1.500156	234	63
-1.5613279	308	87
-1.5615808	239	70
-1.5001898	271	77
-1.5000305	280	76
-1.5613075	318	86
-1.5615015	276	76
-1.561759	392	100
-1.5001118	219	72
-1.5611216	266	72
-1.5614012	203	69
-1.5615896	275	75
-1.4998053	226	58
-1.4998352	302	81
-1.4996388	296	81
-1.561374	287	81
-1.4997767	371	94
-1.4998677	318	85
-1.5613564	292	83
-1.561835	331	86
-1.5617425	339	91
-1.5614235	399	98
-1.5000348	341	93
-1.5005093	249	71
-1.4999436	255	74
-1.4999806	268	70
-1.5614783	246	76
-1.5592692	332	97
-1.5616803	293	87
-1.561774	344	99
-1.561591	306	88
-1.5001231	253	70
-1.5615496	216	68
-1.5617589	398	93
-1.4999593	303	80
-1.5000682	182	58
-1.5612091	349	91
-1.5617714	278	86
-1.4998803	230	67
-1.4997876	210	60
-1.4996518	320	82
-1.5613047	345	87
-1.5616281	322	90
-1.5615995	259	75
-1.500034	285	81
-1.4999775	171	54
-1.5617229	238	75
-1.5000287	278	77
-1.5000404	353	94
-1.5615713	272	87
-1.5617604	335	93
-1.5613581	313	88
-1.5616888	223	72
-1.5000744	319	82
-1.4999733	315	89
-1.499966	242	67
-1.5617781	301	91
-1.5001045	294	79
-1.5003193	297	82
-1.5000896	307	80
-1.4998474	308	80
-1.4999844	193	60
-1.5613441	210	65
-1.499857	188	56
-1.4999879	299	78
-1.5000913	252	74
-1.5612635	386	98
-1.5612449	234	67
-1.5610368	339	79
-1.5001251	271	68
-1.4999989	294	81
-1.499992	235	69
-1.4999387	291	85
-1.4998741	221	61
-1.5618868	318	94
-1.4998577	205	69
-1.4999605	250	64
-1.4999177	327	89
-1.4998383	323	81
-1.4999106	309	92
-1.5000363	212	61
-1.4999166	250	74
-1.5613293	404	96
-1.5617985	230	69
-1.5614257	224	72
-1.5612421	367	89
-1.5000793	230	70
-1.5614646	382	97
-1.499823	338	86
-1.5000495	234	72
-1.5000277	310	78
-1.5000414	328	82
-1.561539	365	89
-1.5611505	392	100
-1.5612174	345	92
-1.4997826	306	77
-1.500101	348	86
-1.50004	323	88
-1.5614591	251	75
-1.5001284	268	77
-1.5615396	236	72
-1.5000246	275	76
-1.5611636	355	87
-1.5000615	252	76
-1.5613334	260	83
-1.5615788	325	77
-1.4997653	333	86
-1.4996357	256	70
-1.5615236	197	59
-1.5	224	63
-1.5616303	291	84
-1.5615359	339	82
-1.4998799	240	71
-1.5615232	263	76
-1.4997978	338	82
-1.5612783	310	84
-1.5611204	321	84
-1.4999546	197	62
-1.5611813	315	85
-1.4999968	294	83
-1.4999589	302	84
-1.5000632	325	92
-1.500046	216	64
-1.5617883	352	89
-1.5617409	234	76
-1.4997185	232	73
-1.561836	254	77
-1.5005243	314	93
-1.4998667	349	87
-1.4999408	332	85
-1.5616096	358	93
-1.5612787	269	73
-1.5616199	256	83
-1.561315	366	97
-1.5001749	375	96
-1.5614138	289	79
-1.4996531	342	84
-1.5614718	245	79
-1.5001921	183	59
-1.5000824	265	66
-1.5000924	316	84
-1.5615325	342	92
-1.5000833	300	85
-1.5616759	274	74
-1.5001105	371	92
-1.5618477	288	83
-1.4998665	239	70
-1.4999966	190	57
-1.5613372	436	100
-1.500206	362	94
-1.4997242	239	71
-1.4997001	220	71
-1.56142	225	82
-1.4998525	355	89
-1.499888	321	88
-1.5617668	246	85
-1.4999981	205	65
-1.5616536	337	93
-1.5002387	210	65
-1.500005	329	83
-1.5001985	358	98
-1.5617057	251	80
-1.5000939	246	74
-1.5617021	302	85
-1.4998633	245	68
-1.499894	315	89
-1.5612999	277	78
-1.5617628	203	69
-1.5001276	300	79
-1.5616799	228	71
-1.5615218	225	75
-1.5617756	417	100
-1.50014	226	66
-1.5000272	234	74
-1.4999849	200	60
-1.5001449	217	57
-1.5612847	437	100
-1.5002088	263	78
-1.5000061	237	70
-1.5613907	281	80
-1.4997891	354	93
-1.5612191	298	80
-1.5615472	367	95
-1.5614988	294	77
-1.5000923	194	60
-1.4999431	258	75
-1.499944	181	56
-1.5616756	315	93
-1.5619117	342	94
-1.5615875	224	69
-1.5612345	300	81
-1.5614864	309	90
-1.500056	234	69
-1.5000098	312	84
-1.4998729	301	76
-1.4997903	180	59
-1.5612585	264	81
-1.4998124	241	74
-1.5617371	346	89
-1.5001881	233	71
-1.4999467	174	59
-1.5615657	291	91
-1.5002177	361	96
-1.5001488	212	60
-1.4995115	265	72
-1.5615576	287	76
-1.5613729	312	83
-1.5615911	330	89
-1.4999874	242	72
-1.4998575	385	87
-1.5615939	300	84
-1.5615488	267	81
-1.5001916	327	92
-1.4999248	282	77
-1.5616974	387	96
-1.5002234	260	69
-1.499912	337	85
-1.4998199	243	72
-1.4999582	274	78
-1.5001226	204	63
-1.4998038	274	76
-1.4999098	262	76
-1.561631	345	85
-1.5615221	275	80
-1.5615108	305	89
-1.4999965	333	90
-1.5614358	286	76
-1.5613137	327	77
-1.5000819	387	98
-1.5001077	178	56
-1.5000563	266	79
-1.4998554	330	94
-1.5000839	323	79
-1.4998293	283	76
-1.5612866	292	80
-1.5614947	291	82
-1.4999838	260	82
-1.500091	310	82
-1.5000508	310	85
-1.5000298	205	60
-1.4999538	327	89
-1.5617212	348	91
-1.5000532	401	98
-1.561333	277	79
-1.5613676	325	85
-1.4998448	263	77
-1.5615768	305	84
-1.561557	279	77
-1.5616879	283	83
-1.5612409	255	72
-1.5616823	260	77
-1.5000339	270	74
-1.561415	331	92
-1.5614396	241	72
-1.5000977	347	86
-1.4997878	306	85
-1.5614142	322	94
-1.4999862	210	61
-1.5000516	282	69
-1.5615409	335	88
-1.5613338	374	87
-1.5615139	297	76
-1.5615094	390	98
-1.5614469	293	73
-1.5617861	313	87
-1.5000959	455	100
-1.5618207	337	92
-1.5612951	315	96
-1.5001137	236	61
-1.5002909	259	78
-1.4998416	160	51
-1.5001092	170	60
-1.5614658	222	66
-1.5612488	336	92
-1.5001435	237	65
-1.4995658	251	68
-1.4999526	248	74
-1.5617016	247	82
-1.5000886	251	65
-1.5000257	342	76
-1.561959	377	100
-1.4999722	273	82
-1.5617107	277	79
-1.561604	327	91
-1.5615643	415	98
-1.5616431	379	92
-1.5613797	304	86
-1.4998031	314	93
-1.5613313	257	77
-1.5613026	404	100
-1.5620003	383	100
-1.5618263	440	100
-1.4999624	239	69
-1.5617345	285	83
-1.5616825	443	100
-1.5001921	310	84
-1.5614355	322	87
-1.4998602	284	73
-1.5611648	302	86
-1.5014085	379	92
-1.5616073	323	88
-1.5000925	383	93
-1.5000362	342	88
-1.4998862	303	87
-1.5612206	358	91
-1.4998041	178	57
-1.5185464	348	89
-1.4999459	192	56
-1.5617157	271	71
-1.5000872	294	89
-1.5614917	274	87
-1.5616857	311	92
-1.5615701	337	83
-1.5612309	327	83
-1.5615969	277	84
-1.5001059	328	90
-1.5614223	344	89
-1.4998917	297	86
-1.5618493	303	87
-1.5003322	368	92
-1.5615348	304	90
-1.5002459	242	77
-1.5612368	299	79
-1.5000234	252	73
-1.5614854	267	80
-1.4998546	189	61
-1.5617439	320	88
-1.4996621	338	87
-1.5000971	338	92
-1.4998912	270	69
-1.4999817	194	61
-1.5615815	344	95
-1.56115	341	94
-1.4998885	266	76
-1.5615419	299	81
-1.4999776	179	59
-1.5613348	347	87
-1.500017	234	76
-1.4999263	252	70
-1.561572	414	100
-1.4999858	223	67
-1.5000242	361	97
-1.5533213	313	87
-1.5000345	285	77
-1.5613459	325	86
-1.4998727	326	86
-1.5000275	295	83
-1.500034	356	95
-1.5612877	273	81
-1.5002061	257	70
-1.5000985	200	60
-1.5613037	271	91
-1.5614243	398	100
-1.5618256	307	84
-1.5614529	328	87
-1.5001809	290	81
-1.561487	245	69
-1.5614386	353	97
-1.5000472	242	69
-1.5617207	199	67
-1.5614584	328	94
-1.5000707	326	86
-1.4999012	292	77
-1.5612076	301	80
-1.5614761	315	85
-1.4999699	230	64
-1.4998289	427	100
-1.5614738	249	85
-1.5001945	255	76
-1.5616633	344	87
-1.4999021	202	64
-1.4999701	284	72
-1.5617669	340	95
-1.5000746	267	78
-1.5616285	291	87
-1.499908	308	80
-1.5615411	389	98
-1.56186	339	92
-1.4998413	309	88
-1.5002282	385	90
-1.4999943	222	55
-1.5616909	443	100
-1.4996855	232	66
-1.5000089	277	81
-1.5002474	255	79
-1.5613261	265	73
-1.4996783	367	91
-1.5615786	314	85
-1.5615262	285	78
-1.5000907	283	75
-1.5000215	258	75
-1.5615081	359	94
-1.5617479	228	62
-1.5000135	294	76
-1.5616511	354	95
-1.5000072	321	85
-1.5615136	242	78
-1.4999218	363	94
-1.4999741	367	89
-1.5000211	230	78
-1.5614608	328	94
-1.50018	207	66
-1.4999898	286	78
-1.5615469	255	69
-1.5611957	397	99
-1.4999274	175	56
-1.5000867	330	88
-1.5001021	303	79
-1.4999671	257	72
-1.5000873	414	91
-1.5001393	297	84
-1.5614024	282	83
-1.4999919	204	60
-1.5614512	326	81
-1.5002119	287	82
-1.5608841	390	96
-1.5618744	255	72
-1.5611946	232	72
-1.4998102	304	79
-1.5614383	334	96
-1.5613996	313	85
-1.4999513	260	72
-1.5611688	255	78
-1.561243	250	74
-1.500366	356	94
-1.5001509	286	72
-1.5002877	333	85
-1.4999803	224	67
-1.4999503	285	79
-1.5615137	261	72
-1.5004628	237	70
-1.5000354	397	97
-1.4998064	309	78
-1.4999017	251	66
-1.5001502	361	86
-1.5000251	325	86
-1.5614818	253	74
-1.5612862	278	83
-1.5612133	182	60
-1.4999425	257	84
-1.5617477	330	90
-1.5615708	267	81
-1.5615112	424	98
-1.5616084	384	94
-1.5001191	189	59
-1.4998448	296	75
-1.5615976	342	93
-1.5001296	210	65
-1.5613907	358	92
-1.5615422	419	100
-1.5615676	285	81
-1.4997877	202	73
-1.561489	297	85
-1.4998286	317	84
-1.4999182	308	85
-1.4997126	193	63
-1.5618248	271	83
-1.4999812	263	74
-1.5615331	266	73
-1.4998211	336	90
-1.5616708	272	89
-1.5000036	381	98
-1.4998692	185	58
-1.4998658	253	72
-1.4999966	259	74
-1.5615805	245	88
-1.5613756	290	85
-1.5617809	230	68
-1.4999222	300	77
-1.5001216	218	66
-1.5001987	374	99
-1.5614822	286	84
-1.4999554	353	90
-1.5002165	280	71
-1.4999232	289	76
-1.561356	364	85
-1.5614708	294	78
-1.4998768	258	75
-1.5612132	197	57
-1.5000007	253	69
-1.4996203	270	72
-1.5615719	318	94
-1.4999359	270	72
-1.4996893	278	75
-1.5615757	309	86
-1.5002249	326	82
-1.5616116	336	95
-1.5614175	376	95
-1.561306	434	98
-1.500051	182	59
-1.5001334	252	74
-1.500094	222	68
-1.4998045	275	76
-1.5615165	300	77
-1.4997393	210	63
-1.4998174	342	95
-1.5614521	273	80
-1.5507404	375	98
-1.4998116	188	59
-1.5001041	252	70
-1.5001657	240	70
-1.5615898	306	89
-1.5615852	251	75
-1.5616417	297	82
-1.4998413	366	91
-1.5001304	194	63
-1.4998574	353	92
-1.5001022	266	71
-1.561665	372	99
-1.4998535	190	53
-1.5002258	364	94
-1.5615383	218	60
-1.5615657	334	88
-1.4998422	239	71
-1.4998509	238	66
-1.5001617	323	85
-1.5001247	396	99
-1.5000788	303	86
-1.5616432	271	85
-1.5614066	281	86
-1.4998803	201	62
-1.5616066	296	81
-1.5611577	249	69
-1.5001628	302	89
-1.4999392	267	74
-1.5612853	289	81
-1.5000508	254	72
-1.5001538	226	68
-1.5617126	288	84
-1.5001373	286	77
-1.5589085	351	99
-1.5612808	239	73
-1.5617215	371	93
-1.4997458	260	74
-1.5617164	353	98
-1.4999471	288	70
-1.5001781	251	73
-1.5611469	270	81
-1.5616695	358	93
-1.49986	288	80
-1.5616448	209	63
-1.5001211	251	79
-1.4998909	220	67
-1.49984	153	45
-1.4999015	292	82
-1.5000862	218	64
-1.5615706	407	99
-1.5612739	291	92
-1.5616265	384	95
-1.5611435	365	94
-1.5000528	366	83
-1.5000791	267	70
-1.4999931	255	72
-1.5616152	301	79
-1.5000393	329	90
-1.5614298	241	68
-1.5013853	321	85
-1.5618318	386	100
-1.5616686	277	73
-1.4999476	341	84
-1.5615873	318	88
-1.5614368	304	86
-1.500015	290	85
-1.561761	395	100
-1.4998981	225	66
-1.4997517	299	82
-1.5612323	227	70
-1.4999835	359	92
-1.5616476	234	72
-1.5617974	181	57
-1.5001859	252	77
-1.5000293	298	77
-1.4999701	340	76
-1.5615464	216	60
-1.4998738	273	80
-1.5617116	385	99
-1.5614797	273	71
-1.5615608	262	82
-1.5613486	309	85
-1.4999472	182	58
-1.5001807	237	72
-1.5002501	217	66
-1.5000645	277	74
-1.5000613	357	85
-1.4999235	364	91
-1.5615506	256	77
-1.5615812	231	64
-1.4998682	275	78
-1.5611257	317	94
-1.5616441	243	74
-1.5006056	249	67
-1.4999844	312	93
-1.5614559	243	71
-1.5615615	306	78
-1.4998698	152	45
-1.5617862	237	68
-1.5613791	226	70
-1.4999253	282	78
-1.4999057	257	66
-1.5000387	295	81
-1.500062	245	68
-1.5612724	277	71
-1.4998093	320	85
-1.5001428	299	86
-1.5614844	271	75
-1.5001233	246	73
-1.5618265	356	91
-1.561801	356	95
-1.5612922	315	82
-1.5035714	369	89
-1.4997509	342	93
-1.5001549	344	88
-1.5616492	366	94
-1.5616376	279	81
-1.4998583	263	74
-1.5616529	348	90
-1.4997707	285	74
-1.4998526	286	90
-1.4999279	319	91
-1.5614503	246	70
-1.5615093	329	90
-1.5615534	324	87
-1.5000051	282	78
-1.4999368	294	82
-1.5616856	294	86
-1.5615419	364	89
-1.499821	299	75
-1.5618366	338	94
-1.5002503	358	86
-1.5615523	321	95
-1.5617041	324	91
-1.5000859	279	80
-1.5618934	311	96
-1.4998374	219	67
-1.4999064	261	77
-1.5617101	373	100
-1.499913	358	87
-1.5000759	257	75
-1.500127	300	79
-1.4998191	276	78
-1.5617563	238	74
-1.4998644	301	84
-1.5000214	228	63
-1.561396	310	83
-1.5615049	277	78
-1.5614578	332	86
-1.5612437	307	87
-1.5612936	444	100
-1.5614721	289	76
-1.4999652	162	49
-1.5001242	230	65
-1.5001888	321	86
-1.5001243	207	69
-1.4998748	236	70
-1.5614216	311	94
-1.5615851	319	89
-1.4997907	271	76
-1.500192	208	62
-1.4999282	334	84
-1.4998262	344	90
-1.5614609	258	74
-1.561424	321	95
-1.5616928	227	71
-1.4999386	262	70
-1.499935	289	82
-1.4999398	205	61
-1.5615973	285	79
-1.5619718	264	80
-1.5000132	242	72
-1.5000366	267	71
-1.5616466	360	87
-1.4997391	261	80
-1.4998379	336	86
-1.5612516	277	82
-1.499967	226	71
-1.5614068	220	64
-1.5615704	305	88
-1.5611571	296	83
-1.4998993	315	85
-1.5001736	254	69
-1.4996119	310	80
-1.49999	187	58
-1.5000888	343	93
-1.4997435	331	87
-1.4999104	207	65
-1.4999695	188	59
-1.5615156	221	67
-1.5001226	228	70
-1.5615361	375	94
-1.4999583	243	69
-1.5613272	387	98
-1.561696	401	100
-1.4998884	385	94
-1.5000528	271	80
-1.5614607	303	78
-1.4998287	321	93
-1.5001909	284	78
-1.5614186	263	83
-1.500047	300	81
-1.5000791	196	61
-1.5000745	341	92
-1.5001874	228	74
-1.5614842	314	87
-1.5615098	325	88
-1.4998988	259	66
-1.5616008	283	78
-1.5001199	266	73
-1.5615136	404	97
-1.5000026	302	85
-1.4996554	295	84
-1.5000744	342	89
-1.561219	262	74
-1.5616115	230	75
-1.4997944	280	78
-1.5000848	286	82
-1.5000629	266	73
-1.4999363	313	80
-1.5619094	263	82
-1.5615748	337	85
-1.5000222	353	94
-1.5001692	404	99
-1.499821	217	63
-1.5001463	232	63
-1.5615051	245	72
-1.5000124	308	80
-1.5617924	288	84
-1.5576057	314	88
-1.5000836	201	62
-1.5613306	347	94
-1.5000326	310	84
-1.5000551	183	61
-1.4998996	267	72
-1.5614472	236	80
-1.5612269	385	95
-1.4999365	285	75
-1.5000992	399	100
-1.5611959	408	97
-1.5613868	268	79
-1.4999591	301	75
-1.5618572	315	89
-1.5000151	211	64
-1.5617387	372	93
-1.5091469	316	91
-1.4999006	279	72
-1.5616675	258	74
-1.5615711	313	82
-1.5610624	326	86
-1.4998699	224	66
-1.5612319	207	67
-1.5616635	327	89
-1.4999221	217	59
-1.5614304	281	84
-1.5618466	270	75
-1.5615948	288	86
-1.5617118	361	96
-1.500231	340	93
-1.5616587	267	70
-1.4999413	279	81
-1.5616216	343	88
-1.5001522	315	82
-1.5001695	367	96
-1.5000019	329	83
-1.5001076	318	75
-1.5001558	309	88
-1.5001991	360	97
-1.4998195	278	80
-1.5000192	205	67
-1.5614695	315	82
-1.5000617	239	70
-1.5618304	240	75
-1.5000306	184	50
-1.5001594	405	99
-1.5616386	319	84
-1.5002294	243	68
-1.5001269	348	89
-1.4999143	338	83
-1.5613563	257	77
-1.5000778	322	90
-1.5618995	286	85
-1.5612964	340	96
-1.5001087	241	68
-1.5002075	279	76
-1.5605998	267	77
-1.5614574	262	85
-1.4997731	237	74
-1.5003355	183	58
-1.5613355	381	97
-1.5615388	253	69
-1.4998126	200	60
-1.5614449	242	76
-1.5000239	327	81
-1.4997672	225	71
-1.5003271	249	77
-1.561381	230	68
-1.5616818	306	81
-1.5617171	309	79
-1.5614969	372	90
-1.500064	343	90
-1.5610231	284	78
-1.5615293	326	86
-1.5000349	242	76
-1.5620116	318	90
-1.4999972	290	76
-1.4997494	284	78
-1.5000402	256	71
-1.4999444	216	61
-1.5478328	341	90
-1.5615231	245	77
-1.4997029	276	68
-1.500197	389	97
-1.499905	348	92
-1.5614429	307	82
-1.5001943	233	71
-1.5616682	219	75
-1.560899	369	88
-1.4998121	286	85
-1.5000102	225	68
-1.5615801	338	75
-1.4999254	232	76
-1.5612702	347	96
-1.5000662	205	58
-1.5000277	303	89
-1.561296	306	82
-1.5615816	431	97
-1.5610107	371	94
-1.4999543	427	98
-1.5000413	297	84
-1.4999772	394	97
-1.5620171	278	83
-1.4999512	259	72
-1.5615367	295	88
-1.4998741	401	97
-1.4995702	387	95
-1.5000734	275	70
-1.4997776	234	63
-1.5611751	429	100
-1.5001768	300	85
-1.499993	380	90
-1.5616656	390	100
-1.5614426	395	99
-1.5000475	304	82
-1.5615525	278	82
-1.5612576	303	90
-1.5613246	328	93
-1.4999651	290	83
-1.5616228	392	98
-1.5001035	328	96
-1.5000798	168	52
-1.4997722	286	82
-1.561287	335	88
-1.5616556	276	84
-1.4999416	172	54
-1.4999162	276	72
-1.5003766	224	70
-1.5612921	307	80
-1.4999349	278	73
-1.5614606	202	70
-1.5612721	296	78
-1.5000057	296	80
-1.5617187	405	98
-1.5001742	202	63
-1.5616902	276	84
-1.500016	227	71
-1.5615997	285	74
-1.4998955	188	63
-1.4998417	188	53
-1.561473	318	89
-1.4997673	257	71
-1.4995664	314	82
-1.5001567	429	100
-1.5001945	234	71
-1.5001078	290	79
-1.4996799	182	56
-1.4999435	230	66
-1.5002212	265	81
-1.4997673	195	61
-1.5000351	400	90
-1.5001472	355	87
-1.5000217	269	80
-1.5001153	245	64
-1.4997757	274	70
-1.4999539	272	70
-1.5619003	387	94
-1.5001271	235	66
-1.5610612	323	89
-1.5615773	342	88
-1.499946	229	66
-1.5616777	277	71
-1.5000625	234	70
-1.4998479	324	82
-1.5615909	276	94
-1.5000167	237	68
-1.4999616	266	79
-1.5606664	362	89
-1.5615753	269	84
-1.4999018	170	54
-1.4999657	235	71
-1.5001408	246	73
-1.5615495	325	85
-1.5615425	208	71
-1.5616417	291	77
-1.4999393	312	85
-1.5000906	253	62
-1.5617215	230	69
-1.5002471	294	79
-1.5003803	320	86
-1.5618108	225	79
-1.5000008	291	74
-1.5617142	321	92
-1.4999939	264	84
-1.4999774	235	75
-1.5616636	245	73
-1.5000771	256	62
-1.4998368	278	81
-1.4996955	312	79
-1.4998042	209	59
-1.4997128	179	55
-1.561732	292	91
-1.5000882	222	67
-1.5000933	299	83
-1.561602	266	81
-1.5614434	336	96
-1.4999758	276	78
-1.5616028	355	97
-1.5614028	246	74
-1.5002389	271	74
-1.5616123	369	99
-1.5614504	204	67
-1.4999403	300	81
-1.5616148	328	91
-1.4998122	207	62
-1.5616286	320	92
-1.5615626	297	86
-1.4999826	240	66
-1.4998605	195	58
-1.5616198	257	72
-1.5001377	354	82
-1.4998663	294	84
-1.5616876	271	82
-1.4999692	214	62
-1.5003086	346	90
-1.561317	327	90
-1.4998372	208	66
-1.5002026	272	73
-1.5611455	228	79
-1.5615702	270	78
-1.4997029	268	74
-1.5611033	332	83
-1.5000957	249	76
-1.5616522	315	91
-1.5617454	354	100
-1.5000832	199	63
-1.5613252	336	97
-1.4997849	249	80
-1.4997392	200	61
-1.4998877	412	97
-1.5000432	216	68
-1.4997321	369	92
-1.50004	387	96
-1.5001566	404	100
-1.4998594	333	91
-1.499672	282	81
-1.5615558	297	79
-1.5613948	310	86
-1.5001499	297	86
-1.5615671	291	83
-1.5617501	290	82
-1.5001653	277	89
-1.5000617	272	69
-1.5619125	336	95
-1.5616457	278	87
-1.5000476	174	55
-1.5614694	244	73
-1.5616863	278	86
-1.5614428	185	59
-1.5612733	322	80
-1.500189	381	92
-1.4998662	312	78
-1.4999795	269	84
-1.5620673	302	88
-1.5000241	344	96
-1.5615419	272	70
-1.5001419	252	74
-1.5000849	232	64
-1.5615524	203	67
-1.5000311	364	89
-1.5000275	335	86
-1.5000099	343	88
-1.5615432	314	75
-1.5616672	293	82
-1.4997589	229	63
-1.5615565	255	76
-1.5000024	256	79
-1.5612898	272	83
-1.5002058	261	70
-1.4998307	312	84
-1.5617917	431	100
-1.4999762	379	87
-1.4999143	266	73
-1.5000935	388	93
-1.5616764	355	91
-1.4999471	262	78
-1.5000693	295	85
-1.4998181	333	87
-1.561464	335	87
-1.5613238	256	81
-1.4999027	251	68
-1.5000873	278	75
-1.4998121	327	84
-1.5613359	212	70
-1.5011109	432	97
-1.4999807	316	80
-1.4998675	233	66
-1.5616239	428	96
-1.4999844	327	89
-1.4998389	234	72
-1.499937	323	91
-1.4999481	237	65
-1.5613514	297	77
-1.5613933	344	93
-1.5367856	393	100
-1.5001193	260	70
-1.4999115	255	72
-1.4999674	231	71
-1.4999096	269	74
-1.5001272	387	95
-1.5616709	263	88
-1.5613782	292	86
-1.5002693	296	91
-1.5002154	292	84
-1.499925	274	74
-1.5001615	312	88
-1.5615099	303	83
-1.5001454	230	68
-1.5614402	293	90
-1.5001189	244	73
-1.500026	353	94
-1.4998266	256	75
-1.5000733	290	79
-1.499977	230	63
-1.5616042	284	81
-1.5615544	372	93
-1.4998402	314	86
-1.5614978	321	91
-1.5616542	228	66
-1.4998907	263	69
-1.5089958	397	100
-1.5003526	235	63
-1.5613628	389	95
-1.4999143	322	87
-1.5000716	229	60
-1.5002028	239	78
-1.4999235	305	86
-1.5618346	335	96
-1.5613977	297	84
-1.5001697	381	89
-1.4999037	296	80
-1.499694	241	65
-1.5002248	218	63
-1.4998501	261	77
-1.5614338	302	91
-1.5618369	265	87
-1.561133	358	92
-1.500234	201	61
-1.49976	354	84
-1.499962	366	91
-1.4998981	261	75
-1.4998559	398	98
-1.4998665	317	86
-1.5614253	323	91
-1.5001049	294	79
-1.5617624	379	100
-1.5001337	227	71
-1.5615799	327	86
-1.5000621	362	92
-1.4998242	334	90
-1.5616212	225	76
-1.5001612	242	67
-1.5616977	408	99
-1.499978	384	94
-1.561537	328	89
-1.4999832	303	79
-1.4999322	297	80
-1.5612114	222	78
-1.5614882	389	96
-1.5002598	279	73
-1.5000015	279	77
-1.499652	362	89
-1.4999359	357	97
-1.4997548	347	92
-1.499921	401	98
-1.5617318	314	89
-1.5000427	214	71
-1.5000894	303	72
-1.4998557	379	94
-1.5615726	303	87
-1.5002666	262	77
-1.5001772	288	75
-1.4999947	262	72
-1.5614003	294	90
-1.4997328	300	79
-1.5617116	323	73
-1.561806	298	86
-1.4998721	394	98
-1.5615029	270	77
-1.4999211	310	85
-1.561607	309	78
-1.5002506	353	90
-1.5617481	301	82
-1.5615517	289	82
-1.5000879	218	69
-1.5000521	268	72
-1.5616427	183	63
-1.5615627	235	74
-1.499784	415	97
-1.5614725	348	93
-1.5616462	388	99
-1.5001955	263	68
-1.4998806	272	80
-1.4997213	221	63
-1.5617429	244	80
-1.56161	407	98
-1.5618774	364	97
-1.5611871	347	92
-1.499982	250	74
-1.5000522	335	90
-1.5000261	177	50
-1.5001185	335	85
-1.5616353	285	80
-1.5613851	325	86
-1.4998314	245	67
-1.5615988	286	77
-1.4999357	256	69
-1.5000556	249	69
-1.5000835	225	63
-1.5617652	279	79
-1.561455	308	90
-1.5001604	246	71
-1.5614078	253	76
-1.5004525	304	85
-1.5614417	332	86
-1.4998786	276	76
-1.5001533	165	56
-1.4999934	254	76
-1.5615283	399	99
-1.5616625	329	93
-1.5001948	262	76
-1.5615411	303	84
-1.5000623	249	64
-1.5618499	339	87
-1.5614779	301	85
-1.5615069	310	81
-1.4996755	185	57
-1.4997791	321	83
-1.5617089	288	88
-1.5000647	239	69
-1.5617374	209	66
-1.5612622	376	93
-1.4999799	268	78
-1.561941	249	72
-1.5001509	320	81
-1.5002785	276	76
-1.5616139	298	85
-1.500145	216	64
-1.4998697	364	92
-1.5003347	312	85
-1.5618975	339	100
-1.5613835	408	97
-1.5616316	298	84
-1.4997881	256	73
-1.5000663	241	67
-1.5617052	282	69
-1.5619501	338	98
-1.499894	277	69
-1.4998773	257	70
-1.5615302	208	52
-1.5617223	343	90
-1.5615851	431	100
-1.4999152	157	52
-1.5613587	344	95
-1.5616538	219	66
-1.4998196	302	76
-1.5001159	245	76
-1.5616833	436	100
-1.5003536	235	69
-1.5000356	202	65
-1.4999257	221	69
-1.4998881	205	62
-1.5616151	418	98
-1.500212	279	71
-1.4999735	317	81
-1.4999034	323	83
-1.5616005	271	74
-1.4998645	363	84
-1.5616413	421	100
-1.5612497	287	82
-1.5615493	387	100
-1.5001018	276	77
-1.5000594	358	95
-1.4998526	267	76
-1.5000044	357	91
-1.5609845	243	81
-1.5001278	295	80
-1.4999978	304	84
-1.499881	334	78
-1.5001538	454	98
-1.5614062	273	74
-1.5013714	305	86
-1.5613321	310	88
-1.5616328	363	96
-1.4997193	281	78
-1.4999344	185	59
-1.5000634	241	73
-1.500197	399	97
-1.5616109	276	84
-1.5000211	169	50
-1.4999425	274	85
-1.4997986	256	70
-1.5001986	193	57
-1.5617753	332	90
-1.5003176	269	83
-1.561711	274	83
-1.5617271	413	96
-1.5000553	306	86
-1.5612057	357	95
-1.5613008	347	88
-1.561586	437	98
-1.5614596	284	71
-1.5617418	324	81
-1.4999764	246	61
-1.4999894	347	83
-1.5615434	304	92
-1.5613621	311	79
-1.4998128	273	81
-1.5000921	326	83
-1.5614869	270	77
-1.4999086	252	79
-1.500025	268	75
-1.499851	236	73
-1.5617193	279	80
-1.5617305	379	89
-1.5615527	309	96
-1.4999772	316	88
-1.4998362	284	70
-1.4999339	337	89
-1.5001645	282	76
-1.5617479	272	79
-1.5001689	221	67
-1.5000625	228	66
-1.5001325	215	62
-1.5612022	362	95
-1.5609727	369	90
-1.5001884	253	74
-1.5609025	228	63
-1.4996574	242	72
-1.5004927	351	90
-1.5615043	289	85
-1.4997036	232	70
-1.4997457	291	78
-1.5000965	298	83
-1.4998866	227	66
-1.5001385	247	67
-1.5615825	333	78
-1.5001958	349	87
-1.5614838	300	75
-1.4998427	297	79
-1.4996471	296	74
-1.5499263	391	99
-1.4997921	203	66
-1.499702	288	85
-1.500092	331	82
-1.4999565	256	69
-1.5616655	278	87
-1.5611472	216	62
-1.5613275	273	77
-1.500031	326	87
-1.5612294	328	90
-1.5001076	190	58
-1.4998449	261	65
-1.5615557	426	100
-1.4998131	233	67
-1.5620318	321	95
-1.5000216	256	73
-1.5612633	284	78
-1.5614791	374	94
-1.4999989	357	91
-1.5614426	412	100
-1.4997863	203	63
-1.5616603	363	98
-1.4998474	211	66
-1.5617635	241	81
-1.5002416	393	100
-1.5002727	240	65
-1.4998801	208	65
-1.5000782	286	72
-1.50003	220	65
-1.4999049	353	94
-1.5614357	330	89
-1.5612426	314	86
-1.5000481	242	63
-1.5021574	351	82
-1.4998794	300	88
-1.5001489	231	68
-1.500219	230	67
-1.5614137	328	89
-1.5619078	274	89
-1.5612943	256	73
-1.5000606	263	76
-1.5000799	316	80
-1.4998273	303	82
-1.5000991	399	99
-1.5612135	242	78
-1.4998783	252	68
-1.4997204	264	80
-1.5000071	198	61
-1.500016	293	78
-1.5001266	281	74
-1.5000417	384	95
-1.5616942	363	93
-1.4998663	318	76
-1.5616605	253	73
-1.5614824	233	69
-1.5614278	202	65
-1.4997801	230	65
-1.5000064	177	56
-1.4999725	209	56
-1.5615641	298	82
-1.5001128	194	60
-1.5614471	271	80
-1.5002923	236	74
-1.5000473	302	82
-1.4998923	292	80
-1.4998925	303	84
-1.5001124	325	99
-1.5613917	303	79
-1.5614732	289	89
-1.5612615	316	80
-1.5001892	184	57
-1.5613734	341	92
-1.4999986	249	75
-1.5613631	317	85
-1.5001417	231	73
-1.5614408	270	71
-1.4999132	289	75
-1.5615986	235	70
-1.5614318	236	71
-1.4998314	328	88
-1.5000684	284	79
-1.5002035	267	73
-1.5617522	430	99
-1.5000305	232	69
-1.499915	264	70
-1.4998558	307	91
-1.5001173	272	70
-1.5615701	265	77
-1.5610465	228	76
-1.5001273	288	86
-1.500027	206	71
-1.5513039	286	81
-1.5614489	265	73
-1.4999026	269	75
-1.4998562	253	71
-1.500243	178	51
-1.4999598	266	64
-1.5615592	297	81
-1.5614944	319	86
-1.5614947	392	98
-1.5606186	297	88
-1.4999462	312	77
-1.5616738	226	70
-1.500061	312	75
-1.5612816	298	85
-1.5617508	297	96
-1.5000076	266	74
-1.5000439	237	80
-1.5000088	267	73
-1.5615883	457	100
-1.5612821	365	94
-1.500183	203	59
-1.5614988	203	59
-1.4997741	289	77
-1.5609358	325	90
-1.5000256	275	82
-1.4999485	348	92
-1.5613283	282	79
-1.561323	273	82
-1.5614065	266	74
-1.5613248	317	88
-1.5001247	277	81
-1.5616047	302	90
-1.4999658	206	54
-1.4999579	331	82
-1.5614151	309	89
-1.5615427	278	82
-1.5611196	243	78
-1.4998526	248	71
-1.5000632	256	65
-1.5615149	213	68
-1.4999214	290	81
-1.5000078	319	86
-1.4999362	211	66
-1.5000419	401	92
-1.4997612	351	89
-1.500163	348	81
-1.5617695	201	68
-1.4998544	337	91
-1.499993	228	69
-1.5615382	293	76
-1.4996505	388	95
-1.5610556	425	100
-1.5615923	216	71
-1.5001055	231	63
-1.5002291	391	88
-1.5611812	277	82
-1.4999965	276	75
-1.5614537	369	88
-1.5613728	384	94
-1.5616067	264	76
-1.4997854	255	81
-1.4997002	311	87
-1.499773	265	78
-1.5618578	357	95
-1.5001607	240	66
-1.5619097	295	83
-1.4997428	218	59
-1.5004348	271	86
-1.4999886	357	97
-1.5001095	267	77
-1.4999861	259	62
-1.5000574	312	84
-1.4999938	339	90
-1.5618683	272	88
-1.4999996	309	80
-1.5617735	272	75
-1.5003879	310	82
-1.5613894	319	87
-1.5610719	336	94
-1.4999504	240	63
-1.499923	302	77
-1.5610522	292	84
-1.499874	289	74
-1.5002104	357	82
-1.5613704	284	83
-1.5612047	374	97
-1.4999962	293	80
-1.4998774	341	85
-1.5616885	316	93
-1.5000406	383	96
-1.5000467	216	67
-1.500024	203	56
-1.5614495	271	78
-1.561672	257	79
-1.4999309	370	89
-1.5614183	323	87
-1.4997904	193	52
-1.5614412	365	98
-1.5614673	355	92
-1.5000557	302	71
-1.5615088	281	83
-1.5616156	348	100
-1.4998022	249	73
-1.5616644	259	79
-1.5002394	410	98
-1.4997488	306	80
-1.5612228	270	73
-1.5000746	284	76
-1.4996718	309	88
-1.5616212	202	68
-1.5615816	271	83
-1.4999314	260	74
-1.5001566	381	100
-1.4999094	287	81
-1.5000236	278	72
-1.5001243	407	92
-1.4999825	345	89
-1.5616269	388	97
-1.5613891	262	77
-1.5615288	280	73
-1.5617128	259	81
-1.4998905	272	80
-1.5000733	306	78
-1.4999548	250	73
-1.4999711	260	72
-1.5615555	253	77
-1.5614294	441	100
-1.5001426	204	59
-1.5617241	283	82
-1.4999443	213	63
-1.4997854	233	70
-1.5616006	308	95
-1.4999855	255	72
-1.499906	259	74
-1.4999052	331	89
-1.4997386	308	84
-1.5617046	325	80
-1.4999618	230	69
-1.5619827	266	75
-1.4999839	259	73
-1.5614636	382	95
-1.5614236	223	71
-1.5613592	238	70
-1.561367	270	80
-1.5615771	329	94
-1.5616912	288	78
-1.5615734	251	75
-1.5615925	332	79
-1.5000892	198	59
-1.4998193	247	73
-1.5000312	214	64
-1.561364	321	77
-1.4997317	268	79
-1.4999311	246	72
-1.5613814	276	81
-1.5615578	308	83
-1.4996114	219	68
-1.5000441	384	96
-1.5614606	192	63
-1.5616196	286	82
-1.5616264	382	93
-1.5614007	283	79
-1.5612951	224	67
-1.4999073	288	84
-1.4997547	270	73
-1.4998712	328	84
-1.5615741	237	76
-1.5613747	338	89
-1.5607405	403	96
-1.5607675	373	97
-1.5001957	227	68
-1.561349	328	92
-1.5614824	357	85
-1.4998856	415	98
-1.4999749	361	96
-1.5610672	218	61
-1.5000992	250	67
-1.5000275	253	66
-1.5614149	235	71
-1.5616405	214	68
-1.5617539	244	73
-1.5617326	325	92
-1.5000328	172	49
-1.5000667	230	59
-1.5619432	313	94
-1.561557	268	77
-1.4995536	242	62
-1.4999253	255	73
-1.5614404	409	100
-1.5000612	314	89
-1.4997829	273	74
-1.4999305	238	66
-1.4998574	287	77
-1.5617839	262	81
-1.5612121	419	94
-1.5002197	315	87
-1.5002011	370	94
-1.4997456	181	57
-1.5614688	314	86
-1.5616006	259	81
-1.5616869	373	94
-1.5614214	237	75
-1.5615834	296	81
-1.5615489	312	78
-1.5615235	373	93
-1.5000315	377	93
-1.5615454	325	90
-1.5615949	326	81
-1.5611101	316	84
-1.5002347	211	60
-1.4999629	260	76
-1.5616959	335	90
-1.4997321	305	78
-1.5000812	185	61
-1.5001633	298	79
-1.5613465	263	75
-1.4997842	287	83
-1.4997523	298	87
-1.5612875	335	87
-1.4999246	227	65
-1.4999122	358	95
-1.5610797	296	83
-1.4997338	220	63
-1.5617926	435	100
-1.4999631	261	74
-1.561403	284	77
-1.4999944	267	71
-1.5617062	270	78
-1.5616252	398	98
-1.5615654	346	90
-1.5617732	271	82
-1.5001373	210	75
-1.5617332	212	66
-1.4999397	358	89
-1.4998017	360	86
-1.5618746	247	82
-1.5615219	293	82
-1.4998375	235	68
-1.5000086	201	62
-1.5003201	241	70
-1.5000589	192	67
-1.4998075	395	96
-1.4998714	197	64
-1.561435	220	71
-1.4999971	253	73
-1.5613136	358	94
-1.4998651	314	80
-1.5001098	233	67
-1.5613361	417	99
-1.5613926	369	96
-1.4997406	395	100
-1.5617412	247	77
-1.5617059	302	84
-1.4999022	328	88
-1.4997022	287	68
-1.4999326	214	69
-1.5001288	337	81
-1.5613325	325	88
-1.4999546	228	60
-1.5599199	365	94
-1.5617872	322	94
-1.5613957	415	97
-1.499753	309	89
-1.499762	225	66
-1.4999286	298	83
-1.4997369	238	66
-1.499971	297	85
-1.5614886	326	86
-1.5615206	266	80
-1.5000362	221	64
-1.5615261	366	89
-1.5616176	373	97
-1.5613219	317	96
-1.4998415	322	84
-1.4998274	326	85
-1.5001744	283	74
-1.499765	276	72
-1.5000321	282	74
-1.5002456	196	61
-1.4999154	216	59
-1.5613475	248	60
-1.5002084	370	100
-1.5001658	300	76
-1.5613849	369	91
-1.5614228	295	88
-1.5613869	296	89
-1.5615708	228	71
-1.5617519	401	95
-1.5613092	285	83
-1.4998792	210	57
-1.5616621	257	78
-1.4997682	246	72
-1.5618259	282	76
-1.499718	262	75
-1.5000857	195	64
-1.5613918	284	80
-1.4999719	300	86
-1.5002879	289	79
-1.5003445	356	91
-1.5616734	319	81
-1.5615114	245	72
-1.5001843	252	70
-1.5615691	191	60
-1.5002659	249	68
-1.5000407	306	85
-1.4998175	173	49
-1.4999927	305	78
-1.4998584	240	68
-1.5000626	234	67
-1.5000814	234	72
-1.561217	305	86
-1.4995094	346	86
-1.5616296	338	91
-1.4999108	218	61
-1.5001123	195	60
-1.4999668	293	81
-1.5000871	240	69
-1.4998527	311	81
-1.500336	282	81
-1.5616044	176	55
-1.4999532	233	66
-1.4998349	293	86
-1.5000581	274	78
-1.5615147	306	83
-1.5615783	370	94
-1.5613937	269	81
-1.5615684	248	78
-1.5001073	373	95
-1.5615221	320	88
-1.4998769	337	87
-1.5000274	330	87
-1.5613845	334	93
-1.4996841	270	75
-1.5615424	220	68
-1.5000489	258	71
-1.5615734	318	92
-1.5615219	251	71
-1.5609082	388	98
-1.5004836	264	83
-1.5616884	263	82
-1.5608436	307	86
-1.5612664	301	72
-1.5614039	307	84
-1.5001003	344	87
-1.4999013	296	86
-1.4997971	320	85
-1.5614958	302	86
-1.4998745	238	60
-1.5001482	239	69
-1.5617519	297	86
-1.4997483	284	81
-1.4999252	237	68
-1.4997344	335	83
-1.4997534	362	99
-1.5616361	373	95
-1.4994939	396	91
-1.500257	213	68
-1.5615476	276	77
-1.4999573	313	88
-1.5618851	229	77
-1.5617803	419	100
-1.561546	370	95
-1.5616569	267	78
-1.5003435	288	81
-1.5612754	421	100
-1.4998624	327	86
-1.5616431	284	77
-1.5614434	324	84
-1.4997115	288	83
-1.4997559	289	84
-1.499826	270	75
-1.4997716	289	80
-1.5617332	438	100
-1.5000245	330	91
-1.5002589	391	97
-1.5612865	281	85
-1.5620016	326	84
-1.5617478	246	75
-1.5616099	390	99
-1.5002295	284	78
-1.5000532	314	90
-1.4999155	349	86
-1.5001056	263	69
-1.5613048	344	88
-1.5614241	383	99
-1.5001292	298	88
-1.5612285	356	94
-1.5615118	328	95
-1.4999446	324	86
-1.4999924	246	71
-1.5613335	218	68
-1.4999596	398	97
-1.5614912	235	68
-1.4994956	338	90
-1.5616192	271	67
-1.561242	276	83
-1.5603748	238	76
-1.5615271	245	75
-1.5613456	201	70
-1.5613606	368	91
-1.5618917	409	100
-1.5000757	372	99
-1.499905	248	72
-1.5607086	403	98
-1.5000434	427	100
-1.5616843	276	84
-1.5610066	401	99
-1.5002257	167	52
-1.5617073	314	88
-1.499735	316	90
-1.5613518	253	77
-1.4998932	323	84
-1.5620092	362	95
-1.5611747	341	89
-1.5613415	249	75
-1.4997084	255	76
-1.5000247	232	69
-1.561301	239	74
-1.5000002	250	65
-1.5002574	218	73
-1.5616553	308	87
-1.5615536	404	95
-1.4997681	276	76
-1.5609322	365	90
-1.5618137	391	97
-1.500022	353	91
-1.5619828	398	97
-1.4997763	347	87
-1.561096	329	87
-1.4999905	247	64
-1.4998879	284	73
-1.5617583	234	71
-1.4999834	388	94
-1.5001721	310	82
-1.5001193	266	76
-1.5618498	316	94
-1.5004433	311	88
-1.5611826	394	95
-1.5613493	255	78
-1.4999834	267	75
-1.5000431	188	61
-1.5000307	217	72
-1.4998144	296	80
-1.499938	283	77
-1.5614365	242	70
-1.4999851	201	59
-1.4999905	254	72
-1.4998328	249	70
-1.5620427	198	60
-1.561607	316	79
-1.5003251	306	89
-1.5616471	351	100
-1.5612938	347	98
-1.4999107	286	81
-1.5000943	209	58
-1.4999566	274	76
-1.4999939	231	63
-1.5000454	223	62
-1.4999424	355	90
-1.4998737	302	80
-1.5001617	319	86
-1.5001786	346	87
-1.5000022	326	88
-1.4997716	282	83
-1.5617548	217	65
-1.5614934	342	89
-1.5615228	355	97
-1.5616404	370	94
-1.5610637	271	83
-1.4997829	266	77
-1.5000688	214	58
-1.5001124	281	75
-1.5000894	326	87
-1.5000687	207	67
-1.5615494	314	80
-1.4998462	356	87
-1.5613149	243	72
-1.4998577	185	60
-1.5615214	352	88
-1.5618251	338	93
-1.5614567	359	97
-1.4998627	289	74
-1.5002376	216	62
-1.5002552	385	93
-1.5615874	278	80
-1.4998177	270	66
-1.5000927	320	78
-1.4998789	291	74
-1.4998403	227	72
-1.5001891	217	64
-1.5616195	275	76
-1.4997645	296	76
-1.5002121	257	78
-1.5616762	281	85
-1.5615628	262	76
-1.5616727	365	98
-1.5614869	297	78
-1.5606934	343	85
-1.5617524	196	64
-1.4997294	259	75
-1.5000743	213	68
-1.5618436	304	82
-1.5000234	369	95
-1.4999871	166	50
-1.5616394	359	90
-1.5616002	239	81
-1.561487	205	69
-1.4997376	216	63
-1.5616247	244	70
-1.5002292	286	74
-1.5000167	291	73
-1.561521	273	74
-1.49972	308	75
-1.5616786	298	86
-1.5000449	293	74
-1.4999604	277	76
-1.561787	335	95
-1.5611647	237	68
-1.5614829	363	91
-1.4998523	243	69
-1.4999553	191	58
-1.5614134	379	92
-1.5612953	274	78
-1.5616688	333	94
-1.5616232	295	93
-1.5000996	166	53
-1.500021	256	71
-1.5001416	252	71
-1.5611194	299	88
-1.5000755	324	89
-1.5616088	334	91
-1.5004217	222	64
-1.4998426	313	85
-1.5600238	336	89
-1.5000805	214	63
-1.4998717	366	86
-1.5615646	379	90
-1.5614891	322	88
-1.4999197	207	60
-1.5000997	321	82
-1.561701	386	100
-1.4997184	285	77
-1.4997968	346	89
-1.5615398	404	95
-1.5615712	314	96
-1.4997746	194	64
-1.4998964	214	61
-1.5000243	301	81
-1.4997758	193	60
-1.5001288	232	70
-1.5000385	239	72
-1.5616351	239	76
-1.5000813	239	70
-1.5617692	238	65
-1.5613957	271	88
-1.561625	352	98
-1.5616013	262	78
-1.5617858	292	85
-1.5612682	326	92
-1.4997309	324	82
-1.5616038	237	72
-1.561594	381	96
-1.5617824	346	92
-1.4999071	373	89
-1.5000245	229	70
-1.5001442	339	90
-1.5000777	322	89
-1.561578	335	87
-1.5000564	216	55
-1.5002267	236	63
-1.5259601	402	100
-1.4998793	316	82
-1.5614894	285	86
-1.4996671	303	78
-1.4999742	214	63
-1.5614616	313	83
-1.5613697	314	89
-1.5616704	305	88
-1.5617374	267	87
-1.4996804	289	88
-1.5000529	327	82
-1.5618618	347	90
-1.4998961	248	73
-1.561395	222	73
-1.500115	313	87
-1.5614265	252	75
-1.4997039	308	78
-1.5000747	395	98
-1.5616106	271	79
-1.561555	319	88
-1.4999583	290	81
-1.5616159	289	79
-1.5609569	272	77
-1.5000597	190	65
-1.5001428	293	80
-1.5618604	323	91
-1.5000345	361	93
-1.5613483	358	92
-1.5001578	218	72
-1.4998311	201	56
-1.5611971	290	80
-1.5614527	212	59
-1.4998664	220	65
-1.5003886	381	92
-1.499826	353	88
-1.5000952	290	81
-1.561495	290	85
-1.5611286	254	75
-1.5615835	328	88
-1.5001397	162	57
-1.5004869	366	85
-1.5619312	431	99
-1.5001077	287	88
-1.5613917	195	59
-1.5615533	259	71
-1.4998622	239	69
-1.4997222	382	92
-1.5613952	241	75
-1.5618109	357	98
-1.5616482	270	74
-1.5614488	291	71
-1.4995903	412	97
-1.5617583	312	81
-1.4996785	330	79
-1.4997879	228	66
-1.5615305	251	81
-1.5001873	322	94
-1.4999632	332	87
-1.4999188	206	59
-1.5004792	343	98
-1.4997816	306	73
-1.5001292	273	75
-1.5613906	294	84
-1.5616808	309	85
-1.5000804	213	61
-1.5616095	294	84
-1.4997665	303	78
-1.5615042	372	94
-1.5616046	331	90
-1.5618981	375	90
-1.5615273	357	91
-1.5000593	310	77
-1.4999229	249	65
-1.5616031	271	86
-1.4999308	235	63
-1.5001504	324	83
-1.5613315	316	87
-1.4997478	271	75
-1.5004895	349	96
-1.499772	293	82
-1.4999225	336	82
-1.4997565	379	94
-1.4998005	228	68
-1.5200578	350	100
-1.5616313	235	80
-1.5614679	457	100
-1.5615133	173	58
-1.5615863	359	99
-1.5611455	425	97
-1.5013681	371	92
-1.5615513	310	90
-1.5001651	229	60
-1.4998051	192	57
-1.5614364	340	90
-1.4998991	205	59
-1.5613811	313	82
-1.5002556	233	70
-1.4996115	263	66
-1.5614315	221	74
-1.5001974	223	57
-1.5001041	244	65
-1.5616072	303	77
-1.5000773	334	91
-1.4998986	352	91
-1.4998873	255	70
-1.5617837	253	71
-1.4997833	297	79
-1.5616143	266	78
-1.4996827	178	60
-1.5001711	249	61
-1.4997645	321	77
-1.5615193	359	96
-1.4998684	195	56
-1.4999105	333	89
-1.5001047	274	75
-1.4997999	279	75
-1.4997972	223	64
-1.4998987	316	83
-1.5616374	255	69
-1.4997848	223	63
-1.5615596	310	84
-1.561418	291	77
-1.500037	276	73
-1.5614644	348	91
-1.4999682	266	77
-1.4997666	270	84
-1.4998301	269	76
-1.5001887	289	82
