-1.4996772	642	321
-1.4998266	642	321
-1.5131297	642	321
-1.4998697	642	321
-1.5556875	642	321
-1.4995414	642	321
-1.5544967	642	321
-1.4996347	642	321
-1.4996761	642	321
-1.499456	642	321
-1.4997056	642	321
-1.5201083	642	321
-1.4989462	642	321
-1.5488702	642	321
-1.4999791	642	321
-1.4992642	642	321
-1.4990457	642	321
-1.499307	642	321
-1.4998274	642	321
-1.4993617	642	321
-1.5504115	642	321
-1.5582328	642	321
-1.4995282	642	321
-1.5509686	642	321
-1.49988	642	321
-1.5577527	642	321
-1.4973682	642	321
-1.4993382	642	321
-1.5162985	642	321
-1.1675658	642	321
-1.5609627	642	321
-1.510688	642	321
-1.4988603	642	321
-1.5350122	642	321
-1.5245429	642	321
-1.5218055	642	321
-1.5414487	642	321
-1.5245975	642	321
-1.4991766	642	321
-1.560332	642	321
-1.5600877	642	321
-1.4992761	642	321
-1.5543063	642	321
-1.499815	642	321
-1.5014283	642	321
-1.5556132	642	321
-1.4991241	642	321
-1.4998528	642	321
-1.4888929	642	321
-1.4994175	642	321
-1.5583832	642	321
-1.5308685	642	321
-1.5450432	642	321
-1.4985927	642	321
-1.4998144	642	321
-1.4997191	642	321
-1.5408049	642	321
-1.500296	642	321
-1.4998574	642	321
-1.4992902	642	321
-1.4992134	642	321
-1.5568028	642	321
-1.5084543	642	321
-1.5382328	642	321
-1.4997528	642	321
-1.4993615	642	321
-1.5166506	642	321
-1.499562	642	321
-1.4999771	642	321
-1.5497295	642	321
-1.5270473	642	321
-1.4995508	642	321
-1.4994206	642	321
-1.5612843	642	321
-1.4997602	642	321
-1.508951	642	321
-1.5313537	642	321
-1.4983741	642	321
-1.5015534	642	321
-1.4994377	642	321
-1.4995253	642	321
-1.4995812	642	321
-1.5556278	642	321
-1.4995248	642	321
-1.4994127	642	321
-1.4952981	642	321
-1.4997628	642	321
-1.4983308	642	321
-1.4995049	642	321
-1.4984849	642	321
-1.500889	642	321
-1.5272261	642	321
-1.499253	642	321
-1.5377259	642	321
-1.4997856	642	321
-1.5073043	642	321
-1.5417545	642	321
-1.5395789	642	321
-1.5426028	642	321
-1.4996566	642	321
-1.4992093	642	321
-1.4993352	642	321
-1.4996524	642	321
-1.4991324	642	321
-1.5134405	642	321
-1.4993192	642	321
-1.498657	642	321
-1.5615867	642	321
-1.5454844	642	321
-1.5470624	642	321
-1.4996901	642	321
-1.5226689	642	321
-1.5102601	642	321
-1.5457305	642	321
-1.4997321	642	321
-1.4994177	642	321
-1.5401078	642	321
-1.4994483	642	321
-1.5567081	642	321
-1.4996801	642	321
-1.5231278	642	321
-1.5036792	642	321
-1.5350671	642	321
-1.5416691	642	321
-1.4996481	642	321
-1.4988348	642	321
-1.4991289	642	321
-1.4993755	642	321
-1.498513	642	321
-1.5013228	642	321
-1.5268488	642	321
-1.5555435	642	321
-1.5435813	642	321
-1.4989073	642	321
-1.5589687	642	321
-1.54748	642	321
-1.5375987	642	321
-1.5586224	642	321
-1.4999757	642	321
-1.499337	642	321
-1.54636	642	321
-1.5533196	642	321
-1.4993354	642	321
-1.499544	642	321
-1.5369925	642	321
-1.5552382	642	321
-1.5522143	642	321
-1.4992793	642	321
-1.4992295	642	321
-1.5152825	642	321
-1.4990379	642	321
-1.4990228	642	321
-1.5583425	642	321
-1.4987647	642	321
-1.4985797	642	321
-1.4994029	642	321
-1.4993249	642	321
-1.498818	642	321
-1.5547678	642	321
-1.4982943	642	321
-1.5024432	642	321
-1.4987795	642	321
-1.4996483	642	321
-1.4963101	642	321
-1.500036	642	321
-1.4961904	642	321
-1.4984852	642	321
-1.5525267	642	321
-1.4995696	642	321
-1.4961005	642	321
-1.5420498	642	321
-1.4988919	642	321
-1.5524029	642	321
-1.5541225	642	321
-1.534197	642	321
-1.5302648	642	321
-1.5587886	642	321
-1.5413468	642	321
-1.5589959	642	321
-1.5601965	642	321
-1.5370672	642	321
-1.5127781	642	321
-1.4996695	642	321
-1.5002931	642	321
-1.5551845	642	321
-1.4996359	642	321
-1.5576715	642	321
-1.5201463	642	321
-1.5036778	642	321
-1.4965091	642	321
-1.5316897	642	321
-1.5157577	642	321
-1.4997102	642	321
-1.4992692	642	321
-1.4993961	642	321
-1.5217887	642	321
-1.499612	642	321
-1.5404799	642	321
-1.4957766	642	321
-1.4994249	642	321
-1.5425468	642	321
-1.5230516	642	321
-1.5000572	642	321
-1.5532767	642	321
-1.4997477	642	321
-1.502403	642	321
-1.499318	642	321
-1.4992299	642	321
-1.5561331	642	321
-1.499072	642	321
-1.54889	642	321
-1.5465329	642	321
-1.5310658	642	321
-1.4992198	642	321
-1.4987396	642	321
-1.5564181	642	321
-1.4987663	642	321
-1.5577165	642	321
-1.4997864	642	321
-1.5236569	642	321
-1.5001035	642	321
-1.4990565	642	321
-1.4980394	642	321
-1.4996597	642	321
-1.4995967	642	321
-1.4993571	642	321
-1.5040439	642	321
-1.4983525	642	321
-1.4996925	642	321
-1.5397606	642	321
-1.552977	642	321
-1.5346358	642	321
-1.5611823	642	321
-1.4999873	642	321
-1.5000816	642	321
-1.4988575	642	321
-1.4994947	642	321
-1.5341869	642	321
-1.4997935	642	321
-1.4990505	642	321
-1.4994064	642	321
-1.4994037	642	321
-1.5096959	642	321
-1.5025219	642	321
-1.4994419	642	321
-1.5543838	642	321
-1.4997187	642	321
-1.4995798	642	321
-1.4996844	642	321
-1.5591715	642	321
-1.4993273	642	321
-1.4997637	642	321
-1.5381897	642	321
-1.4991703	642	321
-1.4993676	642	321
-1.5249481	642	321
-1.5074429	642	321
-1.4999455	642	321
-1.5601248	642	321
-1.4998289	642	321
-1.5197747	642	321
-1.4996456	642	321
-1.5568909	642	321
-1.5434741	642	321
-1.4995914	642	321
-1.5051479	642	321
-1.534998	642	321
-1.5464579	642	321
-1.5437434	642	321
-1.5557161	642	321
-1.5153919	642	321
-1.5021542	642	321
-1.5347138	642	321
-1.5185267	642	321
-1.4994436	642	321
-1.5265193	642	321
-1.499618	642	321
-1.5412647	642	321
-1.4996541	642	321
-1.5545139	642	321
-1.5547396	642	321
-1.500733	642	321
-1.4994863	642	321
-1.5006629	642	321
-1.499257	642	321
-1.4995777	642	321
-1.5601216	642	321
-1.4997447	642	321
-1.4997448	642	321
-1.5218357	642	321
-1.4998372	642	321
-1.5367256	642	321
-1.5160076	642	321
-1.4985478	642	321
-1.4987482	642	321
-1.5442552	642	321
-1.542198	642	321
-1.5612669	642	321
-1.4926827	642	321
-1.4984484	642	321
-1.4998605	642	321
-1.5538645	642	321
-1.5047788	642	321
-1.5487088	642	321
-1.4996138	642	321
-1.4985948	642	321
-1.5446406	642	321
-1.5601353	642	321
-1.4986388	642	321
-1.4994392	642	321
-1.4991801	642	321
-1.5096848	642	321
-1.5000458	642	321
-1.4992252	642	321
-1.4986612	642	321
-1.4991574	642	321
-1.5027263	642	321
-1.4956547	642	321
-1.5582398	642	321
-1.5029083	642	321
-1.4992435	642	321
-1.498667	642	321
-1.4995542	642	321
-1.4996248	642	321
-1.4996848	642	321
-1.5003044	642	321
-1.4994516	642	321
-1.5508757	642	321
-1.5099505	642	321
-1.4992367	642	321
-1.4991157	642	321
-1.4990789	642	321
-1.4981645	642	321
-1.520535	642	321
-1.5311588	642	321
-1.499138	642	321
-1.4958669	642	321
-1.5575377	642	321
-1.4989067	642	321
-1.4994396	642	321
-1.5484024	642	321
-1.4992925	642	321
-1.4986769	642	321
-1.4996187	642	321
-1.4997681	642	321
-1.5108004	642	321
-1.4997049	642	321
-1.5437343	642	321
-1.4994464	642	321
-1.4988951	642	321
-1.4993764	642	321
-1.5539518	642	321
-1.5378399	642	321
-1.5000401	642	321
-1.5056389	642	321
-1.5580873	642	321
-1.4994441	642	321
-1.5210158	642	321
-1.4997691	642	321
-1.5521972	642	321
-1.4994606	642	321
-1.5386783	642	321
-1.4991955	642	321
-1.5266617	642	321
-1.4993431	642	321
-1.4998591	642	321
-1.5000371	642	321
-1.4994614	642	321
-1.5368395	642	321
-1.5401632	642	321
-1.4999545	642	321
-1.5052306	642	321
-1.5565208	642	321
-1.5451077	642	321
-1.5202273	642	321
-1.4995466	642	321
-1.5188802	642	321
-1.4993504	642	321
-1.4997161	642	321
-1.4943729	642	321
-1.4992953	642	321
-1.5604033	642	321
-1.5114131	642	321
-1.4994821	642	321
-1.4996655	642	321
-1.4991844	642	321
-1.5184199	642	321
-1.4998658	642	321
-1.5027482	642	321
-1.4960323	642	321
-1.5191749	642	321
-1.4983637	642	321
-1.5558434	642	321
-1.4998863	642	321
-1.5152488	642	321
-1.5002675	642	321
-1.5479831	642	321
-1.4983847	642	321
-1.547903	642	321
-1.5000598	642	321
-1.5019179	642	321
-1.4997452	642	321
-1.5233476	642	321
-1.5115974	642	321
-1.499768	642	321
-1.5283472	642	321
-1.4998098	642	321
-1.5182559	642	321
-1.4997888	642	321
-1.5085658	642	321
-1.50003	642	321
-1.4994781	642	321
-1.5455483	642	321
-1.4982484	642	321
-1.5448771	642	321
-1.5001436	642	321
-1.5277137	642	321
-1.4991044	642	321
-1.5152691	642	321
-1.5549795	642	321
-1.5526308	642	321
-1.4996751	642	321
-1.4997932	642	321
-1.5081899	642	321
-1.5010156	642	321
-1.499774	642	321
-1.4992978	642	321
-1.4981899	642	321
-1.5592293	642	321
-1.4994762	642	321
-1.4994642	642	321
-1.5028208	642	321
-1.5505401	642	321
-1.499611	642	321
-1.4985888	642	321
-1.4990672	642	321
-1.5110619	642	321
-1.4987869	642	321
-1.5560071	642	321
-1.5063738	642	321
-1.5370647	642	321
-1.5032974	642	321
-1.5083203	642	321
-1.5421907	642	321
-1.5540068	642	321
-1.4964771	642	321
-1.4997128	642	321
-1.517692	642	321
-1.4910353	642	321
-1.5322887	642	321
-1.499622	642	321
-1.5294959	642	321
-1.4995773	642	321
-1.4994201	642	321
-1.4987048	642	321
-1.4997196	642	321
-1.4993265	642	321
-1.4997094	642	321
-1.4997132	642	321
-1.5492095	642	321
-1.5537564	642	321
-1.499519	642	321
-1.525657	642	321
-1.5528343	642	321
-1.4989562	642	321
-1.5046789	642	321
-1.5000022	642	321
-1.5532408	642	321
-1.496651	642	321
-1.5602533	642	321
-1.4984294	642	321
-1.4996903	642	321
-1.4999387	642	321
-1.4998593	642	321
-1.4990337	642	321
-1.4993115	642	321
-1.5161846	642	321
-1.4988916	642	321
-1.5182294	642	321
-1.4989905	642	321
-1.554825	642	321
-1.5551198	642	321
-1.498782	642	321
-1.4998712	642	321
-1.545908	642	321
-1.4999594	642	321
-1.5558904	642	321
-1.4988514	642	321
-1.5386747	642	321
-1.4993243	642	321
-1.500691	642	321
-1.5116517	642	321
-1.5598174	642	321
-1.4993274	642	321
-1.4996646	642	321
-1.5000226	642	321
-1.5018225	642	321
-1.4987759	642	321
-1.5057326	642	321
-1.4999361	642	321
-1.4990367	642	321
-1.5607445	642	321
-1.5472809	642	321
-1.532186	642	321
-1.5113842	642	321
-1.4946048	642	321
-1.5296889	642	321
-1.5474811	642	321
-1.4991917	642	321
-1.5493445	642	321
-1.4995483	642	321
-1.5143319	642	321
-1.5157348	642	321
-1.5599397	642	321
-1.5247889	642	321
-1.5107624	642	321
-1.4990056	642	321
-1.5045314	642	321
-1.5287391	642	321
-1.5454974	642	321
-1.4994295	642	321
-1.559349	642	321
-1.5471194	642	321
-1.5364295	642	321
-1.5587396	642	321
-1.4994818	642	321
-1.4990405	642	321
-1.4995464	642	321
-1.5542648	642	321
-1.4980712	642	321
-1.5577693	642	321
-1.5000529	642	321
-1.5126934	642	321
-1.5610942	642	321
-1.5434963	642	321
-1.5463041	642	321
-1.4998236	642	321
-1.4998388	642	321
-1.5531174	642	321
-1.4997342	642	321
-1.5385554	642	321
-1.5396973	642	321
-1.4994332	642	321
-1.5302075	642	321
-1.5089317	642	321
-1.541921	642	321
-1.4998599	642	321
-1.5534575	642	321
-1.4983266	642	321
-1.4996592	642	321
-1.5285588	642	321
-1.4998765	642	321
-1.5525357	642	321
-1.4973498	642	321
-1.5394172	642	321
-1.5497731	642	321
-1.4992175	642	321
-1.4989476	642	321
-1.5503613	642	321
-1.4978774	642	321
-1.4988724	642	321
-1.5412064	642	321
-1.4995746	642	321
-1.4993388	642	321
-1.5567429	642	321
-1.4997222	642	321
-1.4993107	642	321
-1.4995077	642	321
-1.5432132	642	321
-1.499793	642	321
-1.4997091	642	321
-1.5500082	642	321
-1.4994604	642	321
-1.4996204	642	321
-1.5103273	642	321
-1.5001311	642	321
-1.5393368	642	321
-1.5320022	642	321
-1.5251367	642	321
-1.5305615	642	321
-1.5059709	642	321
-1.4997186	642	321
-1.499451	642	321
-1.5252713	642	321
-1.5179054	642	321
-1.5541069	642	321
-1.5416275	642	321
-1.4983071	642	321
-1.5532699	642	321
-1.5301549	642	321
-1.4996579	642	321
-1.5233652	642	321
-1.5572173	642	321
-1.5376974	642	321
-1.4902278	642	321
-1.49951	642	321
-1.4986789	642	321
-1.5093433	642	321
-1.4983631	642	321
-1.4996851	642	321
-1.4967128	642	321
-1.4987485	642	321
-1.4996227	642	321
-1.5294577	642	321
-1.5410613	642	321
-1.5000038	642	321
-1.5000729	642	321
-1.4993257	642	321
-1.5563021	642	321
-1.4989178	642	321
-1.4995071	642	321
-1.5514364	642	321
-1.4995117	642	321
-1.5061959	642	321
-1.5511357	642	321
-1.4996659	642	321
-1.5084591	642	321
-1.4999287	642	321
-1.5439204	642	321
-1.5005627	642	321
-1.5396329	642	321
-1.4978429	642	321
-1.5205295	642	321
-1.498387	642	321
-1.5200474	642	321
-1.4995986	642	321
-1.4996364	642	321
-1.4992954	642	321
-1.4994741	642	321
-1.4992585	642	321
-1.4988673	642	321
-1.4996078	642	321
-1.4988755	642	321
-1.5381153	642	321
-1.4992891	642	321
-1.5002783	642	321
-1.4989065	642	321
-1.5411044	642	321
-1.531807	642	321
-1.4983146	642	321
-1.509836	642	321
-1.4992653	642	321
-1.5277867	642	321
-1.5198027	642	321
-1.4988153	642	321
-1.5529168	642	321
-1.5489686	642	321
-1.5004822	642	321
-1.4988044	642	321
-1.4998218	642	321
-1.4988469	642	321
-1.5614366	642	321
-1.5453459	642	321
-1.536886	642	321
-1.4993273	642	321
-1.5028968	642	321
-1.5246655	642	321
-1.4994525	642	321
-1.4970009	642	321
-1.5563555	642	321
-1.5496321	642	321
-1.4994694	642	321
-1.4985453	642	321
-1.4992806	642	321
-1.4994594	642	321
-1.5309077	642	321
-1.4928159	642	321
-1.4997915	642	321
-1.5000362	642	321
-1.4997109	642	321
-1.5609483	642	321
-1.5542169	642	321
-1.5124075	642	321
-1.4994031	642	321
-1.499601	642	321
-1.4994852	642	321
-1.4995431	642	321
-1.5267553	642	321
-1.4993305	642	321
-1.4994363	642	321
-1.4990196	642	321
-1.5033584	642	321
-1.4995439	642	321
-1.4990051	642	321
-1.5500257	642	321
-1.5539433	642	321
-1.4989804	642	321
-1.5516828	642	321
-1.499314	642	321
-1.4987105	642	321
-1.5072762	642	321
-1.559287	642	321
-1.5002004	642	321
-1.4993155	642	321
-1.4997257	642	321
-1.4987536	642	321
-1.4994199	642	321
-1.4990921	642	321
-1.4991647	642	321
-1.4996272	642	321
-1.5421073	642	321
-1.5556887	642	321
-1.5604174	642	321
-1.4990839	642	321
-1.5193007	642	321
-1.4995122	642	321
-1.5277093	642	321
-1.4995684	642	321
-1.5551879	642	321
-1.5572004	642	321
-1.499862	642	321
-1.4991775	642	321
-1.4992736	642	321
-1.4998751	642	321
-1.5348888	642	321
-1.4997161	642	321
-1.497386	642	321
-1.5159224	642	321
-1.4992256	642	321
-1.4996816	642	321
-1.4986716	642	321
-1.4989959	642	321
-1.5488905	642	321
-1.5601057	642	321
-1.498783	642	321
-1.5501111	642	321
-1.4995248	642	321
-1.5345829	642	321
-1.5075289	642	321
-1.4973595	642	321
-1.4996869	642	321
-1.53586	642	321
-1.5391715	642	321
-1.5579012	642	321
-1.4999751	642	321
-1.5459118	642	321
-1.5015767	642	321
-1.5488817	642	321
-1.499991	642	321
-1.4998472	642	321
-1.5126486	642	321
-1.4995703	642	321
-1.548021	642	321
-1.4992253	642	321
-1.4996759	642	321
-1.4994084	642	321
-1.5000499	642	321
-1.5309029	642	321
-1.4993062	642	321
-1.4995852	642	321
-1.500002	642	321
-1.4997822	642	321
-1.5000301	642	321
-1.5425226	642	321
-1.4981318	642	321
-1.5163683	642	321
-1.5580223	642	321
-1.4996419	642	321
-1.4990908	642	321
-1.5003576	642	321
-1.499865	642	321
-1.4970327	642	321
-1.5000342	642	321
-1.4995218	642	321
-1.4992966	642	321
-1.4994836	642	321
-1.560218	642	321
-1.4994632	642	321
-1.5588614	642	321
-1.5545794	642	321
-1.5000673	642	321
-1.4995162	642	321
-1.5542959	642	321
-1.4995953	642	321
-1.547997	642	321
-1.4996761	642	321
-1.5000722	642	321
-1.500489	642	321
-1.5369702	642	321
-1.5532919	642	321
-1.4953597	642	321
-1.4990996	642	321
-1.5189734	642	321
-1.4982406	642	321
-1.5597443	642	321
-1.501706	642	321
-1.5095066	642	321
-1.4989663	642	321
-1.5607572	642	321
-1.4978542	642	321
-1.5592099	642	321
-1.5489629	642	321
-1.4962496	642	321
-1.5570931	642	321
-1.4998346	642	321
-1.5349851	642	321
-1.4989707	642	321
-1.4993791	642	321
-1.4998551	642	321
-1.5535608	642	321
-1.4989818	642	321
-1.4977077	642	321
-1.499465	642	321
-1.5063478	642	321
-1.5463413	642	321
-1.5455357	642	321
-1.4992762	642	321
-1.4998652	642	321
-1.4985357	642	321
-1.5559529	642	321
-1.4984563	642	321
-1.4990191	642	321
-1.4995505	642	321
-1.5461478	642	321
-1.4990196	642	321
-1.4997675	642	321
-1.5433492	642	321
-1.4994693	642	321
-1.4996585	642	321
-1.4991174	642	321
-1.5155943	642	321
-1.4998153	642	321
-1.4991053	642	321
-1.5111005	642	321
-1.5242423	642	321
-1.4996034	642	321
-1.5556243	642	321
-1.5596338	642	321
-1.4993539	642	321
-1.4997667	642	321
-1.5010508	642	321
-1.5459426	642	321
-1.5410829	642	321
-1.4997057	642	321
-1.5586086	642	321
-1.4984399	642	321
-1.4996039	642	321
-1.4987642	642	321
-1.499311	642	321
-1.5123254	642	321
-1.499438	642	321
-1.5371667	642	321
-1.5476622	642	321
-1.499721	642	321
-1.4983735	642	321
-1.5471214	642	321
-1.4999408	642	321
-1.4993945	642	321
-1.4999312	642	321
-1.5591693	642	321
-1.4984106	642	321
-1.4992486	642	321
-1.499329	642	321
-1.5592788	642	321
-1.5480745	642	321
-1.4966528	642	321
-1.4992535	642	321
-1.4997407	642	321
-1.4996802	642	321
-1.5529524	642	321
-1.4999835	642	321
-1.5454768	642	321
-1.499491	642	321
-1.5358535	642	321
-1.4999356	642	321
-1.4996005	642	321
-1.4988377	642	321
-1.4992303	642	321
-1.499374	642	321
-1.5551069	642	321
-1.5073957	642	321
-1.4995116	642	321
-1.4996175	642	321
-1.4997474	642	321
-1.5081027	642	321
-1.4996585	642	321
-1.5510257	642	321
-1.5406636	642	321
-1.5552379	642	321
-1.4998274	642	321
-1.5552151	642	321
-1.5153932	642	321
-1.4991393	642	321
-1.5493628	642	321
-1.538596	642	321
-1.4996169	642	321
-1.4988656	642	321
-1.5441883	642	321
-1.4992022	642	321
-1.499676	642	321
-1.5001579	642	321
-1.5510735	642	321
-1.4995836	642	321
-1.4993238	642	321
-1.499164	642	321
-1.4989953	642	321
-1.5412935	642	321
-1.4993215	642	321
-1.5000131	642	321
-1.4999234	642	321
-1.5549699	642	321
-1.4994788	642	321
-1.4996306	642	321
-1.516343	642	321
-1.4992264	642	321
-1.5524943	642	321
-1.4983121	642	321
-1.508241	642	321
-1.5171235	642	321
-1.5288913	642	321
-1.5084215	642	321
-1.5018556	642	321
-1.4980991	642	321
-1.5160118	642	321
-1.5400739	642	321
-1.4998649	642	321
-1.5361387	642	321
-1.5535431	642	321
-1.5427948	642	321
-1.5604442	642	321
-1.5156011	642	321
-1.5000045	642	321
-1.5576246	642	321
-1.4992132	642	321
-1.4992327	642	321
-1.4963388	642	321
-1.552793	642	321
-1.5527603	642	321
-1.499798	642	321
-1.4983542	642	321
-1.5408069	642	321
-1.5303558	642	321
-1.4991514	642	321
-1.4992254	642	321
-1.5268743	642	321
-1.4991393	642	321
-1.4989625	642	321
-1.5330694	642	321
-1.5423608	642	321
-1.4980452	642	321
-1.4981467	642	321
-1.4998556	642	321
-1.5508571	642	321
-1.51541	642	321
-1.5002598	642	321
-1.559621	642	321
-1.4998057	642	321
-1.4990641	642	321
-1.5582362	642	321
-1.4963313	642	321
-1.5463515	642	321
-1.4998122	642	321
-1.5471117	642	321
-1.5607181	642	321
-1.5151873	642	321
-1.533487	642	321
-1.4994062	642	321
-1.5243616	642	321
-1.5469279	642	321
-1.4998356	642	321
-1.5461361	642	321
-1.4995646	642	321
-1.5261411	642	321
-1.5192863	642	321
-1.4995885	642	321
-1.4993269	642	321
-1.5512778	642	321
-1.5312902	642	321
-1.4993966	642	321
-1.4993243	642	321
-1.5153732	642	321
-1.5141818	642	321
-1.4996178	642	321
-1.5522022	642	321
-1.5444492	642	321
-1.500082	642	321
-1.4994109	642	321
-1.5196604	642	321
-1.5528243	642	321
-1.5002267	642	321
-1.5031283	642	321
-1.499618	642	321
-1.524706	642	321
-1.496169	642	321
-1.5327285	642	321
-1.5195864	642	321
-1.498726	642	321
-1.5439217	642	321
-1.4993409	642	321
-1.4984983	642	321
-1.5311581	642	321
-1.4992549	642	321
-1.4995215	642	321
-1.5003265	642	321
-1.4994109	642	321
-1.4990383	642	321
-1.533316	642	321
-1.4989961	642	321
-1.4990739	642	321
-1.4996514	642	321
-1.5231379	642	321
-1.5011319	642	321
-1.5096592	642	321
-1.5225046	642	321
-1.5262329	642	321
-1.4995091	642	321
-1.5377477	642	321
-1.4994098	642	321
-1.5568832	642	321
-1.4996842	642	321
-1.5428742	642	321
-1.4995288	642	321
-1.499303	642	321
-1.5420162	642	321
-1.5231153	642	321
-1.5159806	642	321
-1.4993437	642	321
-1.500128	642	321
-1.5474758	642	321
-1.4993792	642	321
-1.4995385	642	321
-1.4984189	642	321
-1.4996232	642	321
-1.4968458	642	321
-1.5061936	642	321
-1.5538058	642	321
-1.5146905	642	321
-1.4997456	642	321
-1.4995925	642	321
-1.4998474	642	321
-1.4999931	642	321
-1.4991622	642	321
-1.4989215	642	321
-1.4992058	642	321
-1.4989378	642	321
-1.4993573	642	321
-1.4998409	642	321
-1.4987636	642	321
-1.5033321	642	321
-1.5523428	642	321
-1.5613313	642	321
-1.4994862	642	321
-1.4991447	642	321
-1.5366993	642	321
-1.5293549	642	321
-1.5000901	642	321
-1.5367676	642	321
-1.4996762	642	321
-1.4985722	642	321
-1.4993541	642	321
-1.536809	642	321
-1.5265225	642	321
-1.4989074	642	321
-1.499135	642	321
-1.4998146	642	321
-1.5594398	642	321
-1.530964	642	321
-1.4997496	642	321
-1.505666	642	321
-1.4983782	642	321
-1.4992333	642	321
-1.5537882	642	321
-1.4997764	642	321
-1.5354071	642	321
-1.5577019	642	321
-1.5001353	642	321
-1.5222641	642	321
-1.499956	642	321
-1.5278049	642	321
-1.499794	642	321
-1.5057486	642	321
-1.5577228	642	321
-1.499071	642	321
-1.4999042	642	321
-1.4991566	642	321
-1.4990163	642	321
-1.4993074	642	321
-1.4984994	642	321
-1.4991142	642	321
-1.5214123	642	321
-1.514978	642	321
-1.5369862	642	321
-1.4990751	642	321
-1.5521252	642	321
-1.5556116	642	321
-1.4979116	642	321
-1.4992654	642	321
-1.4979983	642	321
-1.5515252	642	321
-1.5548905	642	321
-1.5592903	642	321
-1.5252938	642	321
-1.4964165	642	321
-1.4989052	642	321
-1.5247942	642	321
-1.5562716	642	321
-1.5049417	642	321
-1.5029068	642	321
-1.4996954	642	321
-1.502789	642	321
-1.5602663	642	321
-1.4986253	642	321
-1.5000217	642	321
-1.532133	642	321
-1.4990165	642	321
-1.5291295	642	321
-1.5005277	642	321
-1.5362192	642	321
-1.5471271	642	321
-1.4999154	642	321
-1.4992266	642	321
-1.5173838	642	321
-1.4999806	642	321
-1.4997824	642	321
-1.499689	642	321
-1.499033	642	321
-1.5583316	642	321
-1.4995109	642	321
-1.4995849	642	321
-1.5561121	642	321
-1.4988273	642	321
-1.5605563	642	321
-1.4989741	642	321
-1.5565958	642	321
-1.5547629	642	321
-1.497712	642	321
-1.5524321	642	321
-1.5320247	642	321
-1.5607338	642	321
-1.4987985	642	321
-1.4996075	642	321
-1.4993545	642	321
-1.5368203	642	321
-1.4997129	642	321
-1.4997944	642	321
-1.5150627	642	321
-1.4996641	642	321
-1.4996727	642	321
-1.5400311	642	321
-1.5397642	642	321
-1.5562651	642	321
-1.5470632	642	321
-1.5256417	642	321
-1.4995607	642	321
-1.4989833	642	321
-1.5063779	642	321
-1.5429177	642	321
-1.4997156	642	321
-1.5413848	642	321
-1.5422693	642	321
-1.4988469	642	321
-1.5000021	642	321
-1.5561933	642	321
-1.5160482	642	321
-1.5559866	642	321
-1.4998008	642	321
-1.4989393	642	321
-1.5267188	642	321
-1.4998875	642	321
-1.4989166	642	321
-1.5422598	642	321
-1.5186772	642	321
-1.4999873	642	321
-1.559711	642	321
-1.4998743	642	321
-1.5002949	642	321
-1.5414865	642	321
-1.4998108	642	321
-1.4996544	642	321
-1.4999898	642	321
-1.5407214	642	321
-1.4967913	642	321
-1.5567864	642	321
-1.4999393	642	321
-1.4994273	642	321
-1.50009	642	321
-1.4988714	642	321
-1.555744	642	321
-1.5582359	642	321
-1.5297306	642	321
-1.5517204	642	321
-1.4996016	642	321
-1.5474376	642	321
-1.4992082	642	321
-1.4996719	642	321
-1.4998922	642	321
-1.4992541	642	321
-1.5007955	642	321
-1.5044723	642	321
-1.5007103	642	321
-1.4993701	642	321
-1.499694	642	321
-1.5594424	642	321
-1.5283869	642	321
-1.4991693	642	321
-1.550269	642	321
-1.4999795	642	321
-1.4997485	642	321
-1.4997368	642	321
-1.5212256	642	321
-1.5327906	642	321
-1.5233714	642	321
-1.4997553	642	321
-1.5119868	642	321
-1.4996393	642	321
-1.4991471	642	321
-1.4997953	642	321
-1.5256799	642	321
-1.4995597	642	321
-1.4999355	642	321
-1.5189975	642	321
-1.5529726	642	321
-1.497983	642	321
-1.5257424	642	321
-1.4989866	642	321
-1.539002	642	321
-1.4996426	642	321
-1.5107238	642	321
-1.4988123	642	321
-1.4990358	642	321
-1.530884	642	321
-1.536054	642	321
-1.5507501	642	321
-1.4997368	642	321
-1.499641	642	321
-1.4992874	642	321
-1.4994057	642	321
-1.4996156	642	321
-1.4993497	642	321
-1.5002123	642	321
-1.4994853	642	321
-1.4993923	642	321
-1.5117938	642	321
-1.4998512	642	321
-1.4998102	642	321
-1.499376	642	321
-1.4999988	642	321
-1.5144814	642	321
-1.5566085	642	321
-1.4996188	642	321
-1.499202	642	321
-1.4989698	642	321
-1.5424345	642	321
-1.5413675	642	321
-1.5550741	642	321
-1.524439	642	321
-1.5094318	642	321
-1.500014	642	321
-1.527484	642	321
-1.4970272	642	321
-1.4990568	642	321
-1.4980363	642	321
-1.5108385	642	321
-1.4997824	642	321
-1.5006085	642	321
-1.4999347	642	321
-1.5587161	642	321
-1.4997734	642	321
-1.4968882	642	321
-1.5139647	642	321
-1.4996717	642	321
-1.4996526	642	321
-1.499829	642	321
-1.4993631	642	321
-1.499548	642	321
-1.555152	642	321
-1.5510826	642	321
-1.4993964	642	321
-1.5313779	642	321
-1.4999775	642	321
-1.5011425	642	321
-1.5589368	642	321
-1.5108384	642	321
-1.4996801	642	321
-1.533618	642	321
-1.549305	642	321
-1.4993673	642	321
-1.5608278	642	321
-1.4992788	642	321
-1.5373888	642	321
-1.4999107	642	321
-1.4986788	642	321
-1.4991361	642	321
-1.4996509	642	321
-1.498589	642	321
-1.4995462	642	321
-1.5441719	642	321
-1.5595853	642	321
-1.5442885	642	321
-1.5000107	642	321
-1.558993	642	321
-1.5516843	642	321
-1.4994462	642	321
-1.5000583	642	321
-1.4995567	642	321
-1.5559022	642	321
-1.4961184	642	321
-1.4996842	642	321
-1.5324561	642	321
-1.4998311	642	321
-1.5463479	642	321
-1.4996432	642	321
-1.5003773	642	321
-1.5591234	642	321
-1.5391605	642	321
-1.5398099	642	321
-1.4996439	642	321
-1.4979778	642	321
-1.4976304	642	321
-1.5347312	642	321
-1.5001099	642	321
-1.5001874	642	321
-1.518564	642	321
-1.5447807	642	321
-1.5094874	642	321
-1.4996956	642	321
-1.5572094	642	321
-1.5509233	642	321
-1.499938	642	321
-1.5544977	642	321
-1.5031129	642	321
-1.4999409	642	321
-1.4983384	642	321
-1.4992559	642	321
-1.4992116	642	321
-1.4998702	642	321
-1.5563646	642	321
-1.4998983	642	321
-1.5343494	642	321
-1.4995184	642	321
-1.4996199	642	321
-1.49945	642	321
-1.5489723	642	321
-1.4980318	642	321
-1.4995501	642	321
-1.4996356	642	321
-1.5526857	642	321
-1.544509	642	321
-1.499115	642	321
-1.5581351	642	321
-1.5488335	642	321
-1.5606219	642	321
-1.5421454	642	321
-1.4956793	642	321
-1.4996096	642	321
-1.4946971	642	321
-1.5589984	642	321
-1.5040441	642	321
-1.4992531	642	321
-1.4996711	642	321
-1.4992596	642	321
-1.5039768	642	321
-1.5187795	642	321
-1.4980334	642	321
-1.5241009	642	321
-1.499542	642	321
-1.5224276	642	321
-1.4997613	642	321
-1.4995914	642	321
-1.4997469	642	321
-1.5385772	642	321
-1.5560368	642	321
-1.4993318	642	321
-1.4997964	642	321
-1.5581137	642	321
-1.4996959	642	321
-1.4987256	642	321
-1.4998011	642	321
-1.4995608	642	321
-1.4988214	642	321
-1.499997	642	321
-1.5265403	642	321
-1.528537	642	321
-1.5502072	642	321
-1.4993792	642	321
-1.5255581	642	321
-1.499949	642	321
-1.5071929	642	321
-1.5155364	642	321
-1.5593175	642	321
-1.5507087	642	321
-1.5599229	642	321
-1.497712	642	321
-1.5432384	642	321
-1.4996838	642	321
-1.5298125	642	321
-1.497005	642	321
-1.4991163	642	321
-1.499822	642	321
-1.5336163	642	321
-1.536568	642	321
-1.5251765	642	321
-1.5515596	642	321
-1.498427	642	321
-1.4998847	642	321
-1.4984834	642	321
-1.4993032	642	321
-1.533619	642	321
-1.4995859	642	321
-1.4993288	642	321
-1.5286733	642	321
-1.4994137	642	321
-1.4995418	642	321
-1.5132758	642	321
-1.4996193	642	321
-1.5408764	642	321
-1.4997349	642	321
-1.5510038	642	321
-1.5520642	642	321
-1.5053178	642	321
-1.4997667	642	321
-1.5405436	642	321
-1.5165781	642	321
-1.4994653	642	321
-1.5451962	642	321
-1.4996521	642	321
-1.560366	642	321
-1.5499407	642	321
-1.4994604	642	321
-1.4997963	642	321
-1.4995803	642	321
-1.4998455	642	321
-1.5189321	642	321
-1.5549319	642	321
-1.5395788	642	321
-1.5198045	642	321
-1.4984312	642	321
-1.498909	642	321
-1.4995038	642	321
-1.5012791	642	321
-1.5307651	642	321
-1.555065	642	321
-1.5591975	642	321
-1.514032	642	321
-1.4997012	642	321
-1.5088404	642	321
-1.4997118	642	321
-1.4999216	642	321
-1.4985363	642	321
-1.4999423	642	321
-1.5403815	642	321
-1.4997054	642	321
-1.5180646	642	321
-1.4992661	642	321
-1.5010443	642	321
-1.5562334	642	321
-1.515967	642	321
-1.4997624	642	321
-1.4978692	642	321
-1.4995167	642	321
-1.5363637	642	321
-1.5449821	642	321
-1.4997807	642	321
-1.5278886	642	321
-1.5165335	642	321
-1.5042264	642	321
-1.5001581	642	321
-1.4994528	642	321
-1.5331341	642	321
-1.4965899	642	321
-1.4996245	642	321
-1.4998111	642	321
-1.536795	642	321
-1.5513848	642	321
-1.4995238	642	321
-1.5240098	642	321
-1.4987221	642	321
-1.49939	642	321
-1.4991392	642	321
-1.4980417	642	321
-1.4966217	642	321
-1.4998962	642	321
-1.5492275	642	321
-1.4990277	642	321
-1.552591	642	321
-1.5405586	642	321
-1.5535442	642	321
-1.4997282	642	321
-1.4989233	642	321
-1.4994411	642	321
-1.4992849	642	321
-1.5293003	642	321
-1.4991695	642	321
-1.499669	642	321
-1.4987662	642	321
-1.4998971	642	321
-1.5352048	642	321
-1.5276954	642	321
-1.5182436	642	321
-1.5002005	642	321
-1.4992979	642	321
-1.4993941	642	321
-1.4995446	642	321
-1.561268	642	321
-1.5057429	642	321
-1.4982143	642	321
-1.5474905	642	321
-1.5437227	642	321
-1.5558133	642	321
-1.4989754	642	321
-1.5341031	642	321
-1.4993503	642	321
-1.4974125	642	321
-1.5374438	642	321
-1.516081	642	321
-1.5405845	642	321
-1.5023623	642	321
-1.5274285	642	321
-1.5490275	642	321
-1.500744	642	321
-1.4999806	642	321
-1.4995699	642	321
-1.4996465	642	321
-1.4996579	642	321
-1.4988203	642	321
-1.5448681	642	321
-1.4988137	642	321
-1.4995837	642	321
-1.4978221	642	321
-1.5005236	642	321
-1.5006966	642	321
-1.5436189	642	321
-1.5390445	642	321
-1.4989296	642	321
-1.5491858	642	321
-1.5590772	642	321
-1.4992621	642	321
-1.5586716	642	321
-1.5608539	642	321
-1.5186744	642	321
-1.5337599	642	321
-1.5609616	642	321
-1.4994957	642	321
-1.4995701	642	321
-1.5492848	642	321
-1.5025541	642	321
-1.5314845	642	321
-1.5577711	642	321
-1.5398938	642	321
-1.4997106	642	321
-1.5473845	642	321
-1.4995051	642	321
-1.4994573	642	321
-1.554853	642	321
-1.4951296	642	321
-1.4999037	642	321
-1.4992918	642	321
-1.5557171	642	321
-1.5025528	642	321
-1.5303294	642	321
-1.5290799	642	321
-1.5303842	642	321
-1.4991738	642	321
-1.5283602	642	321
-1.4997089	642	321
-1.4998036	642	321
-1.5436645	642	321
-1.4999243	642	321
-1.5034261	642	321
-1.496959	642	321
-1.5465884	642	321
-1.5505085	642	321
-1.4992419	642	321
-1.4997414	642	321
-1.5131537	642	321
-1.4984749	642	321
-1.5178764	642	321
-1.4997358	642	321
-1.4981002	642	321
-1.499481	642	321
-1.4999456	642	321
-1.5559252	642	321
-1.5324953	642	321
-1.5000002	642	321
-1.5000179	642	321
-1.4998809	642	321
-1.5587526	642	321
-1.4994406	642	321
-1.5609616	642	321
-1.5566423	642	321
-1.4994901	642	321
-1.5012968	642	321
-1.500067	642	321
-1.4987459	642	321
-1.5077006	642	321
-1.5222136	642	321
-1.5555451	642	321
-1.5526428	642	321
-1.5486448	642	321
-1.4994421	642	321
-1.4998893	642	321
-1.499868	642	321
-1.5001535	642	321
-1.500134	642	321
-1.4989136	642	321
-1.4976411	642	321
-1.4997045	642	321
-1.499873	642	321
-1.4996635	642	321
-1.5279021	642	321
-1.4962338	642	321
-1.49557	642	321
-1.5470456	642	321
-1.4995493	642	321
-1.5596373	642	321
-1.5425452	642	321
-1.4991469	642	321
-1.5018733	642	321
-1.5329592	642	321
-1.499932	642	321
-1.5528007	642	321
-1.4994973	642	321
-1.5519329	642	321
-1.5595353	642	321
-1.5116994	642	321
-1.4993415	642	321
-1.4997791	642	321
-1.4987186	642	321
-1.5000196	642	321
-1.4996315	642	321
-1.498958	642	321
-1.5108357	642	321
-1.5246715	642	321
-1.5118531	642	321
-1.5457285	642	321
-1.4998135	642	321
-1.4993992	642	321
-1.49956	642	321
-1.5605375	642	321
-1.5069828	642	321
-1.4996345	642	321
-1.5577095	642	321
-1.5455793	642	321
-1.4995219	642	321
-1.5532904	642	321
-1.4996183	642	321
-1.4997372	642	321
-1.4995119	642	321
-1.4995338	642	321
-1.5462966	642	321
-1.5415518	642	321
-1.499728	642	321
-1.4972398	642	321
-1.4997271	642	321
-1.5563555	642	321
-1.4998562	642	321
-1.4986052	642	321
-1.5055884	642	321
-1.4995454	642	321
-1.4994672	642	321
-1.499446	642	321
-1.4975322	642	321
-1.5350313	642	321
-1.5353489	642	321
-1.4996573	642	321
-1.499424	642	321
-1.4973801	642	321
-1.5420413	642	321
-1.5425255	642	321
-1.499494	642	321
-1.5407136	642	321
-1.499528	642	321
-1.5506559	642	321
-1.4984516	642	321
-1.4987958	642	321
-1.4995023	642	321
-1.5284747	642	321
-1.4994711	642	321
-1.536228	642	321
-1.5165406	642	321
-1.5120936	642	321
-1.4992225	642	321
-1.4995601	642	321
-1.4996547	642	321
-1.5425663	642	321
-1.499247	642	321
-1.5396741	642	321
-1.4992449	642	321
-1.5025835	642	321
-1.4981595	642	321
-1.5572593	642	321
-1.5604563	642	321
-1.5471217	642	321
-1.4997667	642	321
-1.5116131	642	321
-1.4998193	642	321
-1.5518678	642	321
-1.4996985	642	321
-1.4995939	642	321
-1.5607336	642	321
-1.5560253	642	321
-1.4996743	642	321
-1.5492252	642	321
-1.4995821	642	321
-1.547323	642	321
-1.5499839	642	321
-1.4998233	642	321
-1.5588492	642	321
-1.5248832	642	321
-1.548878	642	321
-1.4999232	642	321
-1.5385701	642	321
-1.5562825	642	321
-1.5349082	642	321
-1.5060691	642	321
-1.4995704	642	321
-1.4990159	642	321
-1.4999424	642	321
-1.5582031	642	321
-1.4990823	642	321
-1.50001	642	321
-1.5202015	642	321
-1.4975057	642	321
-1.5582615	642	321
-1.5548426	642	321
-1.4969911	642	321
-1.4990339	642	321
-1.4996276	642	321
-1.525478	642	321
-1.5570753	642	321
-1.525043	642	321
-1.4997363	642	321
-1.4992934	642	321
-1.5322546	642	321
-1.4996629	642	321
-1.5241285	642	321
-1.5599873	642	321
-1.4999859	642	321
-1.5304609	642	321
-1.5379713	642	321
-1.5397391	642	321
-1.4995075	642	321
-1.4990176	642	321
-1.499149	642	321
-1.5563899	642	321
-1.5000932	642	321
-1.5547051	642	321
-1.4989952	642	321
-1.5589103	642	321
-1.5560481	642	321
-1.5107074	642	321
-1.5520344	642	321
-1.4979448	642	321
-1.540143	642	321
-1.4994059	642	321
-1.4989807	642	321
-1.5601466	642	321
-1.4991475	642	321
-1.4998091	642	321
-1.4966589	642	321
-1.4998861	642	321
-1.560564	642	321
-1.5020557	642	321
-1.5251677	642	321
-1.5259071	642	321
-1.4999475	642	321
-1.5203155	642	321
-1.5440172	642	321
-1.5435089	642	321
-1.4994877	642	321
-1.4995823	642	321
-1.4996859	642	321
-1.4996847	642	321
-1.4994211	642	321
-1.499253	642	321
-1.5465742	642	321
-1.5217211	642	321
-1.547853	642	321
-1.4998535	642	321
-1.5235158	642	321
-1.499304	642	321
-1.4965961	642	321
-1.4980901	642	321
-1.4998177	642	321
-1.5606708	642	321
-1.499516	642	321
-1.4959269	642	321
-1.499955	642	321
-1.5213965	642	321
-1.5039143	642	321
-1.5453906	642	321
-1.4952645	642	321
-1.5489846	642	321
-1.4995733	642	321
-1.5530412	642	321
-1.4975601	642	321
-1.4999879	642	321
-1.4998203	642	321
-1.4979644	642	321
-1.5432842	642	321
-1.5503497	642	321
-1.4996623	642	321
-1.5543339	642	321
-1.4997046	642	321
-1.4999569	642	321
-1.5267683	642	321
-1.4994895	642	321
-1.5006203	642	321
-1.4999258	642	321
-1.4991671	642	321
-1.5002888	642	321
-1.4997207	642	321
-1.5487208	642	321
-1.5557786	642	321
-1.5519692	642	321
-1.4997312	642	321
-1.4959626	642	321
-1.5339203	642	321
-1.555035	642	321
-1.5611494	642	321
-1.5190871	642	321
-1.499285	642	321
-1.4998049	642	321
-1.4994779	642	321
-1.4996849	642	321
-1.5019162	642	321
-1.4993493	642	321
-1.4990578	642	321
-1.4992217	642	321
-1.5395543	642	321
-1.552512	642	321
-1.5361839	642	321
-1.5017455	642	321
-1.549055	642	321
-1.5586776	642	321
-1.5279548	642	321
-1.4995345	642	321
-1.4995774	642	321
-1.5302612	642	321
-1.4995044	642	321
-1.5554735	642	321
-1.4987437	642	321
-1.5029885	642	321
-1.5614856	642	321
-1.4991797	642	321
-1.49959	642	321
-1.518771	642	321
-1.4998531	642	321
-1.4996419	642	321
-1.5551069	642	321
-1.4994285	642	321
-1.4985071	642	321
-1.4994992	642	321
-1.5343037	642	321
-1.5256697	642	321
-1.5512729	642	321
-1.5101112	642	321
-1.5074626	642	321
-1.4997895	642	321
-1.4995084	642	321
-1.5386399	642	321
-1.5000024	642	321
-1.4996858	642	321
-1.5502126	642	321
-1.4988714	642	321
-1.4980966	642	321
-1.4993572	642	321
-1.5519217	642	321
-1.4984514	642	321
-1.5262797	642	321
-1.521771	642	321
-1.5472393	642	321
-1.5361717	642	321
-1.4957435	642	321
-1.5315087	642	321
-1.5421528	642	321
-1.5564435	642	321
-1.4998294	642	321
-1.5567889	642	321
-1.5608611	642	321
-1.4994499	642	321
-1.4997639	642	321
-1.5580502	642	321
-1.5000064	642	321
-1.4999656	642	321
-1.537367	642	321
-1.5605597	642	321
-1.4999546	642	321
-1.4993672	642	321
-1.5160248	642	321
-1.5582027	642	321
-1.4998548	642	321
-1.4999537	642	321
-1.5531793	642	321
-1.4993594	642	321
-1.5528043	642	321
-1.4994946	642	321
-1.4988459	642	321
-1.4992552	642	321
-1.4965231	642	321
-1.5074338	642	321
-1.4996857	642	321
-1.5416034	642	321
-1.5367231	642	321
-1.5553676	642	321
-1.5295339	642	321
-1.5132885	642	321
-1.5599052	642	321
-1.4996643	642	321
-1.4962777	642	321
-1.545261	642	321
-1.5506229	642	321
-1.499224	642	321
-1.4997738	642	321
-1.5375049	642	321
-1.5424225	642	321
-1.5080959	642	321
-1.5000484	642	321
-1.499954	642	321
-1.541688	642	321
-1.4998578	642	321
-1.5584128	642	321
-1.5001245	642	321
-1.543628	642	321
-1.4984875	642	321
-1.4995449	642	321
-1.4995642	642	321
-1.4996589	642	321
-1.5285907	642	321
-1.5565116	642	321
-1.5544445	642	321
-1.5585326	642	321
-1.499176	642	321
-1.5600413	642	321
-1.4994457	642	321
-1.4996825	642	321
-1.4997144	642	321
-1.4997754	642	321
-1.5551054	642	321
-1.5299864	642	321
-1.4992094	642	321
-1.4994072	642	321
-1.4996002	642	321
-1.4993254	642	321
-1.4996129	642	321
-1.5005087	642	321
-1.5108663	642	321
-1.4993504	642	321
-1.4991368	642	321
-1.4998403	642	321
-1.5069332	642	321
-1.5452565	642	321
-1.5001099	642	321
-1.4989802	642	321
-1.5401832	642	321
-1.4989037	642	321
-1.5199519	642	321
-1.5461313	642	321
-1.4992568	642	321
-1.5580546	642	321
-1.4991558	642	321
-1.5477614	642	321
-1.4996787	642	321
-1.534604	642	321
-1.5088208	642	321
-1.4993333	642	321
-1.5325167	642	321
-1.5083602	642	321
-1.4998893	642	321
-1.5608134	642	321
-1.5222923	642	321
-1.4990146	642	321
-1.5134919	642	321
-1.4993161	642	321
-1.4977808	642	321
-1.499656	642	321
-1.4993116	642	321
-1.551003	642	321
-1.5559035	642	321
-1.537447	642	321
-1.5000749	642	321
-1.51395	642	321
-1.5000723	642	321
-1.4996265	642	321
-1.4999554	642	321
-1.4990628	642	321
-1.5288084	642	321
-1.5316139	642	321
-1.4990904	642	321
-1.4994393	642	321
-1.5555029	642	321
-1.5000394	642	321
-1.4991475	642	321
-1.5016746	642	321
-1.4994551	642	321
-1.4995758	642	321
-1.4992156	642	321
-1.5408975	642	321
-1.5432492	642	321
-1.518145	642	321
-1.4998126	642	321
-1.5582047	642	321
-1.5164731	642	321
-1.4982591	642	321
-1.4997719	642	321
-1.4990457	642	321
-1.5028596	642	321
-1.5295561	642	321
-1.5535793	642	321
-1.499629	642	321
-1.4999427	642	321
-1.4980485	642	321
-1.498887	642	321
-1.4996789	642	321
-1.5387664	642	321
-1.5452153	642	321
-1.529533	642	321
-1.4999924	642	321
-1.5459794	642	321
-1.4990865	642	321
-1.4989346	642	321
-1.5603971	642	321
-1.4990705	642	321
-1.4995638	642	321
-1.5278764	642	321
-1.4996219	642	321
-1.5000201	642	321
-1.5019728	642	321
-1.499914	642	321
-1.511008	642	321
-1.5038054	642	321
-1.5535766	642	321
-1.5061403	642	321
-1.4995502	642	321
-1.4986791	642	321
-1.4998117	642	321
-1.4990874	642	321
-1.4993288	642	321
-1.4996056	642	321
-1.4997169	642	321
-1.5302988	642	321
-1.4990407	642	321
-1.5531256	642	321
-1.4995923	642	321
-1.5101563	642	321
-1.5179994	642	321
-1.5470808	642	321
-1.5513732	642	321
-1.554073	642	321
-1.5594824	642	321
-1.4976633	642	321
-1.4998306	642	321
-1.5602472	642	321
-1.5244365	642	321
-1.5095747	642	321
-1.5193047	642	321
-1.4994187	642	321
-1.530492	642	321
-1.4995894	642	321
-1.4991322	642	321
-1.4991084	642	321
-1.5457043	642	321
-1.4994947	642	321
-1.4996499	642	321
-1.5415544	642	321
-1.4992255	642	321
-1.4999194	642	321
-1.4976914	642	321
-1.4997713	642	321
-1.5429357	642	321
-1.4993406	642	321
-1.533558	642	321
-1.5500119	642	321
-1.4995678	642	321
-1.4998006	642	321
-1.4982623	642	321
-1.4994934	642	321
-1.558229	642	321
-1.4979052	642	321
-1.4990147	642	321
-1.4994216	642	321
-1.4992175	642	321
-1.4991101	642	321
-1.4994265	642	321
-1.5393591	642	321
-1.5599745	642	321
-1.5569327	642	321
-1.4997375	642	321
-1.5161982	642	321
-1.5099804	642	321
-1.5546831	642	321
-1.5532545	642	321
-1.4996431	642	321
-1.5084432	642	321
-1.4987947	642	321
-1.4981188	642	321
-1.553194	642	321
-1.497666	642	321
-1.5000332	642	321
-1.4995889	642	321
-1.5016373	642	321
-1.5410912	642	321
-1.4994819	642	321
-1.4996673	642	321
-1.5065555	642	321
-1.5024116	642	321
-1.5588392	642	321
-1.5197808	642	321
-1.538305	642	321
-1.5563571	642	321
-1.5590066	642	321
-1.5301526	642	321
-1.5185646	642	321
-1.5149639	642	321
-1.5246646	642	321
-1.5435401	642	321
-1.555981	642	321
-1.5205581	642	321
-1.5573293	642	321
-1.5404993	642	321
-1.4990458	642	321
-1.5183422	642	321
-1.4997659	642	321
-1.4971071	642	321
-1.5539848	642	321
-1.499268	642	321
-1.4991747	642	321
-1.5422946	642	321
-1.5554814	642	321
-1.5605681	642	321
-1.5006937	642	321
-1.4998368	642	321
-1.4962286	642	321
-1.4988994	642	321
-1.5434874	642	321
-1.4987973	642	321
-1.5523019	642	321
-1.4994038	642	321
-1.49988	642	321
-1.5004131	642	321
-1.5064955	642	321
-1.5370907	642	321
-1.5590308	642	321
-1.4992242	642	321
-1.499387	642	321
-1.4983309	642	321
-1.5545794	642	321
-1.5357268	642	321
-1.5339093	642	321
-1.4988358	642	321
-1.4995053	642	321
-1.5520671	642	321
-1.4972948	642	321
-1.4954971	642	321
-1.5000501	642	321
-1.4992238	642	321
-1.4993159	642	321
-1.4996013	642	321
-1.4995651	642	321
-1.499835	642	321
-1.554372	642	321
-1.5037472	642	321
-1.5223037	642	321
-1.5526589	642	321
-1.5523593	642	321
-1.509535	642	321
-1.5153125	642	321
-1.4985186	642	321
-1.504146	642	321
-1.4995287	642	321
-1.4994895	642	321
-1.5543386	642	321
-1.4995422	642	321
-1.5527022	642	321
-1.5604106	642	321
-1.5553684	642	321
-1.524827	642	321
-1.4987723	642	321
-1.501512	642	321
-1.4995498	642	321
-1.5004818	642	321
-1.5409886	642	321
-1.5000107	642	321
-1.5261211	642	321
-1.499498	642	321
-1.5509266	642	321
-1.5456582	642	321
-1.5001276	642	321
-1.4998329	642	321
-1.4997045	642	321
-1.4967556	642	321
-1.4997226	642	321
-1.5418699	642	321
-1.4981631	642	321
-1.5372047	642	321
-1.4994698	642	321
-1.4994393	642	321
-1.4987009	642	321
-1.5187034	642	321
-1.5000571	642	321
-1.514992	642	321
-1.5544394	642	321
-1.5558228	642	321
-1.4994428	642	321
-1.5461968	642	321
-1.5400262	642	321
-1.4985126	642	321
-1.5602992	642	321
-1.5000591	642	321
-1.498061	642	321
-1.4993682	642	321
-1.499992	642	321
-1.5476443	642	321
-1.4994823	642	321
-1.516212	642	321
-1.5001033	642	321
-1.5365642	642	321
-1.4995601	642	321
-1.5083454	642	321
-1.5448512	642	321
-1.5007692	642	321
-1.499719	642	321
-1.4994214	642	321
-1.4996184	642	321
-1.4988335	642	321
-1.4998136	642	321
-1.4995723	642	321
-1.4992942	642	321
-1.4989486	642	321
-1.5494152	642	321
-1.4995203	642	321
-1.5000011	642	321
-1.547075	642	321
-1.4998896	642	321
-1.5252908	642	321
-1.5487007	642	321
-1.5353516	642	321
-1.4985928	642	321
-1.4970046	642	321
-1.5122477	642	321
-1.499817	642	321
-1.5349853	642	321
-1.5008526	642	321
-1.4996854	642	321
-1.4992361	642	321
-1.512644	642	321
-1.5606356	642	321
-1.5251164	642	321
-1.4990885	642	321
-1.5000941	642	321
-1.5545077	642	321
-1.5010738	642	321
-1.5539615	642	321
-1.4987256	642	321
-1.5470649	642	321
-1.497351	642	321
-1.4998429	642	321
-1.5528311	642	321
-1.4996253	642	321
-1.5252362	642	321
-1.4985204	642	321
-1.4980256	642	321
-1.5009844	642	321
-1.5004246	642	321
-1.4995114	642	321
-1.4935697	642	321
-1.4991329	642	321
-1.5604834	642	321
-1.5534556	642	321
-1.5496708	642	321
-1.5560846	642	321
-1.5535216	642	321
-1.4991193	642	321
-1.5570312	642	321
-1.5200351	642	321
-1.499955	642	321
-1.500053	642	321
-1.5469982	642	321
-1.5534402	642	321
-1.52528	642	321
-1.4992132	642	321
-1.4997057	642	321
-1.5380848	642	321
-1.499668	642	321
-1.5429937	642	321
-1.523485	642	321
-1.4994516	642	321
-1.55631	642	321
-1.5349535	642	321
-1.5467889	642	321
-1.4995275	642	321
-1.5473364	642	321
-1.5006722	642	321
-1.5199486	642	321
-1.5179952	642	321
-1.5607505	642	321
-1.4990669	642	321
-1.5100378	642	321
-1.4962686	642	321
-1.5192325	642	321
-1.4992813	642	321
-1.499457	642	321
-1.4998363	642	321
-1.5453395	642	321
-1.5281803	642	321
-1.4996291	642	321
-1.4993979	642	321
-1.5563002	642	321
-1.4997165	642	321
-1.50011	642	321
-1.5075373	642	321
-1.5080048	642	321
-1.4996365	642	321
-1.5491187	642	321
-1.5000719	642	321
-1.533173	642	321
-1.5501329	642	321
-1.5010507	642	321
-1.4991089	642	321
-1.5518202	642	321
-1.499453	642	321
-1.5478441	642	321
-1.4993334	642	321
-1.5329286	642	321
-1.4996895	642	321
-1.4995608	642	321
-1.4993359	642	321
-1.5331591	642	321
-1.4998963	642	321
-1.499538	642	321
-1.4996542	642	321
-1.4993311	642	321
-1.4996377	642	321
-1.4992707	642	321
-1.4991837	642	321
-1.4996051	642	321
-1.4999841	642	321
-1.503907	642	321
-1.4998111	642	321
-1.540728	642	321
-1.5598096	642	321
-1.5000843	642	321
-1.4996583	642	321
-1.4990486	642	321
-1.4997151	642	321
-1.555566	642	321
-1.5260849	642	321
-1.4984036	642	321
-1.5436139	642	321
-1.4998306	642	321
-1.4999862	642	321
-1.5584089	642	321
-1.4992479	642	321
-1.4995949	642	321
-1.5582863	642	321
-1.5458815	642	321
-1.4995629	642	321
-1.5497635	642	321
-1.4998726	642	321
-1.4971585	642	321
-1.51909	642	321
-1.5212715	642	321
-1.5237432	642	321
-1.4990594	642	321
-1.5505004	642	321
-1.4998208	642	321
-1.5372606	642	321
-1.4997795	642	321
-1.5186071	642	321
-1.5538281	642	321
-1.5200848	642	321
-1.5409635	642	321
-1.5131519	642	321
-1.5462954	642	321
-1.4998705	642	321
-1.4983749	642	321
-1.5500068	642	321
-1.4977953	642	321
-1.4998754	642	321
-1.4999898	642	321
-1.4995314	642	321
-1.4999048	642	321
-1.4999166	642	321
-1.4996433	642	321
-1.4993256	642	321
-1.4993876	642	321
-1.5135509	642	321
-1.4988355	642	321
-1.4999665	642	321
-1.4995319	642	321
-1.5603315	642	321
-1.556496	642	321
-1.4994192	642	321
-1.5514595	642	321
-1.553108	642	321
-1.4995979	642	321
-1.5253532	642	321
-1.4975386	642	321
-1.5135834	642	321
-1.4999084	642	321
-1.4994621	642	321
-1.4994421	642	321
-1.4993315	642	321
-1.4992438	642	321
-1.4994955	642	321
-1.5467812	642	321
-1.5051433	642	321
-1.4999377	642	321
-1.5615105	642	321
-1.5399094	642	321
-1.499109	642	321
-1.4991626	642	321
-1.5533871	642	321
-1.4990631	642	321
-1.4994259	642	321
-1.4999629	642	321
-1.4991941	642	321
-1.542767	642	321
-1.4993177	642	321
-1.4996096	642	321
-1.5329271	642	321
-1.5011386	642	321
-1.4985072	642	321
-1.5049751	642	321
-1.500108	642	321
-1.5078982	642	321
-1.4990344	642	321
-1.4994713	642	321
-1.4997026	642	321
-1.5389825	642	321
-1.5279827	642	321
-1.515362	642	321
-1.4985681	642	321
-1.5524514	642	321
-1.5123133	642	321
-1.4956398	642	321
-1.4986005	642	321
-1.537502	642	321
-1.4999438	642	321
-1.5445632	642	321
-1.5382799	642	321
-1.5547854	642	321
-1.4987344	642	321
-1.555962	642	321
-1.5597881	642	321
-1.5384299	642	321
-1.4997364	642	321
-1.4996537	642	321
-1.4987751	642	321
-1.5535426	642	321
-1.514017	642	321
-1.5001303	642	321
-1.4986883	642	321
-1.4995557	642	321
-1.557218	642	321
-1.499312	642	321
-1.5342022	642	321
-1.5189158	642	321
-1.499564	642	321
-1.4977339	642	321
-1.5343765	642	321
-1.4995593	642	321
-1.4994624	642	321
-1.4989387	642	321
-1.4989113	642	321
-1.4996718	642	321
-1.4985244	642	321
-1.4993122	642	321
-1.5607492	642	321
-1.499776	642	321
-1.4977234	642	321
-1.5000212	642	321
-1.545113	642	321
-1.5532498	642	321
-1.5502579	642	321
-1.5102042	642	321
-1.4994614	642	321
-1.4988259	642	321
-1.5591633	642	321
-1.498544	642	321
-1.4987349	642	321
-1.4989064	642	321
-1.4998966	642	321
-1.4998362	642	321
-1.5226423	642	321
-1.5476363	642	321
-1.4994908	642	321
-1.4996104	642	321
-1.5472948	642	321
-1.5482604	642	321
-1.4987757	642	321
-1.4997167	642	321
-1.4986842	642	321
-1.4998679	642	321
-1.4988849	642	321
-1.5520019	642	321
-1.5532432	642	321
-1.4987332	642	321
-1.4987537	642	321
-1.5584838	642	321
-1.5137134	642	321
-1.5184597	642	321
-1.510881	642	321
-1.4994849	642	321
-1.5465057	642	321
-1.5000896	642	321
-1.560822	642	321
-1.4994533	642	321
-1.5025561	642	321
-1.5129881	642	321
-1.5340816	642	321
-1.5529119	642	321
-1.5497846	642	321
-1.5224028	642	321
-1.4998876	642	321
-1.5557174	642	321
-1.4990858	642	321
-1.499409	642	321
-1.5468167	642	321
-1.5553343	642	321
-1.4998611	642	321
-1.4998125	642	321
-1.5582591	642	321
-1.5605435	642	321
-1.5605942	642	321
-1.4988578	642	321
-1.4996884	642	321
-1.498415	642	321
-1.4997088	642	321
-1.5587639	642	321
-1.5514587	642	321
-1.5497241	642	321
-1.5081006	642	321
-1.5417443	642	321
-1.5608462	642	321
-1.5502509	642	321
-1.4993416	642	321
-1.5051011	642	321
-1.4992208	642	321
-1.5222332	642	321
-1.4970584	642	321
-1.5327952	642	321
-1.5497036	642	321
-1.5403558	642	321
-1.5590012	642	321
-1.4991433	642	321
-1.5193456	642	321
-1.5061121	642	321
-1.4999167	642	321
-1.5128552	642	321
-1.4993492	642	321
-1.499636	642	321
-1.4996696	642	321
-1.4993557	642	321
-1.4994201	642	321
-1.4999699	642	321
-1.4996832	642	321
-1.4997841	642	321
-1.5432984	642	321
-1.5425819	642	321
-1.5359336	642	321
-1.5001096	642	321
-1.4988385	642	321
-1.4999591	642	321
-1.5563424	642	321
-1.4998413	642	321
-1.4994373	642	321
-1.5521358	642	321
-1.543163	642	321
-1.4998069	642	321
-1.5132596	642	321
-1.5056892	642	321
-1.5204363	642	321
-1.4997134	642	321
-1.5364374	642	321
-1.5356714	642	321
-1.551372	642	321
-1.5598593	642	321
-1.5509772	642	321
-1.4999369	642	321
-1.5012642	642	321
-1.5337299	642	321
-1.4990501	642	321
-1.4978417	642	321
-1.5458988	642	321
-1.5355205	642	321
-1.5498963	642	321
-1.5126245	642	321
-1.4998592	642	321
-1.4992061	642	321
-1.4999067	642	321
-1.4993303	642	321
-1.5520809	642	321
-1.4998679	642	321
-1.4995317	642	321
-1.4991384	642	321
-1.4995024	642	321
-1.4999493	642	321
-1.4970694	642	321
-1.5309443	642	321
-1.5505717	642	321
-1.5406548	642	321
-1.5546979	642	321
-1.4991815	642	321
-1.499607	642	321
-1.5521236	642	321
-1.4998966	642	321
-1.4995189	642	321
-1.5610949	642	321
-1.4996223	642	321
-1.5295675	642	321
-1.5066171	642	321
-1.5356492	642	321
-1.4991932	642	321
-1.498473	642	321
-1.4997429	642	321
-1.4996688	642	321
-1.4990783	642	321
-1.4990981	642	321
-1.499318	642	321
-1.4999863	642	321
-1.4983653	642	321
-1.4994681	642	321
-1.499722	642	321
-1.505381	642	321
-1.5000353	642	321
-1.4990874	642	321
-1.5611465	642	321
-1.53728	642	321
-1.5461341	642	321
-1.4995814	642	321
-1.5484537	642	321
-1.5277766	642	321
-1.5033982	642	321
-1.5600387	642	321
-1.5571211	642	321
-1.543119	642	321
-1.5500921	642	321
-1.4998716	642	321
-1.5575244	642	321
-1.4951825	642	321
-1.559873	642	321
-1.4994559	642	321
-1.4993951	642	321
-1.5135832	642	321
-1.4999845	642	321
-1.5184834	642	321
-1.5574376	642	321
-1.5000031	642	321
-1.4990696	642	321
-1.5318589	642	321
-1.5203744	642	321
-1.4991115	642	321
-1.4997796	642	321
-1.5567253	642	321
-1.498877	642	321
-1.4980226	642	321
-1.4998978	642	321
-1.4998216	642	321
-1.5380295	642	321
-1.4919954	642	321
-1.5129294	642	321
-1.5509441	642	321
-1.4936978	642	321
-1.5364513	642	321
-1.4976096	642	321
-1.4916126	642	321
-1.5506689	642	321
-1.4991924	642	321
-1.5585313	642	321
-1.4997161	642	321
-1.5574868	642	321
-1.5226159	642	321
-1.5080463	642	321
-1.4992509	642	321
-1.5026985	642	321
-1.499053	642	321
-1.5073034	642	321
-1.4963638	642	321
-1.4999565	642	321
-1.5593539	642	321
-1.5016027	642	321
-1.5538193	642	321
-1.4998624	642	321
-1.504653	642	321
-1.4994756	642	321
-1.5063007	642	321
-1.5567575	642	321
-1.5036114	642	321
-1.5456865	642	321
-1.5041485	642	321
-1.4993335	642	321
-1.4998272	642	321
-1.5057625	642	321
-1.5272835	642	321
-1.4992385	642	321
-1.5420232	642	321
-1.5168383	642	321
-1.4976849	642	321
-1.4996409	642	321
-1.4989712	642	321
-1.5001092	642	321
-1.5000608	642	321
-1.5588468	642	321
-1.5057458	642	321
-1.5303261	642	321
-1.4992097	642	321
-1.5049273	642	321
-1.5397356	642	321
-1.5114482	642	321
-1.4999494	642	321
-1.4973252	642	321
-1.499218	642	321
-1.5584582	642	321
-1.5256684	642	321
-1.5160072	642	321
-1.4984899	642	321
-1.4992871	642	321
-1.5001955	642	321
-1.5559926	642	321
-1.499782	642	321
-1.4998938	642	321
-1.5507728	642	321
-1.4995717	642	321
-1.5604688	642	321
-1.5279618	642	321
-1.4979397	642	321
-1.4998676	642	321
-1.5163528	642	321
-1.5445223	642	321
-1.5381455	642	321
-1.5492207	642	321
-1.5539875	642	321
-1.4992691	642	321
-1.5089507	642	321
-1.4984122	642	321
-1.5497542	642	321
-1.4994477	642	321
-1.4988499	642	321
-1.5534989	642	321
-1.5435717	642	321
-1.5368624	642	321
-1.5284386	642	321
-1.499503	642	321
-1.5560958	642	321
-1.4992247	642	321
-1.545333	642	321
-1.4995383	642	321
-1.5521836	642	321
-1.4993097	642	321
-1.5499517	642	321
-1.5433463	642	321
-1.5432043	642	321
-1.5297756	642	321
-1.499025	642	321
-1.4981418	642	321
-1.5551207	642	321
-1.545812	642	321
-1.5485641	642	321
-1.5429717	642	321
-1.499405	642	321
-1.5001823	642	321
-1.4995046	642	321
-1.5534611	642	321
-1.5599044	642	321
-1.4995576	642	321
-1.5251598	642	321
-1.5002691	642	321
-1.4985534	642	321
-1.4994268	642	321
-1.5091513	642	321
-1.4995961	642	321
-1.4978704	642	321
-1.5434963	642	321
-1.5585455	642	321
-1.5426089	642	321
-1.5391474	642	321
-1.4992408	642	321
-1.4996634	642	321
-1.5544553	642	321
-1.5462351	642	321
-1.4998642	642	321
-1.5470248	642	321
-1.5001209	642	321
-1.5093032	642	321
-1.497606	642	321
-1.5172067	642	321
-1.5445033	642	321
-1.5079044	642	321
-1.5534873	642	321
-1.4998956	642	321
-1.4999021	642	321
-1.4970881	642	321
-1.5413149	642	321
-1.5609153	642	321
-1.4991459	642	321
-1.5142732	642	321
-1.527847	642	321
-1.5185868	642	321
-1.5465156	642	321
-1.5001032	642	321
-1.5422432	642	321
-1.4994518	642	321
-1.4994826	642	321
-1.5572249	642	321
-1.5330864	642	321
-1.4985117	642	321
-1.5475187	642	321
-1.5444938	642	321
-1.4993947	642	321
-1.5507189	642	321
-1.50011	642	321
-1.4996224	642	321
-1.4989382	642	321
-1.4993245	642	321
-1.4998332	642	321
-1.499098	642	321
-1.5000259	642	321
-1.4990645	642	321
-1.5410593	642	321
-1.4992803	642	321
-1.5239742	642	321
-1.5195643	642	321
-1.4999583	642	321
-1.523887	642	321
-1.5564979	642	321
-1.5570361	642	321
-1.4995091	642	321
-1.5588657	642	321
-1.4991526	642	321
-1.5125158	642	321
-1.5399995	642	321
-1.4993047	642	321
-1.554106	642	321
-1.5311397	642	321
-1.4998424	642	321
-1.499448	642	321
-1.5002761	642	321
-1.55867	642	321
-1.4995733	642	321
-1.4996844	642	321
-1.5342512	642	321
-1.4997822	642	321
-1.502888	642	321
-1.5472878	642	321
-1.4996357	642	321
-1.4998571	642	321
-1.4998857	642	321
-1.5350782	642	321
-1.5439873	642	321
-1.4991776	642	321
-1.4988387	642	321
-1.4973882	642	321
-1.552454	642	321
-1.5534039	642	321
-1.499425	642	321
-1.4983199	642	321
-1.4998839	642	321
-1.4994941	642	321
-1.5430208	642	321
-1.4985605	642	321
-1.5119184	642	321
-1.5261903	642	321
-1.5234833	642	321
-1.4996431	642	321
-1.498673	642	321
-1.4988019	642	321
-1.5332846	642	321
-1.5388234	642	321
-1.5216072	642	321
-1.5515057	642	321
-1.5460178	642	321
-1.4997234	642	321
-1.5077914	642	321
-1.4993475	642	321
-1.4983254	642	321
-1.5559378	642	321
-1.5050902	642	321
-1.499883	642	321
-1.4994911	642	321
-1.4984974	642	321
-1.4994703	642	321
-1.5119198	642	321
-1.4997648	642	321
-1.4993343	642	321
-1.4993295	642	321
-1.5466556	642	321
-1.5296303	642	321
-1.5394293	642	321
-1.5450035	642	321
-1.5323607	642	321
-1.5312575	642	321
-1.5497793	642	321
-1.4990834	642	321
-1.5396747	642	321
-1.4972817	642	321
-1.5326271	642	321
-1.4996467	642	321
-1.4995905	642	321
-1.5081155	642	321
-1.5539686	642	321
-1.4999882	642	321
-1.5572692	642	321
-1.5214602	642	321
-1.5486794	642	321
-1.5495622	642	321
-1.4993924	642	321
-1.5314419	642	321
-1.5503418	642	321
-1.4987038	642	321
-1.4990359	642	321
-1.517643	642	321
-1.5002511	642	321
-1.5591618	642	321
-1.4999455	642	321
-1.5220906	642	321
-1.4983748	642	321
-1.4999166	642	321
-1.5526932	642	321
-1.5231836	642	321
-1.5492946	642	321
-1.5561213	642	321
-1.4990879	642	321
-1.4986661	642	321
-1.5524871	642	321
-1.5348332	642	321
-1.4997575	642	321
-1.4999808	642	321
-1.5508552	642	321
-1.5571904	642	321
-1.5565462	642	321
-1.4995644	642	321
-1.5434605	642	321
-1.5494513	642	321
-1.5000541	642	321
-1.5477559	642	321
-1.5583877	642	321
-1.5488837	642	321
-1.4995817	642	321
-1.4985094	642	321
-1.5130724	642	321
-1.5267024	642	321
-1.4992873	642	321
-1.4993467	642	321
-1.4995611	642	321
-1.4994385	642	321
-1.5488108	642	321
-1.4982183	642	321
-1.5235613	642	321
-1.4987409	642	321
-1.5490421	642	321
-1.4994935	642	321
-1.5608395	642	321
-1.5234175	642	321
-1.5277555	642	321
-1.5501237	642	321
-1.5583954	642	321
-1.4986238	642	321
-1.5381524	642	321
-1.4992565	642	321
-1.4996622	642	321
-1.5604414	642	321
-1.4995229	642	321
-1.5569814	642	321
-1.4992428	642	321
-1.4991839	642	321
-1.4994736	642	321
-1.4986573	642	321
-1.5192449	642	321
-1.543457	642	321
-1.4993101	642	321
-1.4946966	642	321
-1.498825	642	321
-1.5362982	642	321
-1.4994713	642	321
-1.4996376	642	321
-1.4995549	642	321
-1.5123415	642	321
-1.5503177	642	321
-1.4992997	642	321
-1.5530023	642	321
-1.4983642	642	321
-1.5511041	642	321
-1.5488879	642	321
-1.500145	642	321
-1.4997086	642	321
-1.5530895	642	321
-1.5421845	642	321
-1.5491316	642	321
-1.508274	642	321
-1.5078552	642	321
-1.5365567	642	321
-1.4987589	642	321
-1.4976827	642	321
-1.5478623	642	321
-1.5540358	642	321
-1.542895	642	321
-1.4999751	642	321
-1.4989374	642	321
-1.4993138	642	321
-1.5563235	642	321
-1.4993231	642	321
-1.5520606	642	321
-1.508581	642	321
-1.5001664	642	321
-1.5553783	642	321
-1.5550183	642	321
-1.497381	642	321
-1.5565049	642	321
-1.499272	642	321
-1.5230401	642	321
-1.5587819	642	321
-1.5072021	642	321
-1.5476362	642	321
-1.499392	642	321
-1.5268665	642	321
-1.5172334	642	321
-1.4997712	642	321
-1.5338457	642	321
-1.4993512	642	321
-1.5527112	642	321
-1.5283869	642	321
-1.4993924	642	321
-1.4997344	642	321
-1.4996827	642	321
-1.4990246	642	321
-1.5381775	642	321
-1.499508	642	321
-1.4984478	642	321
-1.5000108	642	321
-1.550953	642	321
-1.5101364	642	321
-1.5368007	642	321
-1.4999646	642	321
-1.4993395	642	321
-1.5169093	642	321
-1.5524224	642	321
-1.5132735	642	321
-1.5568768	642	321
-1.4991884	642	321
-1.5081115	642	321
-1.4994451	642	321
-1.5000653	642	321
-1.499796	642	321
-1.4963841	642	321
-1.5313234	642	321
-1.4992266	642	321
-1.5514277	642	321
-1.507032	642	321
-1.4931784	642	321
-1.5482016	642	321
-1.499043	642	321
-1.4987713	642	321
-1.5460216	642	321
-1.4985681	642	321
-1.513166	642	321
-1.5238928	642	321
-1.5133478	642	321
-1.5423705	642	321
-1.4995059	642	321
-1.4988439	642	321
-1.4993886	642	321
-1.4967063	642	321
-1.5257233	642	321
-1.4997468	642	321
-1.4999194	642	321
-1.499898	642	321
-1.4984007	642	321
-1.5499601	642	321
-1.5601855	642	321
-1.5562597	642	321
-1.5527728	642	321
-1.4993428	642	321
-1.4996092	642	321
-1.4995335	642	321
-1.537999	642	321
-1.5597285	642	321
-1.4986656	642	321
-1.4998639	642	321
-1.499697	642	321
-1.5537212	642	321
-1.5559101	642	321
-1.5352736	642	321
-1.4994997	642	321
-1.5537399	642	321
-1.5288146	642	321
-1.5326577	642	321
-1.5323242	642	321
-1.5495693	642	321
-1.5383244	642	321
-1.5193672	642	321
-1.5340735	642	321
-1.5042758	642	321
-1.4993203	642	321
-1.4975007	642	321
-1.4998322	642	321
-1.5495856	642	321
-1.4996455	642	321
-1.5474927	642	321
-1.5455364	642	321
-1.4991832	642	321
-1.5130731	642	321
-1.5001937	642	321
-1.4999419	642	321
-1.5574182	642	321
-1.4993112	642	321
-1.5122768	642	321
-1.4989452	642	321
-1.4986822	642	321
-1.5436092	642	321
-1.544444	642	321
-1.5334491	642	321
-1.5548451	642	321
-1.4996017	642	321
-1.4990874	642	321
-1.5365456	642	321
-1.5362802	642	321
-1.5000841	642	321
-1.4995395	642	321
-1.499178	642	321
-1.4998695	642	321
-1.5517196	642	321
-1.5315072	642	321
-1.4988697	642	321
-1.4994587	642	321
-1.5587285	642	321
-1.5345383	642	321
-1.5492196	642	321
-1.5000844	642	321
-1.4995531	642	321
-1.4993186	642	321
-1.5265069	642	321
-1.530983	642	321
-1.5579131	642	321
-1.4957125	642	321
-1.4995529	642	321
-1.5536993	642	321
-1.5354007	642	321
-1.4995655	642	321
-1.5559687	642	321
-1.4995771	642	321
-1.4995012	642	321
-1.5007709	642	321
-1.498648	642	321
-1.5176061	642	321
-1.4996325	642	321
-1.4973468	642	321
-1.514712	642	321
-1.4994929	642	321
-1.4985855	642	321
-1.4994249	642	321
-1.5484273	642	321
-1.5380887	642	321
-1.4990534	642	321
-1.5533556	642	321
-1.556736	642	321
-1.5430468	642	321
-1.5596264	642	321
-1.4990111	642	321
-1.498906	642	321
-1.5487732	642	321
-1.4978925	642	321
-1.5274758	642	321
-1.5610177	642	321
-1.5154751	642	321
-1.4995259	642	321
-1.5027157	642	321
-1.4984906	642	321
-1.5617036	642	321
-1.4993493	642	321
-1.4983809	642	321
-1.4994573	642	321
-1.5408377	642	321
-1.5536102	642	321
-1.5046317	642	321
-1.4993206	642	321
-1.5462639	642	321
-1.5455225	642	321
-1.4992555	642	321
-1.5069091	642	321
-1.4993839	642	321
-1.4997219	642	321
-1.5570394	642	321
-1.499508	642	321
-1.5078501	642	321
-1.4995385	642	321
-1.4995829	642	321
-1.4942014	642	321
-1.54612	642	321
-1.5001669	642	321
-1.499392	642	321
-1.498564	642	321
-1.5082613	642	321
-1.5376331	642	321
-1.4996058	642	321
-1.5235108	642	321
-1.5347591	642	321
-1.547419	642	321
-1.4996608	642	321
-1.4991367	642	321
-1.5566883	642	321
-1.5349356	642	321
-1.5499275	642	321
-1.4998059	642	321
-1.5317782	642	321
-1.4981795	642	321
-1.4998868	642	321
-1.4999526	642	321
-1.5608079	642	321
-1.5566791	642	321
-1.4994068	642	321
-1.4997816	642	321
-1.4996548	642	321
-1.4992861	642	321
-1.500117	642	321
-1.4993128	642	321
-1.5000461	642	321
-1.500009	642	321
-1.5400779	642	321
-1.5180943	642	321
-1.4994072	642	321
-1.5000024	642	321
-1.4974505	642	321
-1.4997955	642	321
-1.4996748	642	321
-1.5566005	642	321
-1.4999547	642	321
-1.4995896	642	321
-1.5369666	642	321
-1.4995276	642	321
-1.4976343	642	321
-1.4994606	642	321
-1.5510981	642	321
-1.5067599	642	321
-1.4998589	642	321
-1.4997506	642	321
-1.4993511	642	321
-1.4994333	642	321
-1.5063371	642	321
-1.5294851	642	321
-1.5341761	642	321
-1.5001061	642	321
-1.4994288	642	321
-1.5019405	642	321
-1.4983469	642	321
-1.5189315	642	321
-1.5376785	642	321
-1.5200345	642	321
-1.4987956	642	321
-1.5538875	642	321
-1.5014241	642	321
-1.5488145	642	321
-1.4980081	642	321
-1.5077193	642	321
-1.4962229	642	321
-1.4997851	642	321
-1.4994538	642	321
-1.5473121	642	321
-1.4994595	642	321
-1.5148548	642	321
-1.4997634	642	321
-1.5344858	642	321
-1.4992737	642	321
-1.4994127	642	321
-1.4998123	642	321
-1.5000091	642	321
-1.4997423	642	321
-1.5447119	642	321
-1.5541813	642	321
-1.5337292	642	321
-1.4979656	642	321
-1.498759	642	321
-1.4996348	642	321
-1.5177261	642	321
-1.4990862	642	321
-1.5247736	642	321
-1.560252	642	321
-1.4995152	642	321
-1.5066793	642	321
-1.5564364	642	321
-1.4998691	642	321
-1.4989079	642	321
-1.4958482	642	321
-1.4995197	642	321
-1.5115721	642	321
-1.5576522	642	321
-1.5194383	642	321
-1.5091151	642	321
-1.5523311	642	321
-1.4993006	642	321
-1.5056193	642	321
-1.499032	642	321
-1.5376186	642	321
-1.499795	642	321
-1.5000774	642	321
-1.5476581	642	321
-1.4988646	642	321
-1.4984947	642	321
-1.5583025	642	321
-1.4990497	642	321
-1.5489253	642	321
-1.4995073	642	321
-1.5001572	642	321
-1.5461623	642	321
-1.5563235	642	321
-1.4996072	642	321
-1.5548656	642	321
-1.4992672	642	321
-1.4998657	642	321
-1.499393	642	321
-1.4987205	642	321
-1.5001387	642	321
-1.4993128	642	321
-1.4999202	642	321
-1.5489266	642	321
-1.4970327	642	321
-1.4995803	642	321
-1.4993716	642	321
-1.5295707	642	321
-1.4996622	642	321
-1.5576949	642	321
-1.4993042	642	321
-1.4945871	642	321
-1.4996708	642	321
-1.5239261	642	321
-1.5370367	642	321
-1.4995967	642	321
-1.4993674	642	321
-1.5048437	642	321
-1.4996846	642	321
-1.4998202	642	321
-1.5252515	642	321
-1.531624	642	321
-1.5064031	642	321
-1.4999022	642	321
-1.5421884	642	321
-1.4970229	642	321
-1.5313237	642	321
-1.4998217	642	321
-1.4994411	642	321
-1.5193303	642	321
-1.4995522	642	321
-1.5567433	642	321
-1.5484309	642	321
-1.5602068	642	321
-1.5301957	642	321
-1.4996196	642	321
-1.5574129	642	321
-1.5542344	642	321
-1.4995333	642	321
-1.5578492	642	321
-1.5358248	642	321
-1.4991787	642	321
-1.5403862	642	321
-1.5404302	642	321
-1.4995262	642	321
-1.4988059	642	321
-1.4998837	642	321
-1.5409873	642	321
-1.4996344	642	321
-1.4999862	642	321
-1.5568814	642	321
-1.4996793	642	321
-1.4999183	642	321
-1.5296901	642	321
-1.4999922	642	321
-1.5189607	642	321
-1.559708	642	321
-1.4989993	642	321
-1.4995834	642	321
-1.4996448	642	321
-1.4993506	642	321
-1.5323563	642	321
-1.4998652	642	321
-1.5417977	642	321
-1.5443872	642	321
-1.5405264	642	321
-1.5471911	642	321
-1.5030512	642	321
-1.4997705	642	321
-1.4986913	642	321
-1.4994854	642	321
-1.5141314	642	321
-1.4994588	642	321
-1.4987277	642	321
-1.5004903	642	321
-1.4998893	642	321
-1.499796	642	321
-1.4998748	642	321
-1.4988129	642	321
-1.5503502	642	321
-1.4982096	642	321
-1.5121847	642	321
-1.499305	642	321
-1.5000517	642	321
-1.5575221	642	321
-1.5376068	642	321
-1.54102	642	321
-1.4999699	642	321
-1.4996103	642	321
-1.4995169	642	321
-1.5528932	642	321
-1.4995447	642	321
-1.4997366	642	321
-1.4996608	642	321
-1.4998218	642	321
-1.5308676	642	321
-1.4993399	642	321
-1.4980277	642	321
-1.5611565	642	321
-1.5185855	642	321
-1.5330775	642	321
-1.553219	642	321
-1.546071	642	321
-1.5447643	642	321
-1.4999738	642	321
-1.5254266	642	321
-1.5305371	642	321
-1.4995215	642	321
-1.5580421	642	321
-1.4989874	642	321
-1.551472	642	321
-1.4980725	642	321
-1.5575636	642	321
-1.5602265	642	321
-1.4997426	642	321
-1.4996066	642	321
-1.5585428	642	321
-1.4993334	642	321
-1.499785	642	321
-1.5598093	642	321
-1.4995404	642	321
-1.5505748	642	321
-1.5439991	642	321
-1.5499424	642	321
-1.5577708	642	321
-1.5211359	642	321
-1.4997982	642	321
-1.550339	642	321
-1.5000684	642	321
-1.4994773	642	321
-1.5329939	642	321
-1.5252949	642	321
-1.5000287	642	321
-1.5499131	642	321
-1.4999476	642	321
-1.499197	642	321
-1.4993506	642	321
-1.5043722	642	321
-1.4997472	642	321
-1.5036023	642	321
-1.5609549	642	321
-1.554515	642	321
-1.5546749	642	321
-1.499165	642	321
-1.5608351	642	321
-1.500033	642	321
-1.549463	642	321
-1.4991719	642	321
-1.5487533	642	321
-1.4999492	642	321
-1.4995299	642	321
-1.4996429	642	321
-1.4996831	642	321
-1.550457	642	321
-1.4992956	642	321
-1.4956672	642	321
-1.4999563	642	321
-1.4989584	642	321
-1.4980094	642	321
-1.5555282	642	321
-1.4997769	642	321
-1.5436235	642	321
-1.532369	642	321
-1.5465335	642	321
-1.5111066	642	321
-1.5016637	642	321
-1.5476789	642	321
-1.4986427	642	321
-1.4994263	642	321
-1.513434	642	321
-1.5138281	642	321
-1.4994193	642	321
-1.5205574	642	321
-1.499005	642	321
-1.4994592	642	321
-1.5594608	642	321
-1.4996333	642	321
-1.5472019	642	321
-1.5001931	642	321
-1.4994783	642	321
-1.4997086	642	321
-1.5000149	642	321
-1.5365668	642	321
-1.5237994	642	321
-1.5580025	642	321
-1.4988969	642	321
-1.5264512	642	321
-1.497066	642	321
-1.5002631	642	321
-1.5248157	642	321
-1.4982962	642	321
-1.4985826	642	321
-1.5526968	642	321
-1.5495874	642	321
-1.499248	642	321
-1.4990913	642	321
-1.5292035	642	321
-1.4993689	642	321
-1.4999553	642	321
-1.4996684	642	321
-1.5103085	642	321
-1.4990811	642	321
-1.5012644	642	321
-1.4992167	642	321
-1.5446047	642	321
-1.5591498	642	321
-1.4999184	642	321
-1.497573	642	321
-1.4986123	642	321
-1.5588449	642	321
-1.5191515	642	321
-1.5574109	642	321
-1.4998136	642	321
-1.4989998	642	321
-1.5406855	642	321
-1.5523264	642	321
-1.4998912	642	321
-1.5584872	642	321
-1.4983844	642	321
-1.5500108	642	321
-1.5433356	642	321
-1.4992914	642	321
-1.4995713	642	321
-1.5000063	642	321
-1.4983355	642	321
-1.4997928	642	321
-1.4991151	642	321
-1.5611176	642	321
-1.4996167	642	321
-1.4994921	642	321
-1.499306	642	321
-1.5556802	642	321
-1.5609296	642	321
-1.5339381	642	321
-1.4991586	642	321
-1.4995512	642	321
-1.5017465	642	321
-1.5371365	642	321
-1.5290941	642	321
-1.498818	642	321
-1.5000697	642	321
-1.4980085	642	321
-1.5440104	642	321
-1.5578178	642	321
-1.4973274	642	321
-1.5000038	642	321
-1.4991448	642	321
-1.4996422	642	321
-1.4996441	642	321
-1.4991595	642	321
-1.5167197	642	321
-1.4992974	642	321
-1.4996782	642	321
-1.4996357	642	321
-1.4996769	642	321
-1.5595826	642	321
-1.5121137	642	321
-1.5600439	642	321
-1.5027672	642	321
-1.5512303	642	321
-1.49965	642	321
-1.5109613	642	321
-1.4995108	642	321
-1.4991488	642	321
-1.4996253	642	321
-1.5179659	642	321
-1.4998199	642	321
-1.4996699	642	321
-1.5368164	642	321
-1.5510664	642	321
-1.5151485	642	321
-1.5527206	642	321
-1.4990816	642	321
-1.5343986	642	321
-1.4998477	642	321
-1.4991201	642	321
-1.5605591	642	321
-1.4944754	642	321
-1.499454	642	321
-1.4999651	642	321
-1.4995432	642	321
-1.50786	642	321
-1.4991819	642	321
-1.5198338	642	321
-1.4991174	642	321
-1.5605319	642	321
-1.5283113	642	321
-1.4988348	642	321
-1.5486546	642	321
-1.4995569	642	321
-1.4995406	642	321
-1.5206861	642	321
-1.4996938	642	321
-1.4993338	642	321
-1.4997088	642	321
-1.4997557	642	321
-1.4989788	642	321
-1.5526982	642	321
-1.4997303	642	321
-1.5565835	642	321
-1.5397668	642	321
-1.4992371	642	321
-1.5141868	642	321
-1.5236923	642	321
-1.5553536	642	321
-1.5001912	642	321
-1.5474579	642	321
-1.5525871	642	321
-1.5397341	642	321
-1.5244804	642	321
-1.4997002	642	321
-1.4997808	642	321
-1.5427399	642	321
-1.4995836	642	321
-1.4990588	642	321
-1.5496185	642	321
-1.4995157	642	321
-1.5173731	642	321
-1.499673	642	321
-1.4972523	642	321
-1.5227408	642	321
-1.5167555	642	321
-1.5001112	642	321
-1.546793	642	321
-1.5455774	642	321
-1.4993938	642	321
-1.5466082	642	321
-1.4995999	642	321
-1.5078366	642	321
-1.4989782	642	321
-1.5396851	642	321
-1.4994582	642	321
-1.5592501	642	321
-1.5048167	642	321
-1.5120982	642	321
-1.5347882	642	321
-1.5434366	642	321
-1.5605696	642	321
-1.4963389	642	321
-1.5314048	642	321
-1.5507266	642	321
-1.5071212	642	321
-1.534617	642	321
-1.4993122	642	321
-1.4994089	642	321
-1.4997105	642	321
-1.5604207	642	321
-1.499156	642	321
-1.4998485	642	321
-1.5478784	642	321
-1.4999993	642	321
-1.4994462	642	321
-1.5226557	642	321
-1.4995538	642	321
-1.4993058	642	321
-1.5284577	642	321
-1.5537072	642	321
-1.4994609	642	321
-1.5522744	642	321
-1.5013686	642	321
-1.5270073	642	321
-1.4989084	642	321
-1.4997583	642	321
-1.5509666	642	321
-1.4989082	642	321
-1.4998679	642	321
-1.5564609	642	321
-1.5551802	642	321
-1.5438052	642	321
-1.5120275	642	321
-1.4979066	642	321
-1.5231096	642	321
-1.4995357	642	321
-1.5555485	642	321
-1.4997766	642	321
-1.4997354	642	321
-1.4991068	642	321
-1.4993216	642	321
-1.4969015	642	321
-1.5483952	642	321
-1.5121783	642	321
-1.4986097	642	321
-1.4991596	642	321
-1.4987913	642	321
-1.5007775	642	321
-1.4992841	642	321
-1.5143593	642	321
-1.5132902	642	321
-1.5536615	642	321
-1.5097378	642	321
-1.4996094	642	321
-1.4988447	642	321
-1.5013777	642	321
-1.4984149	642	321
-1.4984188	642	321
-1.4956409	642	321
-1.4997557	642	321
-1.559928	642	321
-1.5594531	642	321
-1.5482491	642	321
-1.4995591	642	321
-1.5508809	642	321
-1.5264885	642	321
-1.5552167	642	321
-1.5156112	642	321
-1.5420716	642	321
-1.5598998	642	321
-1.499768	642	321
-1.5092142	642	321
-1.5489194	642	321
-1.4992316	642	321
-1.5207151	642	321
-1.4978289	642	321
-1.5529091	642	321
-1.4986765	642	321
-1.4998826	642	321
-1.4981709	642	321
-1.5603733	642	321
-1.4994462	642	321
-1.5576753	642	321
-1.5400153	642	321
-1.4999356	642	321
-1.5462212	642	321
-1.4994104	642	321
-1.556713	642	321
-1.5387263	642	321
-1.5023689	642	321
-1.5376734	642	321
-1.500012	642	321
-1.5246651	642	321
-1.5336836	642	321
-1.499564	642	321
-1.5235637	642	321
-1.4998181	642	321
-1.5057576	642	321
-1.4996087	642	321
-1.499282	642	321
-1.4988455	642	321
-1.4995416	642	321
-1.5386116	642	321
-1.5584036	642	321
-1.4972609	642	321
-1.5326162	642	321
-1.5307949	642	321
-1.5608225	642	321
-1.5159741	642	321
-1.4955282	642	321
-1.4999383	642	321
-1.5261353	642	321
-1.4992687	642	321
-1.5607477	642	321
-1.499812	642	321
-1.5504547	642	321
-1.4971898	642	321
-1.5424038	642	321
-1.4986555	642	321
-1.499281	642	321
-1.4992795	642	321
-1.5516634	642	321
-1.495676	642	321
-1.4997925	642	321
-1.4952561	642	321
-1.5341135	642	321
-1.552567	642	321
-1.5533686	642	321
-1.4998612	642	321
-1.5001939	642	321
-1.5518769	642	321
-1.4992479	642	321
-1.4991957	642	321
-1.5341544	642	321
-1.5254078	642	321
-1.5086422	642	321
-1.4991953	642	321
-1.4988839	642	321
-1.4989337	642	321
-1.4969825	642	321
-1.4995974	642	321
-1.5549493	642	321
-1.5111075	642	321
-1.5583906	642	321
-1.4989019	642	321
-1.5160293	642	321
-1.4996338	642	321
-1.4996427	642	321
-1.5108539	642	321
-1.5468449	642	321
-1.4996925	642	321
-1.5273639	642	321
-1.5355009	642	321
-1.5021195	642	321
-1.4988499	642	321
-1.525672	642	321
-1.5578152	642	321
-1.5605869	642	321
-1.5441966	642	321
-1.4966415	642	321
-1.5322841	642	321
-1.5251644	642	321
-1.4999093	642	321
-1.5603169	642	321
-1.5596375	642	321
-1.5458575	642	321
-1.4996253	642	321
-1.4999889	642	321
-1.5362353	642	321
-1.5471074	642	321
-1.543562	642	321
-1.5293497	642	321
-1.4990585	642	321
-1.5492379	642	321
-1.5560312	642	321
-1.5413882	642	321
-1.4993211	642	321
-1.499523	642	321
-1.4994677	642	321
-1.5248039	642	321
-1.4996116	642	321
-1.5549621	642	321
-1.5217941	642	321
-1.5351473	642	321
-1.5028	642	321
-1.4993213	642	321
-1.5439634	642	321
-1.5532468	642	321
-1.5449575	642	321
-1.5223122	642	321
-1.559471	642	321
-1.5197277	642	321
-1.4998717	642	321
-1.5331564	642	321
-1.4996268	642	321
-1.4996965	642	321
-1.49942	642	321
-1.5185805	642	321
-1.49984	642	321
-1.4945509	642	321
-1.499631	642	321
-1.5237548	642	321
-1.4905613	642	321
-1.4996899	642	321
-1.4997994	642	321
-1.5000247	642	321
-1.5554104	642	321
-1.5119848	642	321
-1.4991515	642	321
-1.4989326	642	321
-1.4996952	642	321
-1.5347116	642	321
-1.5045392	642	321
-1.541794	642	321
-1.5370458	642	321
-1.5608416	642	321
-1.4992067	642	321
-1.4994332	642	321
-1.4997794	642	321
-1.4996074	642	321
-1.5017208	642	321
-1.539865	642	321
-1.5366666	642	321
-1.5000158	642	321
-1.5254861	642	321
-1.5530451	642	321
-1.4989811	642	321
-1.5063442	642	321
-1.4983391	642	321
-1.5000135	642	321
-1.5322148	642	321
-1.5504686	642	321
-1.535635	642	321
-1.5361332	642	321
-1.5503948	642	321
-1.5515801	642	321
-1.5133704	642	321
-1.516614	642	321
-1.499129	642	321
-1.5502958	642	321
-1.5022593	642	321
-1.5554897	642	321
-1.4992395	642	321
-1.4993064	642	321
-1.4997608	642	321
-1.5278091	642	321
-1.5574014	642	321
-1.5500766	642	321
-1.499266	642	321
-1.4996751	642	321
-1.5590336	642	321
-1.4988627	642	321
-1.4968801	642	321
-1.5551404	642	321
-1.4989282	642	321
-1.4998688	642	321
-1.5277611	642	321
-1.4981429	642	321
-1.5422838	642	321
-1.5461403	642	321
-1.4985238	642	321
-1.4992867	642	321
-1.4997155	642	321
-1.4957071	642	321
-1.4994896	642	321
-1.4996262	642	321
-1.5335731	642	321
-1.4990854	642	321
-1.5361883	642	321
-1.5082925	642	321
-1.5339218	642	321
-1.5051184	642	321
-1.5466055	642	321
-1.4999184	642	321
-1.5140475	642	321
-1.4994095	642	321
-1.5578729	642	321
-1.4996754	642	321
-1.5488377	642	321
-1.5074371	642	321
-1.5501229	642	321
-1.4950795	642	321
-1.4989316	642	321
-1.5210435	642	321
-1.5558705	642	321
-1.5000439	642	321
-1.4993025	642	321
-1.5157385	642	321
-1.498201	642	321
-1.4996818	642	321
-1.4992255	642	321
-1.4994812	642	321
-1.5001345	642	321
-1.5438645	642	321
-1.4990802	642	321
-1.5346329	642	321
-1.5517325	642	321
-1.5541394	642	321
-1.4969964	642	321
-1.5029163	642	321
-1.5560424	642	321
-1.4998089	642	321
-1.5180382	642	321
-1.4991382	642	321
-1.5345272	642	321
-1.5507119	642	321
-1.49998	642	321
-1.4993623	642	321
-1.4987306	642	321
-1.4995481	642	321
-1.5513691	642	321
-1.4994858	642	321
-1.4991598	642	321
-1.5000932	642	321
-1.5505314	642	321
-1.5001912	642	321
-1.4992317	642	321
-1.5370776	642	321
-1.4977704	642	321
-1.5537684	642	321
-1.4948253	642	321
-1.5090775	642	321
-1.4989369	642	321
-1.5410927	642	321
-1.4992516	642	321
-1.4996006	642	321
-1.498215	642	321
-1.4992052	642	321
-1.5550416	642	321
-1.4983356	642	321
-1.4997232	642	321
-1.5244573	642	321
-1.5210627	642	321
-1.5465633	642	321
-1.520527	642	321
-1.5508166	642	321
-1.4992629	642	321
-1.5249592	642	321
-1.4996456	642	321
-1.4998542	642	321
-1.5005002	642	321
-1.497342	642	321
-1.4996898	642	321
-1.5205411	642	321
-1.5544661	642	321
-1.5561161	642	321
-1.5150959	642	321
-1.5597024	642	321
-1.5589468	642	321
-1.5130897	642	321
-1.4993125	642	321
-1.5509543	642	321
-1.4996247	642	321
-1.5458817	642	321
-1.5492085	642	321
-1.4983885	642	321
-1.5476666	642	321
-1.508776	642	321
-1.5471863	642	321
-1.540533	642	321
-1.4998174	642	321
-1.5050606	642	321
-1.4989877	642	321
-1.4990794	642	321
-1.5232524	642	321
-1.5586225	642	321
-1.5094358	642	321
-1.4992895	642	321
-1.4973344	642	321
-1.5566654	642	321
-1.5000799	642	321
-1.5401945	642	321
-1.5597966	642	321
-1.499995	642	321
-1.5555773	642	321
-1.4998481	642	321
-1.5311302	642	321
-1.5419085	642	321
-1.5262334	642	321
-1.5559818	642	321
-1.5548273	642	321
-1.5463226	642	321
-1.4994982	642	321
-1.4994379	642	321
-1.5560691	642	321
-1.5211636	642	321
-1.5156333	642	321
-1.5568764	642	321
-1.5406922	642	321
-1.4996307	642	321
-1.4962015	642	321
-1.4993067	642	321
-1.5205863	642	321
-1.540957	642	321
-1.4991982	642	321
-1.4996853	642	321
-1.5530799	642	321
-1.4992916	642	321
-1.5556391	642	321
-1.5067941	642	321
-1.4987519	642	321
-1.5548526	642	321
-1.4999617	642	321
-1.4997136	642	321
-1.4996957	642	321
-1.5420346	642	321
-1.498992	642	321
-1.4976564	642	321
-1.5001507	642	321
-1.4976132	642	321
-1.5486033	642	321
-1.4988443	642	321
-1.5493852	642	321
-1.548566	642	321
-1.5473612	642	321
-1.524325	642	321
-1.5506667	642	321
-1.5193091	642	321
-1.4996259	642	321
-1.4989226	642	321
-1.4988362	642	321
-1.4998274	642	321
-1.4986	642	321
-1.4976391	642	321
-1.5299639	642	321
-1.5606525	642	321
-1.4997469	642	321
-1.4993773	642	321
-1.499426	642	321
-1.4991569	642	321
-1.5333643	642	321
-1.5152093	642	321
-1.4999726	642	321
-1.5597182	642	321
-1.4983741	642	321
-1.5038287	642	321
-1.524445	642	321
-1.5342248	642	321
-1.5243977	642	321
-1.551596	642	321
-1.5335865	642	321
-1.5605712	642	321
-1.5517378	642	321
-1.5512428	642	321
-1.4996694	642	321
-1.5004236	642	321
-1.5292523	642	321
-1.5460666	642	321
-1.4981565	642	321
-1.4994943	642	321
-1.5024669	642	321
-1.499565	642	321
-1.4998241	642	321
-1.5311342	642	321
-1.4992114	642	321
-1.4995829	642	321
-1.5330126	642	321
-1.5445093	642	321
-1.4975418	642	321
-1.5338127	642	321
-1.5000181	642	321
-1.5479704	642	321
-1.4994008	642	321
-1.5013689	642	321
-1.5367365	642	321
-1.4989183	642	321
-1.4997642	642	321
-1.4996693	642	321
-1.499373	642	321
-1.4993034	642	321
-1.4973967	642	321
-1.4993969	642	321
-1.5268517	642	321
-1.498688	642	321
-1.5056319	642	321
-1.4998912	642	321
-1.4992394	642	321
-1.4981419	642	321
-1.5538823	642	321
-1.4990306	642	321
-1.5009485	642	321
-1.499478	642	321
-1.5377459	642	321
-1.5365213	642	321
-1.4992329	642	321
-1.5146125	642	321
-1.4989862	642	321
-1.5574152	642	321
-1.5261325	642	321
-1.5613256	642	321
-1.4985891	642	321
-1.499456	642	321
-1.530281	642	321
-1.4988645	642	321
-1.519794	642	321
-1.5001259	642	321
-1.4991037	642	321
-1.4994995	642	321
-1.4999047	642	321
-1.5399323	642	321
-1.5532352	642	321
-1.5021228	642	321
-1.5450079	642	321
-1.523949	642	321
-1.5003061	642	321
-1.499492	642	321
-1.4973774	642	321
-1.4959668	642	321
-1.549334	642	321
-1.4990567	642	321
-1.4994535	642	321
-1.496794	642	321
-1.4985967	642	321
-1.4992758	642	321
-1.5184652	642	321
-1.4996879	642	321
-1.4992377	642	321
-1.4970829	642	321
-1.4983745	642	321
-1.5202442	642	321
-1.524502	642	321
-1.5512459	642	321
-1.5562168	642	321
-1.5560341	642	321
-1.5010421	642	321
-1.54392	642	321
-1.4997379	642	321
-1.5577573	642	321
-1.4998492	642	321
-1.4993006	642	321
-1.4992606	642	321
-1.4999566	642	321
-1.5478092	642	321
-1.5414879	642	321
-1.4999139	642	321
-1.4990322	642	321
-1.4998577	642	321
-1.5125747	642	321
-1.5606909	642	321
-1.5192031	642	321
-1.4994368	642	321
-1.4991127	642	321
-1.4988552	642	321
-1.5123798	642	321
-1.4995193	642	321
-1.4953211	642	321
-1.5359824	642	321
-1.4982228	642	321
-1.5399717	642	321
-1.499053	642	321
-1.5055707	642	321
-1.5534997	642	321
-1.4990974	642	321
-1.5220297	642	321
-1.4980564	642	321
-1.4999603	642	321
-1.5347529	642	321
-1.5453442	642	321
-1.5467276	642	321
-1.499505	642	321
-1.4995387	642	321
-1.4996043	642	321
-1.4990295	642	321
-1.4988723	642	321
-1.498625	642	321
-1.4996646	642	321
-1.4997515	642	321
-1.4997069	642	321
-1.4994497	642	321
-1.5538673	642	321
-1.4992806	642	321
-1.4988223	642	321
-1.4989698	642	321
-1.5423267	642	321
-1.4996618	642	321
-1.5261905	642	321
-1.4987022	642	321
-1.5278502	642	321
-1.5477103	642	321
-1.5038225	642	321
-1.5277215	642	321
-1.4994797	642	321
-1.554197	642	321
-1.5584662	642	321
-1.5310352	642	321
-1.5327892	642	321
-1.4995631	642	321
-1.4991753	642	321
-1.4999378	642	321
-1.4986342	642	321
-1.5002392	642	321
-1.4993802	642	321
-1.4989623	642	321
-1.4988851	642	321
-1.4996459	642	321
-1.5545491	642	321
-1.5200941	642	321
-1.4994425	642	321
-1.5027879	642	321
-1.4989091	642	321
-1.4989242	642	321
-1.4992917	642	321
-1.5249852	642	321
-1.53229	642	321
-1.5177776	642	321
-1.4924086	642	321
-1.4995864	642	321
-1.5140785	642	321
-1.4993466	642	321
-1.5256233	642	321
-1.499498	642	321
-1.5538485	642	321
-1.5029091	642	321
-1.4998205	642	321
-1.499547	642	321
-1.5308267	642	321
-1.4997805	642	321
-1.5318856	642	321
-1.5435601	642	321
-1.4996669	642	321
-1.5107238	642	321
-1.5558507	642	321
-1.4989935	642	321
-1.5017649	642	321
-1.5221155	642	321
-1.5338599	642	321
-1.5164796	642	321
-1.5561399	642	321
-1.5305387	642	321
-1.5084914	642	321
-1.4996574	642	321
-1.5034695	642	321
-1.5113542	642	321
-1.5058922	642	321
-1.5004543	642	321
-1.5515256	642	321
-1.54845	642	321
-1.4994405	642	321
-1.5471987	642	321
-1.5600307	642	321
-1.5318256	642	321
-1.4990263	642	321
-1.4994508	642	321
-1.4962066	642	321
-1.5299242	642	321
-1.4993199	642	321
-1.5297294	642	321
-1.4995681	642	321
-1.4959396	642	321
-1.5191339	642	321
-1.536429	642	321
-1.5610383	642	321
-1.5577887	642	321
-1.5480543	642	321
-1.4999619	642	321
-1.5593183	642	321
-1.5381296	642	321
-1.5601197	642	321
-1.5570034	642	321
-1.5202003	642	321
-1.5453673	642	321
-1.502756	642	321
-1.5095891	642	321
-1.4993419	642	321
-1.4997779	642	321
-1.5486745	642	321
-1.5231567	642	321
-1.5506973	642	321
-1.4998594	642	321
-1.4997491	642	321
-1.5071197	642	321
-1.522497	642	321
-1.5210741	642	321
-1.4998098	642	321
-1.5384658	642	321
-1.4998404	642	321
-1.4991917	642	321
-1.5367534	642	321
-1.5503152	642	321
-1.518102	642	321
-1.4999215	642	321
-1.5148848	642	321
-1.559024	642	321
-1.4994738	642	321
-1.4993348	642	321
-1.5001268	642	321
-1.4995107	642	321
-1.4999804	642	321
-1.523516	642	321
-1.4996886	642	321
-1.4995972	642	321
-1.5576539	642	321
-1.4993128	642	321
-1.5030073	642	321
-1.4992874	642	321
-1.4995289	642	321
-1.498778	642	321
-1.4996294	642	321
-1.49847	642	321
-1.518026	642	321
-1.497897	642	321
-1.499721	642	321
-1.4995549	642	321
-1.5119908	642	321
-1.5420588	642	321
-1.527479	642	321
-1.49966	642	321
-1.5562579	642	321
-1.5026913	642	321
-1.4990591	642	321
-1.5560293	642	321
-1.5000771	642	321
-1.4991477	642	321
-1.5461905	642	321
-1.5458303	642	321
-1.557837	642	321
-1.499342	642	321
-1.5013527	642	321
-1.5506626	642	321
-1.4983748	642	321
-1.5569928	642	321
-1.5172335	642	321
-1.5452124	642	321
-1.49994	642	321
-1.5171658	642	321
-1.5495901	642	321
-1.5457407	642	321
-1.5610367	642	321
-1.5039808	642	321
-1.5162442	642	321
-1.4994269	642	321
-1.5177969	642	321
-1.4976792	642	321
-1.5452556	642	321
-1.5607064	642	321
-1.4986671	642	321
-1.5349239	642	321
-1.5426309	642	321
-1.5280635	642	321
-1.546607	642	321
-1.5458401	642	321
-1.4994174	642	321
-1.5564208	642	321
-1.4994962	642	321
-1.4980756	642	321
-1.4998612	642	321
-1.5324688	642	321
-1.4995339	642	321
-1.4998081	642	321
-1.4998305	642	321
-1.4991669	642	321
-1.4991516	642	321
-1.5534626	642	321
-1.499834	642	321
-1.4997669	642	321
-1.4989349	642	321
-1.4977352	642	321
-1.5112652	642	321
-1.5006056	642	321
-1.5284291	642	321
-1.5000394	642	321
-1.4994789	642	321
-1.5544002	642	321
-1.4994199	642	321
-1.4986543	642	321
-1.539528	642	321
-1.5039523	642	321
-1.5262699	642	321
-1.5605766	642	321
-1.5421913	642	321
-1.4994857	642	321
-1.5033434	642	321
-1.5408214	642	321
-1.5602684	642	321
-1.5335475	642	321
-1.5339835	642	321
-1.4987881	642	321
-1.5338069	642	321
-1.4998447	642	321
-1.5285254	642	321
-1.553365	642	321
-1.5327545	642	321
-1.5314514	642	321
-1.5340834	642	321
-1.4992575	642	321
-1.5461974	642	321
-1.499332	642	321
-1.4998081	642	321
-1.5091499	642	321
-1.499002	642	321
-1.4993698	642	321
-1.5261997	642	321
-1.5543408	642	321
-1.5347993	642	321
-1.5213318	642	321
-1.4990019	642	321
-1.4993606	642	321
-1.5097335	642	321
-1.5574797	642	321
-1.5257367	642	321
-1.5108235	642	321
-1.4999033	642	321
-1.5611678	642	321
-1.4989404	642	321
-1.4990196	642	321
-1.5561042	642	321
-1.499283	642	321
-1.4986391	642	321
-1.5289837	642	321
-1.4993902	642	321
-1.4995669	642	321
-1.4991282	642	321
-1.4994552	642	321
-1.4997706	642	321
-1.50137	642	321
-1.4996818	642	321
-1.5000774	642	321
-1.4990468	642	321
-1.4978299	642	321
-1.4986669	642	321
-1.499538	642	321
-1.4981126	642	321
-1.4982247	642	321
-1.556555	642	321
-1.5396744	642	321
-1.4985422	642	321
-1.4997829	642	321
-1.5040656	642	321
-1.5000578	642	321
-1.5209736	642	321
-1.4992972	642	321
-1.5068687	642	321
-1.4989622	642	321
-1.4986665	642	321
-1.4994227	642	321
-1.5356032	642	321
-1.5096503	642	321
-1.4994418	642	321
-1.5012216	642	321
-1.549506	642	321
-1.4999453	642	321
-1.545565	642	321
-1.4993216	642	321
-1.4983942	642	321
-1.5375422	642	321
-1.4999017	642	321
-1.500823	642	321
-1.5585376	642	321
-1.4989227	642	321
-1.5330109	642	321
-1.5517087	642	321
-1.502331	642	321
-1.543914	642	321
-1.5552566	642	321
-1.4989933	642	321
-1.5424947	642	321
-1.4996111	642	321
-1.4964106	642	321
-1.5346342	642	321
-1.4990494	642	321
-1.4998352	642	321
-1.4984425	642	321
-1.5321286	642	321
-1.4989733	642	321
-1.4988284	642	321
-1.4996467	642	321
-1.5493615	642	321
-1.5001614	642	321
-1.5156666	642	321
-1.5133885	642	321
-1.5410643	642	321
-1.500811	642	321
-1.5423998	642	321
-1.4999302	642	321
-1.4997893	642	321
-1.4993469	642	321
-1.5006211	642	321
-1.5534553	642	321
-1.5576639	642	321
-1.5000464	642	321
-1.5006243	642	321
-1.4992952	642	321
-1.4993969	642	321
-1.5528816	642	321
-1.4996221	642	321
-1.4999721	642	321
-1.5000652	642	321
-1.499929	642	321
-1.5534651	642	321
-1.5248025	642	321
-1.4997891	642	321
-1.4978699	642	321
-1.4996221	642	321
-1.4988758	642	321
-1.5092205	642	321
-1.4995761	642	321
-1.4992492	642	321
-1.4977402	642	321
-1.5000959	642	321
-1.4998361	642	321
-1.4992309	642	321
-1.4991516	642	321
-1.4997005	642	321
-1.4975767	642	321
-1.5524094	642	321
-1.4994338	642	321
-1.4992325	642	321
-1.5046146	642	321
-1.4971008	642	321
-1.5603951	642	321
-1.4999257	642	321
-1.499483	642	321
-1.499394	642	321
-1.4992968	642	321
-1.5581433	642	321
-1.4995688	642	321
-1.4991396	642	321
-1.5514067	642	321
-1.5188525	642	321
-1.499228	642	321
-1.4998581	642	321
-1.4997003	642	321
-1.5137584	642	321
-1.4995777	642	321
-1.4985898	642	321
-1.4998888	642	321
-1.4960992	642	321
-1.5492996	642	321
-1.5443153	642	321
-1.4979836	642	321
-1.548615	642	321
-1.4996287	642	321
-1.5346172	642	321
-1.5176804	642	321
-1.498813	642	321
-1.543848	642	321
-1.4993354	642	321
-1.5513629	642	321
-1.4990352	642	321
-1.5376824	642	321
-1.5305311	642	321
-1.5520868	642	321
-1.4994462	642	321
-1.5437984	642	321
-1.4995742	642	321
-1.5587787	642	321
-1.559362	642	321
-1.5237114	642	321
-1.558162	642	321
-1.4969421	642	321
-1.5069374	642	321
-1.5000713	642	321
-1.5215114	642	321
-1.5070569	642	321
-1.5007014	642	321
-1.4999911	642	321
-1.5461897	642	321
-1.5503454	642	321
-1.5349456	642	321
-1.499457	642	321
-1.4995657	642	321
-1.4996484	642	321
-1.5581789	642	321
-1.527277	642	321
-1.551036	642	321
-1.5577892	642	321
-1.4986202	642	321
-1.4986637	642	321
-1.4993531	642	321
-1.4991149	642	321
-1.5074229	642	321
-1.5097662	642	321
-1.5000076	642	321
-1.556912	642	321
-1.4999559	642	321
-1.5033272	642	321
-1.4978566	642	321
-1.4992296	642	321
-1.4992564	642	321
-1.4994884	642	321
-1.5445634	642	321
-1.513804	642	321
-1.4971899	642	321
-1.5156902	642	321
-1.4990983	642	321
-1.496928	642	321
-1.4996301	642	321
-1.4995661	642	321
-1.5386193	642	321
-1.4992133	642	321
-1.5562183	642	321
-1.5299498	642	321
-1.4948086	642	321
-1.5124786	642	321
-1.4998938	642	321
-1.4993648	642	321
-1.5001366	642	321
-1.4996896	642	321
-1.4999933	642	321
-1.4991525	642	321
-1.4998041	642	321
-1.5308821	642	321
-1.4985302	642	321
-1.5527109	642	321
-1.5525242	642	321
-1.5326644	642	321
-1.5612877	642	321
-1.4987999	642	321
-1.5000417	642	321
-1.4964406	642	321
-1.5394132	642	321
-1.5478841	642	321
-1.5207222	642	321
-1.5000285	642	321
-1.4997323	642	321
-1.4995691	642	321
-1.5296342	642	321
-1.5329111	642	321
-1.5174306	642	321
-1.5341122	642	321
-1.5219848	642	321
-1.4995632	642	321
-1.4997784	642	321
-1.5447325	642	321
-1.5597655	642	321
-1.4990431	642	321
-1.4979786	642	321
-1.4963395	642	321
-1.5318671	642	321
-1.5450606	642	321
-1.499528	642	321
-1.5446471	642	321
-1.5135856	642	321
-1.5360335	642	321
-1.4991537	642	321
-1.5527516	642	321
-1.4990119	642	321
-1.4990342	642	321
-1.4998983	642	321
-1.4994733	642	321
-1.5020181	642	321
-1.4993996	642	321
-1.5021857	642	321
-1.4994135	642	321
-1.4988845	642	321
-1.4989105	642	321
-1.545704	642	321
-1.4994098	642	321
-1.5578534	642	321
-1.4997051	642	321
-1.5467373	642	321
-1.499541	642	321
-1.4999849	642	321
-1.558189	642	321
-1.5475614	642	321
-1.499696	642	321
-1.4998619	642	321
-1.5455269	642	321
-1.5583476	642	321
-1.4999977	642	321
-1.5003208	642	321
-1.4989202	642	321
-1.5146681	642	321
-1.5275434	642	321
-1.5325736	642	321
-1.5475827	642	321
-1.4999324	642	321
-1.4992752	642	321
-1.5315557	642	321
-1.4994208	642	321
-1.5599712	642	321
-1.5606215	642	321
-1.4990075	642	321
-1.4994951	642	321
-1.499857	642	321
-1.4995469	642	321
-1.4995343	642	321
-1.4992809	642	321
-1.4982409	642	321
-1.4993231	642	321
-1.4999217	642	321
-1.4995904	642	321
-1.4994171	642	321
-1.4987892	642	321
-1.4993522	642	321
-1.5001738	642	321
-1.5388973	642	321
-1.4993706	642	321
-1.5435884	642	321
-1.5112397	642	321
-1.4997754	642	321
-1.5116988	642	321
