-1.560249	318	82
-1.499716	242	70
-1.499374	225	61
-1.499989	269	72
-1.500049	314	85
-1.500778	285	82
-1.561839	356	96
-1.561	294	84
-1.561909	260	74
-1.500522	283	75
-1.56166	316	79
-1.500444	178	49
-1.561341	389	100
-1.499593	280	73
-1.500029	301	84
-1.562203	342	91
-1.499225	240	71
-1.499611	353	96
-1.560463	372	94
-1.561462	262	79
-1.50043	268	75
-1.499896	296	75
-1.499882	240	67
-1.500143	210	58
-1.499903	279	69
-1.500598	203	70
-1.500369	238	73
-1.498958	268	75
-1.499752	304	80
-1.561525	331	92
-1.499725	227	68
-1.561792	299	88
-1.500599	262	80
-1.500085	252	73
-1.560748	288	82
-1.499982	239	71
-1.499852	208	70
-1.500198	213	59
-1.561327	362	90
-1.499581	223	62
-1.562125	318	89
-1.561524	326	84
-1.499805	246	68
-1.500154	211	59
-1.499484	306	90
-1.561412	356	97
-1.499548	196	57
-1.499558	293	84
-1.499846	231	65
-1.561943	288	83
-1.500312	271	79
-1.56193	387	99
-1.561869	285	74
-1.500458	183	49
-1.499709	263	74
-1.499325	228	57
-1.501296	203	65
-1.561693	224	64
-1.500388	293	76
-1.50013	290	78
-1.562026	348	96
-1.499464	256	73
-1.499675	171	53
-1.499617	279	75
-1.500124	277	74
-1.500053	185	52
-1.561713	219	63
-1.561643	225	60
-1.499589	260	72
-1.499242	283	79
-1.560749	319	84
-1.561655	279	79
-1.499745	199	66
-1.561839	253	74
-1.562578	218	66
-1.500526	238	65
-1.532765	359	88
-1.561221	273	80
-1.499312	308	79
-1.558226	331	85
-1.499643	234	71
-1.500623	202	59
-1.560411	292	78
-1.500239	359	100
-1.561978	256	66
-1.499536	375	94
-1.562514	277	82
-1.499702	323	84
-1.500384	326	86
-1.499742	207	58
-1.499623	221	67
-1.498956	235	65
-1.561747	342	99
-1.562108	383	94
-1.499922	354	89
-1.500337	269	79
-1.50006	322	84
-1.500775	228	71
-1.501158	374	94
-1.561575	316	81
-1.499339	211	65
-1.560959	317	86
-1.500199	358	90
-1.499948	343	92
-1.560562	323	87
-1.560682	311	83
-1.561214	275	83
-1.500275	243	66
-1.499332	212	65
-1.500129	242	64
-1.562478	368	96
-1.499532	233	69
-1.561013	357	89
-1.561605	293	90
-1.499942	262	75
-1.499347	200	57
-1.500687	303	78
-1.500296	351	90
-1.562586	278	80
-1.561874	176	57
-1.499972	273	80
-1.500537	252	83
-1.56159	260	74
-1.560899	253	69
-1.560385	329	90
-1.560146	304	83
-1.4995	178	54
-1.560572	243	74
-1.499499	288	82
-1.527435	410	100
-1.561154	338	92
-1.499862	241	71
-1.500099	270	75
-1.499985	242	72
-1.561934	386	100
-1.561019	243	68
-1.500184	249	74
-1.562584	230	66
-1.561444	279	83
-1.561687	261	71
-1.561546	215	67
-1.561551	333	87
-1.499525	259	68
-1.561911	338	86
-1.561594	321	91
-1.499836	253	63
-1.499393	338	83
-1.500075	357	93
-1.560618	337	92
-1.561698	230	70
-1.560709	371	92
-1.499641	222	68
-1.499785	287	76
-1.561135	273	75
-1.561448	315	81
-1.561173	199	65
-1.561385	280	82
-1.562175	281	80
-1.561144	222	64
-1.56207	308	73
-1.49866	323	89
-1.55784	278	83
-1.49979	257	70
-1.499992	240	65
-1.5007	268	75
-1.560038	278	80
-1.499732	321	85
-1.500484	271	73
-1.500363	326	85
-1.562475	252	80
-1.561935	369	97
-1.499618	178	50
-1.562004	219	61
-1.561893	306	79
-1.499583	305	80
-1.499109	235	70
-1.561658	283	78
-1.558877	255	70
-1.560864	319	90
-1.562054	285	79
-1.498703	256	70
-1.56056	323	92
-1.498953	330	83
-1.560937	341	85
-1.560484	261	72
-1.500535	267	74
-1.561132	362	97
-1.49936	249	71
-1.562458	332	93
-1.49963	340	90
-1.50019	252	75
-1.500774	285	84
-1.499468	347	87
-1.561227	220	73
-1.561467	254	73
-1.559441	259	73
-1.500639	219	59
-1.500317	278	74
-1.499473	286	76
-1.561552	321	90
-1.500162	261	71
-1.501313	267	74
-1.499491	229	64
-1.562132	246	74
-1.500616	271	70
-1.56082	306	78
-1.500227	318	92
-1.560965	347	91
-1.500317	245	69
-1.499925	245	64
-1.500643	245	76
-1.499726	281	74
-1.500291	259	71
-1.499077	343	89
-1.561156	346	94
-1.499739	228	67
-1.561658	236	73
-1.500269	245	65
-1.560856	213	69
-1.500173	256	68
-1.560962	202	61
-1.561827	250	76
-1.499655	214	64
-1.499781	302	84
-1.500425	276	71
-1.561321	240	68
-1.558536	378	100
-1.500708	283	79
-1.561714	202	59
-1.499792	247	70
-1.559029	370	89
-1.499767	301	81
-1.499634	236	64
-1.560212	272	76
-1.499785	344	89
-1.499687	230	69
-1.561456	260	74
-1.561581	334	91
-1.499764	236	73
-1.500414	212	62
-1.500204	318	88
-1.562361	231	72
-1.499921	379	92
-1.499126	268	71
-1.561627	241	67
-1.500663	228	64
-1.500003	244	69
-1.560631	247	72
-1.561395	259	73
-1.500094	430	100
-1.560419	251	76
-1.499997	361	93
-1.561869	347	97
-1.499976	302	81
-1.562136	339	92
-1.561774	304	82
-1.560591	244	68
-1.500027	239	68
-1.499851	220	59
-1.500263	351	89
-1.500422	230	70
-1.56024	348	96
-1.499252	302	80
-1.50055	238	67
-1.500776	241	70
-1.560837	199	55
-1.499747	282	76
-1.561407	291	86
-1.49969	325	90
-1.560856	224	65
-1.499939	286	79
-1.499874	203	60
-1.500164	216	61
-1.499947	281	81
-1.517909	325	89
-1.499944	317	88
-1.561055	181	59
-1.562269	291	91
-1.499713	269	73
-1.561124	338	89
-1.561497	347	85
-1.49962	226	62
-1.499859	254	79
-1.562084	260	77
-1.499098	244	64
-1.56126	240	71
-1.499056	262	68
-1.561884	274	66
-1.562616	296	75
-1.558634	400	100
-1.562601	258	76
-1.500208	303	82
-1.561234	220	71
-1.500268	285	72
-1.500904	303	78
-1.499502	204	62
-1.500866	353	92
-1.559757	252	68
-1.560096	307	87
-1.500841	212	66
-1.499461	257	80
-1.499246	351	95
-1.49979	306	76
-1.560624	245	72
-1.499941	399	95
-1.499935	233	62
-1.561845	307	89
-1.499563	273	74
-1.500814	232	70
-1.560907	423	100
-1.500045	243	77
-1.561333	225	70
-1.561785	267	73
-1.499172	229	65
-1.499478	320	88
-1.500418	295	77
-1.561244	204	63
-1.499856	351	85
-1.49976	207	63
-1.50043	249	67
-1.499959	320	89
-1.562216	300	83
-1.499748	285	73
-1.561389	356	92
-1.500508	238	65
-1.499744	176	52
-1.561173	364	97
-1.500123	307	79
-1.500099	359	99
-1.562506	245	73
-1.49977	254	67
-1.561193	280	83
-1.500235	222	69
-1.500159	244	68
-1.500492	189	57
-1.499693	230	62
-1.499857	333	90
-1.56069	243	65
-1.515646	352	84
-1.56179	295	77
-1.499842	368	90
-1.499998	314	82
-1.499618	351	89
-1.499929	253	73
-1.559728	331	86
-1.498847	282	81
-1.560852	319	89
-1.500055	397	100
-1.56084	338	92
-1.560713	296	87
-1.500232	233	67
-1.500153	234	68
-1.500717	243	70
-1.561723	273	77
-1.500411	190	58
-1.500018	302	77
-1.499686	235	72
-1.4994	254	72
-1.561868	290	86
-1.560821	292	80
-1.499853	256	74
-1.500293	265	69
-1.500169	288	74
-1.500311	178	58
-1.499127	238	73
-1.500287	257	74
-1.499346	209	61
-1.500376	201	58
-1.561246	289	80
-1.499685	239	69
-1.499466	318	79
-1.561765	298	78
-1.499739	248	65
-1.560874	301	78
-1.499739	370	86
-1.500165	357	80
-1.499793	274	74
-1.499836	221	69
-1.561269	284	72
-1.499617	291	70
-1.561402	286	71
-1.499904	249	72
-1.500338	251	73
-1.49991	223	63
-1.500278	221	60
-1.561165	203	65
-1.499886	276	75
-1.49982	275	72
-1.50052	347	94
-1.500366	226	61
-1.500878	242	66
-1.500064	210	59
-1.499975	305	87
-1.500215	329	85
-1.499791	269	76
-1.500796	330	91
-1.499412	322	81
-1.499909	235	73
-1.49995	339	88
-1.500009	321	85
-1.499619	319	81
-1.500045	389	97
-1.499929	194	60
-1.498991	350	94
-1.499353	243	75
-1.560744	333	82
-1.561236	304	81
-1.561316	318	77
-1.499144	194	62
-1.561857	329	83
-1.562387	301	83
-1.562457	386	98
-1.559833	271	73
-1.500282	236	66
-1.500025	245	70
-1.499684	290	76
-1.500132	201	61
-1.499836	264	73
-1.499676	234	76
-1.561705	363	95
-1.499618	360	93
-1.500025	204	60
-1.561364	371	97
-1.499324	242	75
-1.561285	214	67
-1.499333	178	50
-1.561478	277	78
-1.50021	245	70
-1.499957	193	56
-1.561545	273	78
-1.499903	233	75
-1.498524	227	69
-1.500471	368	84
-1.500654	212	68
-1.561577	247	74
-1.561002	247	70
-1.56043	335	90
-1.50037	251	76
-1.56102	247	82
-1.499583	260	77
-1.561222	213	63
-1.501011	240	67
-1.49972	275	72
-1.561446	336	88
-1.561616	332	90
-1.499247	346	88
-1.560902	396	97
-1.500573	312	88
-1.560781	327	88
-1.499569	262	79
-1.499998	243	73
-1.499363	297	79
-1.499996	226	69
-1.562462	314	86
-1.500045	221	62
-1.499846	305	81
-1.499995	261	70
-1.561633	451	99
-1.560895	260	76
-1.499392	248	66
-1.560149	341	89
-1.499408	269	76
-1.562023	363	92
-1.499426	198	57
-1.561892	343	88
-1.500433	205	64
-1.50011	317	88
-1.562814	266	76
-1.561665	321	98
-1.56112	273	84
-1.499846	278	80
-1.500784	296	83
-1.500449	229	71
-1.501165	219	60
-1.562405	392	94
-1.562581	211	68
-1.558868	458	100
-1.560439	380	95
-1.561684	208	75
-1.500874	308	82
-1.561619	275	81
-1.500034	301	78
-1.500254	286	81
-1.50005	212	61
-1.561484	230	79
-1.498904	221	65
-1.500011	273	75
-1.56107	291	78
-1.498777	228	63
-1.500012	300	74
-1.500116	360	88
-1.560594	310	87
-1.561338	230	70
-1.560446	369	88
-1.561253	343	88
-1.500031	345	86
-1.499952	256	65
-1.499916	222	65
-1.500136	216	69
-1.561667	251	76
-1.499326	253	78
-1.500005	236	64
-1.500301	232	66
-1.499277	363	84
-1.500425	178	56
-1.49895	248	71
-1.500417	295	87
-1.499758	242	64
-1.562467	316	93
-1.56092	177	60
-1.499117	374	91
-1.499817	249	74
-1.561394	293	82
-1.498805	226	63
-1.499116	280	83
-1.499756	287	82
-1.561339	274	83
-1.562369	272	72
-1.560905	344	77
-1.499168	315	70
-1.560805	291	82
-1.500306	253	67
-1.500425	228	64
-1.499784	349	86
-1.501286	381	98
-1.499387	234	73
-1.561799	267	78
-1.499794	343	92
-1.500131	212	60
-1.499625	347	84
-1.500567	310	87
-1.560451	248	73
-1.559908	370	94
-1.500168	253	66
-1.500817	260	70
-1.56133	265	74
-1.500728	306	78
-1.499102	323	89
-1.500644	286	84
-1.559925	349	93
-1.516655	350	91
-1.500801	219	59
-1.500276	228	71
-1.498874	297	74
-1.500085	230	64
-1.50096	281	80
-1.499066	223	60
-1.561511	299	86
-1.499768	259	73
-1.49909	220	62
-1.561889	301	76
-1.500562	311	90
-1.554607	350	84
-1.561585	287	84
-1.560967	216	67
-1.500281	247	72
-1.562606	341	90
-1.561074	241	61
-1.499717	341	89
-1.500215	234	67
-1.499579	185	54
-1.500201	280	75
-1.49947	318	89
-1.499953	266	77
-1.500902	277	73
-1.499676	324	85
-1.560719	364	93
-1.500162	239	60
-1.499319	220	62
-1.500035	266	67
-1.560816	289	74
-1.562041	292	86
-1.560976	321	82
-1.561437	269	83
-1.499889	207	61
-1.561647	201	63
-1.498842	215	65
-1.500422	258	75
-1.499542	333	85
-1.499056	274	71
-1.556411	348	90
-1.500785	261	72
-1.561279	338	92
-1.499321	281	78
-1.499501	198	56
-1.500733	289	81
-1.499871	268	74
-1.561755	355	94
-1.561418	286	82
-1.499507	410	95
-1.499852	330	90
-1.499301	189	58
-1.552155	336	84
-1.500533	382	92
-1.500657	233	67
-1.500389	268	69
-1.500349	317	81
-1.499801	247	71
-1.560818	333	92
-1.561222	326	89
-1.500639	190	59
-1.500189	215	71
-1.500608	269	73
-1.561396	332	91
-1.560911	332	87
-1.500376	378	90
-1.561089	330	85
-1.500795	223	72
-1.499806	309	78
-1.500126	276	74
-1.561564	324	91
-1.499978	254	83
-1.562098	261	72
-1.499855	249	68
-1.560262	308	87
-1.49992	211	61
-1.500517	236	73
-1.500339	187	53
-1.500045	315	77
-1.499771	418	98
-1.499848	283	83
-1.562892	303	87
-1.499906	206	63
-1.49949	264	78
-1.498914	252	68
-1.561107	379	95
-1.53569	278	82
-1.499795	285	76
-1.561144	237	68
-1.49978	321	91
-1.5004	218	64
-1.500508	199	64
-1.50016	237	65
-1.500205	272	76
-1.509099	313	80
-1.561867	342	89
-1.499096	272	72
-1.561298	351	91
-1.50049	293	80
-1.49994	276	71
-1.56256	263	85
-1.560632	300	84
-1.49972	316	84
-1.500115	236	67
-1.561575	346	92
-1.500856	208	69
-1.561024	364	91
-1.500264	189	62
-1.499578	254	64
-1.500509	241	70
-1.500663	283	81
-1.561842	382	97
-1.501153	250	76
-1.561301	420	100
-1.499431	220	60
-1.560754	314	75
-1.500535	246	69
-1.498785	289	73
-1.561624	303	78
-1.499889	261	68
-1.499903	211	58
-1.499782	267	66
-1.500289	286	73
-1.500831	256	70
-1.560857	301	87
-1.50009	257	67
-1.560862	258	79
-1.561114	310	85
-1.561839	285	85
-1.499577	298	76
-1.562177	182	63
-1.500177	328	92
-1.56171	309	86
-1.561997	263	71
-1.561218	273	75
-1.561209	344	96
-1.542221	429	100
-1.500268	203	57
-1.561967	286	76
-1.561808	342	92
-1.5613	252	66
-1.562081	260	70
-1.500767	376	94
-1.499408	378	97
-1.561653	234	69
-1.499693	251	67
-1.499726	241	65
-1.501262	201	58
-1.561162	225	70
-1.50077	243	67
-1.560953	313	84
-1.500574	250	68
-1.500442	233	71
-1.560246	260	69
-1.560895	321	90
-1.561354	305	79
-1.558597	295	80
-1.562071	309	77
-1.562073	258	69
-1.500215	250	75
-1.500467	288	73
-1.499458	209	59
-1.500052	303	85
-1.499532	337	82
-1.562109	295	98
-1.500736	321	82
-1.560757	304	80
-1.561062	265	71
-1.499779	204	61
-1.500635	214	63
-1.561555	333	98
-1.561987	409	94
-1.560008	224	72
-1.561402	263	72
-1.523001	385	100
-1.500188	186	55
-1.561249	301	75
-1.500123	282	78
-1.499197	274	72
-1.560302	283	76
-1.561042	239	74
-1.499995	181	58
-1.554862	311	86
-1.560402	269	76
-1.499931	266	69
-1.500435	216	65
-1.500166	246	72
-1.560852	334	93
-1.499931	228	63
-1.560554	211	65
-1.560519	297	84
-1.500334	297	84
-1.561937	282	82
-1.562628	283	91
-1.561982	264	70
-1.503768	284	82
-1.561017	252	72
-1.561177	297	92
-1.561478	323	92
-1.561391	277	88
-1.499656	214	58
-1.561727	362	91
-1.498638	197	55
-1.499547	265	77
-1.561762	328	97
-1.561897	289	80
-1.49997	351	87
-1.56101	255	79
-1.562921	333	92
-1.49991	277	73
-1.499717	378	93
-1.500467	251	69
-1.562575	221	68
-1.500026	226	64
-1.499846	322	76
-1.561391	306	80
-1.4997	284	80
-1.560723	350	91
-1.561967	413	95
-1.499205	269	74
-1.500095	335	85
-1.500094	307	82
-1.500176	268	78
-1.561075	366	93
-1.562698	253	74
-1.561355	326	88
-1.499043	226	60
-1.500478	339	94
-1.561384	361	95
-1.501384	341	86
-1.500191	272	76
-1.499315	274	66
-1.499362	290	79
-1.499511	302	81
-1.561812	283	82
-1.56196	274	75
-1.561414	228	72
-1.499662	209	62
-1.500205	277	79
-1.499257	273	77
-1.499047	244	72
-1.499912	208	60
-1.500489	202	67
-1.499748	325	82
-1.561635	323	82
-1.499795	345	87
-1.499761	189	60
-1.561671	382	98
-1.498881	252	74
-1.56108	352	95
-1.499592	234	68
-1.55996	299	82
-1.561038	201	55
-1.499188	351	88
-1.500343	242	73
-1.499432	268	70
-1.56097	317	83
-1.498919	309	85
-1.561716	346	93
-1.55627	366	93
-1.500101	351	94
-1.499662	282	76
-1.500361	196	61
-1.500045	307	89
-1.558279	336	89
-1.500777	257	74
-1.561607	265	72
-1.50074	319	94
-1.500007	246	74
-1.499373	302	92
-1.561884	345	93
-1.561729	371	95
-1.499221	226	66
-1.500058	251	70
-1.499473	374	94
-1.561479	346	85
-1.499851	203	62
-1.561245	372	94
-1.498983	335	83
-1.500693	274	72
-1.49966	245	72
-1.499517	243	77
-1.560834	356	97
-1.500106	223	63
-1.561257	396	100
-1.561486	265	70
-1.560546	362	95
-1.561438	326	88
-1.560874	284	77
-1.500831	269	74
-1.561645	282	85
-1.500029	239	69
-1.499367	244	70
-1.501175	313	87
-1.561931	246	73
-1.561399	264	85
-1.500488	239	69
-1.561823	254	72
-1.561935	213	67
-1.50002	337	92
-1.561577	340	91
-1.561087	274	80
-1.559267	466	100
-1.560655	273	71
-1.500428	233	70
-1.4996	247	71
-1.50054	247	73
-1.532212	319	97
-1.561689	304	80
-1.559678	352	91
-1.500437	284	76
-1.560016	316	82
-1.499024	274	72
-1.499662	216	58
-1.500177	303	82
-1.561255	266	74
-1.500321	288	79
-1.561488	332	85
-1.56074	392	93
-1.560957	319	80
-1.499962	214	54
-1.561883	256	80
-1.561252	235	71
-1.560373	222	67
-1.560995	296	86
-1.499168	239	67
-1.562092	365	96
-1.500643	284	80
-1.559433	382	93
-1.500814	211	63
-1.560595	299	75
-1.561495	299	89
-1.561183	252	83
-1.499925	173	56
-1.559632	351	86
-1.55666	397	100
-1.500013	239	64
-1.560719	358	84
-1.561367	229	69
-1.499603	180	55
-1.561682	257	76
-1.499283	202	57
-1.499644	208	52
-1.559191	355	92
-1.499391	395	98
-1.559955	292	75
-1.560532	347	87
-1.500217	291	81
-1.561785	385	94
-1.561005	269	75
-1.561369	415	97
-1.562913	265	85
-1.50056	233	70
-1.560213	470	98
-1.560371	356	93
-1.56118	334	90
-1.499783	196	54
-1.500137	240	68
-1.499941	361	94
-1.56124	341	88
-1.560902	254	72
-1.56112	267	76
-1.509686	295	81
-1.500267	339	96
-1.500567	330	87
-1.500803	302	80
-1.498962	189	58
-1.561604	240	63
-1.561674	309	84
-1.499623	355	88
-1.500295	345	85
-1.498766	264	67
-1.561319	355	90
-1.49959	263	67
-1.499771	308	78
-1.498753	271	74
-1.499166	260	67
-1.561679	283	88
-1.500582	259	69
-1.560554	312	82
-1.561344	293	79
-1.499947	368	91
-1.499103	272	77
-1.561487	286	83
-1.561683	242	67
-1.499961	330	93
-1.561203	214	66
-1.499698	205	60
-1.500453	325	86
-1.561248	251	75
-1.560868	252	81
-1.560119	325	86
-1.560721	350	90
-1.500198	288	85
-1.499589	219	77
-1.499059	197	62
-1.500354	192	61
-1.500367	203	68
-1.499695	370	92
-1.561225	280	83
-1.499871	299	79
-1.556481	333	85
-1.561779	254	73
-1.499997	279	75
-1.499557	290	70
-1.499734	243	76
-1.501219	290	84
-1.56118	283	85
-1.50001	291	79
-1.56092	284	79
-1.561842	258	80
-1.56084	325	91
-1.500828	224	62
-1.561294	258	74
-1.561691	235	73
-1.498632	202	69
-1.499777	226	66
-1.561629	300	85
-1.500021	375	97
-1.500954	363	94
-1.499469	384	95
-1.56155	250	71
-1.500571	253	76
-1.500843	283	76
-1.499037	211	60
-1.499744	339	86
-1.560554	284	83
-1.499718	203	60
-1.56256	259	76
-1.499124	258	74
-1.562166	314	88
-1.500174	253	79
-1.499535	282	75
-1.561223	334	81
-1.561858	204	65
-1.56131	272	81
-1.500101	228	61
-1.505141	378	99
-1.562106	432	100
-1.561159	332	87
-1.500892	381	100
-1.561171	220	66
-1.56116	229	65
-1.560579	328	90
-1.500044	204	61
-1.499469	256	73
-1.499282	241	67
-1.561263	302	81
-1.500312	269	70
-1.499436	397	91
-1.560736	385	95
-1.562121	325	88
-1.56167	238	65
-1.500013	259	74
-1.561336	242	68
-1.562214	230	76
-1.561342	286	75
-1.499755	253	70
-1.50025	310	83
-1.500207	372	99
-1.561964	274	75
-1.56153	273	74
-1.500408	337	88
-1.499918	227	66
-1.500574	274	74
-1.50069	271	82
-1.499362	221	67
-1.500468	274	78
-1.499847	319	80
-1.500639	356	88
-1.49941	273	72
-1.562156	247	75
-1.499931	170	59
-1.500342	203	63
-1.561872	267	80
-1.562064	337	90
-1.500101	226	63
-1.560405	295	77
-1.499855	284	85
-1.499799	227	64
-1.50021	390	100
-1.500145	423	97
-1.562	308	83
-1.498548	302	80
-1.561626	216	66
-1.499331	222	63
-1.499809	384	91
-1.499969	191	55
-1.500098	361	99
-1.499412	290	76
-1.499832	230	70
-1.560997	244	75
-1.56131	267	75
-1.49948	266	69
-1.499959	327	92
-1.561313	213	66
-1.498967	265	81
-1.561345	339	89
-1.500385	293	86
-1.499301	271	75
-1.49983	308	82
-1.499283	218	66
-1.499339	215	63
-1.499946	226	63
-1.499034	191	65
-1.501171	326	88
-1.500117	238	69
-1.5608	287	79
-1.562091	253	68
-1.499893	348	86
-1.500327	220	58
-1.561936	213	59
-1.499781	236	73
-1.499185	206	61
-1.561547	300	80
-1.56184	240	66
-1.501182	206	61
-1.561918	233	68
-1.500158	307	87
-1.561679	336	89
-1.498925	188	60
-1.500133	187	49
-1.500064	337	90
-1.500165	204	62
-1.499788	207	59
-1.499051	203	64
-1.499296	326	87
-1.561162	331	90
-1.561427	292	83
-1.561197	238	70
-1.560836	352	96
-1.56185	273	83
-1.499346	257	69
-1.500222	307	88
-1.560942	383	95
-1.561305	374	94
-1.559399	286	87
-1.500391	368	84
-1.499916	219	64
-1.560762	296	83
-1.500042	267	77
-1.562892	320	85
-1.500407	257	70
-1.499607	252	78
-1.500077	273	75
-1.498968	198	56
-1.560478	334	91
-1.561552	247	68
-1.499501	309	87
-1.500167	261	78
-1.499967	243	75
-1.561943	346	91
-1.500949	208	65
-1.499635	349	87
-1.500865	245	69
-1.499699	235	71
-1.499769	226	65
-1.560639	290	82
-1.49933	237	64
-1.50056	207	63
-1.499412	288	81
-1.499578	241	71
-1.560727	271	75
-1.500133	293	81
-1.561745	367	96
-1.499872	266	73
-1.560247	380	100
-1.561878	310	83
-1.500305	291	76
-1.500074	315	81
-1.560739	293	89
-1.500633	281	76
-1.560802	313	82
-1.500191	273	70
-1.560094	259	69
-1.561754	237	75
-1.500229	333	87
-1.561545	215	64
-1.561285	380	99
-1.561043	274	76
-1.561825	214	66
-1.500285	354	88
-1.560529	344	92
-1.500202	191	58
-1.562712	357	83
-1.499167	174	56
-1.56191	305	85
-1.560351	284	74
-1.555097	383	89
-1.500406	273	70
-1.500543	298	78
-1.499747	345	88
-1.499946	290	85
-1.500362	352	92
-1.499796	273	75
-1.499881	164	51
-1.499951	281	79
-1.500104	217	65
-1.561276	226	75
-1.500112	340	90
-1.500325	358	91
-1.500588	221	71
-1.499291	307	77
-1.500252	233	69
-1.560737	339	91
-1.499365	235	65
-1.561633	395	92
-1.558249	429	95
-1.499919	253	74
-1.499556	253	80
-1.499309	311	82
-1.499376	266	71
-1.561797	284	80
-1.559478	308	76
-1.560828	338	86
-1.501374	248	66
-1.49995	385	95
-1.499883	189	60
-1.500158	220	57
-1.560835	294	84
-1.561814	219	68
-1.562984	237	76
-1.49924	230	65
-1.499838	270	73
-1.49978	214	66
-1.561066	272	79
-1.500236	233	65
-1.49936	257	68
-1.562032	333	83
-1.561539	308	77
-1.500349	326	90
-1.500656	205	56
-1.561062	391	99
-1.500076	316	83
-1.49963	245	75
-1.50028	333	81
-1.562222	253	73
-1.562038	248	73
-1.500318	267	76
-1.561243	314	81
-1.561018	339	88
-1.500258	306	81
-1.561186	429	96
-1.500563	398	94
-1.500186	278	76
-1.499727	210	67
-1.562204	360	99
-1.499749	259	74
-1.500545	290	77
-1.561835	282	83
-1.562239	331	87
-1.561775	304	79
-1.561045	422	100
-1.561139	368	94
-1.561659	210	65
-1.499382	209	71
-1.499289	290	79
-1.547917	309	84
-1.499546	222	64
-1.499546	237	78
-1.499138	296	76
-1.499732	311	85
-1.500305	221	69
-1.499732	200	63
-1.561272	307	78
-1.500461	257	72
-1.500931	294	78
-1.499457	247	65
-1.500243	237	61
-1.561555	274	73
-1.562626	206	62
-1.560783	287	84
-1.500144	272	81
-1.561869	306	85
-1.515435	334	95
-1.500309	206	67
-1.499273	215	66
-1.561817	267	75
-1.560617	316	90
-1.500448	210	72
-1.499866	221	67
-1.562197	315	88
-1.561195	253	72
-1.561744	319	86
-1.56064	248	82
-1.500179	249	66
-1.499222	258	72
-1.500162	185	57
-1.49998	296	81
-1.499992	233	69
-1.499338	233	67
-1.499979	242	59
-1.561357	314	89
-1.500439	256	78
-1.562074	362	91
-1.500389	212	59
-1.561032	239	69
-1.56261	250	79
-1.500409	227	65
-1.561322	259	79
-1.501034	241	62
-1.500147	267	77
-1.499393	204	66
-1.499953	217	69
-1.561633	288	80
-1.562337	219	62
-1.560427	328	79
-1.561126	303	84
-1.500335	296	87
-1.562026	277	74
-1.499661	304	82
-1.561372	306	83
-1.558707	359	95
-1.561245	289	81
-1.561749	292	74
-1.560364	323	82
-1.500405	335	91
-1.560968	271	74
-1.50041	221	63
-1.500127	299	75
-1.500228	320	80
-1.561745	241	70
-1.499385	231	71
-1.500299	362	85
-1.49918	196	63
-1.559937	408	97
-1.499966	348	89
-1.561036	311	84
-1.500481	257	66
-1.499868	293	81
-1.562155	408	100
-1.561249	320	92
-1.499629	351	84
-1.499905	268	76
-1.500628	273	82
-1.500531	331	92
-1.4999	300	77
-1.499449	294	81
-1.500024	228	69
-1.561333	326	83
-1.49935	292	75
-1.560699	390	96
-1.499588	279	70
-1.560145	267	83
-1.499827	288	80
-1.499918	197	57
-1.561232	242	82
-1.560638	231	72
-1.561902	277	81
-1.499951	314	84
-1.499991	447	100
-1.499759	241	60
-1.500255	228	67
-1.500059	244	70
-1.562493	276	78
-1.49963	292	85
-1.499984	231	68
-1.560988	248	70
-1.499633	327	89
-1.560976	322	82
-1.560851	317	80
-1.500421	194	62
-1.562017	271	79
-1.561083	291	77
-1.52455	342	95
-1.56233	309	87
-1.500053	250	69
-1.562062	245	73
-1.561516	213	67
-1.562033	294	92
-1.561359	279	72
-1.500439	311	81
-1.500512	227	65
-1.499294	352	96
-1.560747	310	84
-1.500001	218	59
-1.560995	338	91
-1.560799	352	93
-1.499912	310	83
-1.499647	255	77
-1.499839	238	56
-1.499991	191	53
-1.56024	378	85
-1.499951	260	76
-1.56198	266	67
-1.561139	256	75
-1.561468	303	82
-1.498956	293	81
-1.49989	293	82
-1.50008	206	55
-1.561267	354	87
-1.56065	314	88
-1.499986	242	69
-1.499144	218	61
-1.560659	251	79
-1.498846	281	79
-1.500117	248	65
-1.561556	302	83
-1.49977	245	70
-1.56018	311	83
-1.561542	239	78
-1.561549	288	88
-1.500009	263	76
-1.561369	257	77
-1.498874	248	65
-1.500404	241	69
-1.499778	178	61
-1.499131	295	75
-1.500712	324	81
-1.561779	290	84
-1.504661	275	80
-1.561482	261	84
-1.502337	349	87
-1.562859	318	87
-1.499549	199	61
-1.500168	215	60
-1.500521	199	60
-1.560825	276	72
-1.560693	275	76
-1.499389	335	87
-1.561769	283	82
-1.499402	256	73
-1.500534	240	71
-1.499545	291	78
-1.560759	287	85
-1.500279	284	73
-1.501093	184	61
-1.500221	203	62
-1.560592	353	92
-1.499054	202	62
-1.561658	406	97
-1.500328	222	61
-1.561392	401	98
-1.499478	213	64
-1.500238	215	62
-1.562122	257	67
-1.561332	313	91
-1.499376	446	100
-1.499375	258	69
-1.499673	386	91
-1.500244	249	72
-1.523974	329	97
-1.561433	351	87
-1.499685	321	84
-1.499698	373	89
-1.49994	331	92
-1.526575	373	98
-1.561461	343	91
-1.503464	254	74
-1.499781	334	86
-1.56134	268	70
-1.499607	193	53
-1.561593	259	73
-1.56073	215	69
-1.561332	341	94
-1.556784	232	69
-1.561469	273	81
-1.56174	313	82
-1.562316	250	76
-1.499164	188	60
-1.500039	331	83
-1.500674	250	78
-1.49886	179	60
-1.500417	237	68
-1.499265	234	70
-1.499703	209	63
-1.499978	264	79
-1.561427	316	99
-1.560714	261	78
-1.499921	205	65
-1.559913	276	67
-1.499802	213	67
-1.500027	261	73
-1.500074	222	61
-1.499784	254	66
-1.499862	225	67
-1.499405	217	65
-1.499699	297	81
-1.561012	253	79
-1.499837	289	83
-1.560708	328	82
-1.525028	344	93
-1.499854	246	67
-1.562681	310	94
-1.561931	328	86
-1.500144	348	89
-1.499438	279	84
-1.561295	337	84
-1.551676	323	96
-1.499294	278	75
-1.561245	238	71
-1.499979	323	80
-1.560855	368	93
-1.500038	226	62
-1.561642	341	87
-1.499887	242	68
-1.56247	298	85
-1.499636	220	64
-1.561431	399	96
-1.500291	284	75
-1.499549	294	73
-1.561309	314	90
-1.561304	264	79
-1.561652	318	91
-1.499447	246	67
-1.499727	304	83
-1.500063	406	93
-1.561816	220	74
-1.561709	288	89
-1.500061	202	69
-1.534025	236	69
-1.499954	243	78
-1.50017	247	61
-1.499087	267	73
-1.49962	244	65
-1.499968	318	84
-1.500265	245	70
-1.560579	294	84
-1.561048	339	98
-1.500702	195	60
-1.499751	240	60
-1.56129	271	75
-1.500274	208	62
-1.561711	265	73
-1.499246	318	85
-1.499972	295	80
-1.560391	278	85
-1.499825	338	87
-1.500217	179	60
-1.500577	376	97
-1.499533	255	75
-1.499193	256	72
-1.49954	282	77
-1.500252	255	78
-1.562073	334	92
-1.561614	309	85
-1.50015	289	79
-1.499547	294	84
-1.499654	186	58
-1.499809	252	64
-1.562138	246	73
-1.500159	296	72
-1.501204	220	64
-1.499654	352	88
-1.561326	261	71
-1.561412	242	70
-1.561467	243	67
-1.500559	220	65
-1.561133	308	85
-1.499534	329	81
-1.560774	195	70
-1.499353	289	73
-1.499834	268	78
-1.499747	235	63
-1.500504	247	73
-1.562216	209	59
-1.49936	413	99
-1.561498	372	99
-1.56198	297	88
-1.499731	321	94
-1.561734	211	61
-1.499836	325	88
-1.499596	311	81
-1.500843	221	69
-1.500404	199	55
-1.562008	293	75
-1.500271	223	61
-1.500328	236	64
-1.56066	243	68
-1.500811	346	95
-1.56135	245	76
-1.560613	265	82
-1.500271	239	75
-1.4997	247	74
-1.499733	321	80
-1.561458	243	74
-1.560404	258	72
-1.5605	241	73
-1.561863	271	75
-1.499988	238	64
-1.500405	297	86
-1.499384	205	60
-1.56166	313	86
-1.499954	168	52
-1.513608	333	86
-1.500884	291	80
-1.49977	323	82
-1.561429	343	88
-1.561069	356	93
-1.500328	257	77
-1.560458	227	68
-1.561764	295	79
-1.500393	375	94
-1.499258	200	50
-1.560559	235	75
-1.500024	272	80
-1.499716	224	64
-1.500133	248	69
-1.499128	289	77
-1.499731	319	83
-1.56196	221	59
-1.500722	225	60
-1.499166	205	60
-1.560316	438	100
-1.499612	339	87
-1.500359	357	91
-1.562047	351	95
-1.561133	232	64
-1.500644	385	99
-1.560422	262	80
-1.499478	223	64
-1.500338	239	66
-1.500912	199	57
-1.560774	268	78
-1.500036	310	90
-1.562142	291	85
-1.499589	315	83
-1.561414	330	90
-1.500473	234	71
-1.500766	297	77
-1.500959	277	74
-1.560833	293	79
-1.499214	245	69
-1.561623	294	84
-1.500014	304	85
-1.562476	298	93
-1.561118	331	92
-1.561026	420	96
-1.500427	466	100
-1.500344	211	60
-1.500329	201	57
-1.50031	283	80
-1.50002	339	92
-1.499477	190	63
-1.5005	304	79
-1.549878	408	100
-1.499312	223	63
-1.49942	300	79
-1.562326	329	89
-1.500444	268	74
-1.499762	237	65
-1.56131	310	84
-1.561431	417	99
-1.561004	278	72
-1.560543	271	79
-1.500652	258	73
-1.498737	242	57
-1.499547	324	90
-1.499995	238	71
-1.560841	235	70
-1.500511	251	82
-1.561198	280	86
-1.500018	257	69
-1.500082	225	65
-1.561656	325	81
-1.561181	290	83
-1.499812	241	67
-1.49955	342	84
-1.500184	370	94
-1.500062	194	57
-1.500819	260	75
-1.55965	274	75
-1.499599	280	68
-1.499693	279	81
-1.499476	288	85
-1.499808	286	87
-1.500149	282	75
-1.49995	219	65
-1.499015	360	89
-1.500348	312	79
-1.559772	230	63
-1.499189	301	74
-1.559998	254	69
-1.500581	351	87
-1.561451	312	86
-1.499891	276	69
-1.561675	264	82
-1.500186	296	79
-1.499581	210	62
-1.49994	283	77
-1.499821	219	58
-1.499324	245	75
-1.500445	182	56
-1.499801	247	68
-1.499764	319	78
-1.500602	301	74
-1.499733	359	88
-1.561591	275	82
-1.500347	199	64
-1.500189	201	59
-1.501692	358	89
-1.56148	314	85
-1.49973	185	57
-1.500002	213	58
-1.499162	179	54
-1.500395	311	87
-1.499738	185	55
-1.499805	247	71
-1.500365	275	72
-1.559228	337	90
-1.498485	371	89
-1.500599	252	71
-1.561768	325	93
-1.499582	373	92
-1.499847	444	100
-1.499355	334	84
-1.50068	181	52
-1.560637	228	63
-1.561212	334	87
-1.560345	309	92
-1.560858	311	80
-1.560385	275	79
-1.50029	251	70
-1.561543	290	80
-1.499882	233	68
-1.499492	331	82
-1.500888	226	62
-1.561009	315	83
-1.500395	322	86
-1.499771	258	68
-1.499532	270	70
-1.561916	340	90
-1.560446	259	75
-1.499493	234	57
-1.560573	467	100
-1.500141	170	49
-1.498625	228	56
-1.560876	191	61
-1.499708	252	70
-1.499484	347	84
-1.498965	228	61
-1.560077	281	84
-1.560502	205	63
-1.561137	258	67
-1.562096	279	80
-1.500238	293	77
-1.498907	252	64
-1.500451	287	78
-1.560133	269	79
-1.502518	270	70
-1.50032	239	67
-1.561603	350	89
-1.500186	215	62
-1.561338	316	81
-1.562234	332	99
-1.552635	321	82
-1.560432	267	73
-1.499218	249	73
-1.50084	289	78
-1.560611	314	88
-1.561143	330	85
-1.499961	209	55
-1.499446	241	62
-1.499975	224	69
-1.561526	217	69
-1.561962	388	96
-1.560992	328	90
-1.500163	324	80
-1.562358	238	72
-1.561476	435	100
-1.560968	338	87
-1.561712	340	91
-1.49945	199	51
-1.553303	380	93
-1.499695	264	63
-1.500258	243	70
-1.500819	191	66
-1.560729	285	82
-1.49936	266	80
-1.499898	222	61
-1.500258	190	54
-1.499849	347	91
-1.561576	212	64
-1.500016	212	61
-1.499374	236	59
-1.560444	258	77
-1.499564	256	67
-1.557522	271	80
-1.561301	337	90
-1.562091	246	73
-1.500084	277	76
-1.500331	286	77
-1.500112	308	79
-1.561633	302	78
-1.561431	227	68
-1.499544	170	55
-1.561582	275	87
-1.50025	381	91
-1.561217	270	78
-1.562268	355	90
-1.562502	265	66
-1.562375	244	74
-1.499626	210	56
-1.561236	262	68
-1.499989	226	69
-1.499442	263	76
-1.560735	249	71
-1.499658	252	65
-1.500439	275	70
-1.561717	306	89
-1.499681	188	56
-1.499841	296	80
-1.560928	344	95
-1.561791	396	97
-1.500541	295	80
-1.561409	373	93
-1.561315	284	75
-1.500675	235	68
-1.500485	270	85
-1.56128	275	81
-1.499743	259	70
-1.500164	228	66
-1.56196	264	70
-1.500037	208	64
-1.561607	309	84
-1.500079	324	86
-1.561117	232	79
-1.499533	231	66
-1.560283	284	91
-1.499783	280	81
-1.500438	367	90
-1.499362	200	54
-1.560899	210	61
-1.50026	198	58
-1.500464	287	81
-1.50072	275	77
-1.561379	402	100
-1.499775	236	65
-1.500761	333	87
-1.500943	325	80
-1.499282	287	77
-1.500351	335	93
-1.500287	212	64
-1.500085	213	61
-1.561288	325	97
-1.499636	197	55
-1.561113	234	75
-1.499956	304	86
-1.499322	249	74
-1.560975	227	65
-1.560583	250	73
-1.500781	375	95
-1.560751	285	76
-1.561364	286	86
-1.56043	287	78
-1.501295	229	71
-1.500001	225	64
-1.561305	353	91
-1.560094	286	76
-1.561095	240	72
-1.499113	168	58
-1.498796	281	76
-1.500713	247	69
-1.499868	354	90
-1.499039	223	62
-1.500104	234	65
-1.561264	267	83
-1.499895	254	70
-1.500288	248	67
-1.499353	285	79
-1.561194	362	95
-1.56138	273	77
-1.499965	304	87
-1.561023	226	66
-1.561857	356	94
-1.560822	360	91
-1.560491	379	97
-1.500123	273	73
-1.502403	437	99
-1.499954	399	94
-1.561431	266	77
-1.500115	179	52
-1.561107	319	82
-1.500746	276	76
-1.499378	281	77
-1.499194	177	61
-1.499334	310	85
-1.505287	373	95
-1.499026	272	69
-1.500397	340	80
-1.500253	257	74
-1.560648	369	89
-1.50002	274	78
-1.561268	233	77
-1.562042	381	100
-1.561511	282	81
-1.499637	285	86
-1.499754	381	98
-1.560186	327	88
-1.4995	314	79
-1.4995	299	86
-1.499215	277	76
-1.562151	277	84
-1.50064	184	61
-1.500029	251	63
-1.561868	303	78
-1.499889	208	67
-1.499152	247	61
-1.561066	284	79
-1.561043	234	67
-1.559807	301	81
-1.560762	362	99
-1.49966	310	85
-1.500006	284	80
-1.500064	329	83
-1.499998	244	81
-1.500002	270	72
-1.500064	214	61
-1.499698	204	66
-1.499876	180	52
-1.500662	251	68
-1.561499	235	75
-1.55394	434	100
-1.561031	255	71
-1.50063	235	70
-1.5001	272	70
-1.499659	261	80
-1.500249	250	67
-1.561349	327	85
-1.500302	204	65
-1.500135	292	75
-1.561251	283	82
-1.499863	293	83
-1.560945	208	65
-1.560893	291	81
-1.499716	329	88
-1.499555	295	76
-1.561644	229	74
-1.499857	210	65
-1.561784	395	98
-1.499761	343	89
-1.50042	209	66
-1.500174	247	74
-1.500157	218	62
-1.500596	252	73
-1.49966	281	76
-1.499981	262	74
-1.500091	385	98
-1.499733	240	64
-1.499303	314	80
-1.500242	216	72
-1.561358	285	81
-1.500711	365	99
-1.499139	283	80
-1.560741	282	80
-1.562176	244	75
-1.499654	178	57
-1.499668	202	61
-1.500272	264	75
-1.561227	313	85
-1.500381	315	86
-1.500317	241	64
-1.500548	306	85
-1.560848	302	77
-1.561534	285	85
-1.50018	258	72
-1.50042	283	81
-1.499544	246	71
-1.560931	295	84
-1.499251	315	85
-1.499388	325	86
-1.561339	284	85
-1.499661	191	56
-1.499453	251	67
-1.561261	300	83
-1.500667	207	60
-1.500296	244	78
-1.499814	324	88
-1.500472	304	77
-1.561807	220	66
-1.561964	226	75
-1.561683	199	64
-1.55559	299	91
-1.499637	222	61
-1.561097	281	76
-1.561013	198	62
-1.562006	311	87
-1.561318	257	67
-1.499486	275	75
-1.560541	282	76
-1.500044	233	70
-1.500176	274	72
-1.499171	330	90
-1.561846	201	65
-1.500107	206	63
-1.561557	362	91
-1.500357	261	74
-1.500286	328	84
-1.499941	331	91
-1.50055	329	89
-1.561679	271	86
-1.50076	193	62
-1.500154	232	73
-1.562496	193	63
-1.561343	247	74
-1.499459	332	86
-1.561966	301	82
-1.501214	331	95
-1.500111	235	62
-1.561112	383	94
-1.499588	256	74
-1.500206	360	89
-1.499695	312	88
-1.499562	274	80
-1.561006	222	68
-1.561297	307	80
-1.500024	303	86
-1.500091	273	76
-1.499941	274	70
-1.499881	217	65
-1.499578	218	56
-1.295847	337	96
-1.499989	226	71
-1.561508	324	88
-1.499201	340	85
-1.499968	239	59
-1.500471	439	100
-1.561513	359	94
-1.561113	267	75
-1.561538	373	94
-1.561531	301	82
-1.499698	229	64
-1.561115	274	80
-1.499775	274	79
-1.561399	271	78
-1.561051	250	61
-1.500165	215	65
-1.499416	318	86
-1.499917	324	89
-1.501187	292	86
-1.500361	260	75
-1.499864	326	81
-1.499721	347	91
-1.561147	236	71
-1.561027	344	98
-1.500181	230	69
-1.5616	313	88
-1.561891	371	86
-1.499645	224	57
-1.562091	351	92
-1.499064	316	80
-1.499948	260	75
-1.500438	350	88
-1.561943	414	100
-1.562297	247	79
-1.499524	254	75
-1.561464	247	72
-1.56188	229	67
-1.49975	340	89
-1.499709	219	69
-1.499459	245	72
-1.50116	251	80
-1.500532	203	61
-1.558097	361	88
-1.499844	310	80
-1.561817	292	82
-1.55868	301	85
-1.500718	312	93
-1.560771	335	85
-1.500151	255	71
-1.560738	281	84
-1.500608	227	64
-1.560823	346	86
-1.560927	321	80
-1.502334	299	83
-1.561663	232	69
-1.500285	206	62
-1.499943	226	60
-1.49983	209	58
-1.500261	199	60
-1.561445	352	85
-1.500097	237	65
-1.5609	287	84
-1.561574	255	74
-1.500218	275	80
-1.560595	260	80
-1.561831	223	73
-1.50077	259	69
-1.499408	341	87
-1.561118	185	67
-1.499487	297	80
-1.500375	240	68
-1.499982	244	75
-1.560234	240	69
-1.561094	303	98
-1.553284	391	92
-1.519918	412	98
-1.561602	320	88
-1.499484	273	72
-1.561052	318	85
-1.561554	315	86
-1.508426	416	100
-1.560889	262	77
-1.560991	298	82
-1.499743	234	67
-1.500004	261	80
-1.499582	185	54
-1.499767	281	79
-1.561728	244	66
-1.50028	204	62
-1.500032	170	50
-1.499833	326	87
-1.50492	381	92
-1.500248	310	81
-1.500206	288	77
-1.500108	259	69
-1.561582	310	87
-1.499176	355	89
-1.49959	242	66
-1.499514	212	70
-1.500315	203	66
-1.56198	319	84
-1.499742	253	69
-1.499911	247	61
-1.499839	266	79
-1.498347	215	55
-1.562264	351	93
-1.562046	349	96
-1.561766	326	88
-1.500085	185	55
-1.561061	352	91
-1.500055	239	68
-1.500189	214	64
-1.561285	251	75
-1.561916	257	80
-1.559465	396	96
-1.499928	299	83
-1.499651	292	78
-1.500334	355	85
-1.500733	298	82
-1.561453	352	90
-1.500148	208	61
-1.561937	192	60
-1.500169	384	92
-1.499873	391	96
-1.561086	304	78
-1.560715	259	73
-1.561284	349	84
-1.499982	297	72
-1.499964	245	67
-1.499339	256	69
-1.561826	349	95
-1.563003	314	93
-1.562467	279	76
-1.561568	394	100
-1.499937	258	68
-1.500504	216	67
-1.499438	226	67
-1.562028	252	76
-1.561946	309	86
-1.499871	238	66
-1.500349	264	80
-1.50005	229	67
-1.500254	235	61
-1.56113	254	69
-1.561178	257	74
-1.500616	204	63
-1.499851	224	56
-1.561697	282	79
-1.499775	264	72
-1.49973	306	81
-1.499431	312	77
-1.562159	286	86
-1.500594	203	58
-1.506111	366	97
-1.561574	358	94
-1.499586	193	66
-1.500784	261	79
-1.500088	264	71
-1.498929	215	59
-1.499865	277	73
-1.49972	236	67
-1.500345	270	82
-1.500363	199	58
-1.499562	288	78
-1.499458	327	84
-1.562053	343	86
-1.499851	336	85
-1.561614	350	91
-1.500219	309	76
-1.499685	259	76
-1.561666	392	90
-1.500176	231	63
-1.499483	303	77
-1.50063	166	51
-1.515063	348	84
-1.561757	270	77
-1.562106	242	63
-1.56099	293	83
-1.561246	213	66
-1.499403	250	69
-1.499349	279	73
-1.561685	334	84
-1.49972	329	81
-1.561977	309	89
-1.559895	305	77
-1.500337	257	82
-1.500317	205	59
-1.561229	312	75
-1.499242	244	77
-1.501162	219	66
-1.49999	355	91
-1.500275	239	73
-1.499362	220	63
-1.561252	294	87
-1.561442	403	100
-1.562462	300	83
-1.559997	265	74
-1.500767	318	87
-1.561947	350	92
-1.560758	330	95
-1.561322	328	86
-1.561423	272	72
-1.499561	218	64
-1.499526	257	67
-1.562494	246	72
-1.500017	332	88
-1.561674	296	73
-1.500424	201	56
-1.49922	195	54
-1.560742	455	100
-1.560209	389	91
-1.56232	255	79
-1.560194	246	72
-1.560443	237	69
-1.500213	177	56
-1.500077	206	62
-1.559069	328	86
-1.561902	266	73
-1.499864	210	59
-1.561276	274	80
-1.562148	211	67
-1.500035	365	91
-1.500543	289	74
-1.561779	228	69
-1.561797	258	78
-1.499504	245	63
-1.560394	321	87
-1.500244	225	60
-1.560786	257	81
-1.499781	317	76
-1.500062	238	65
-1.499546	294	71
-1.552542	350	98
-1.561951	327	80
-1.560703	264	69
-1.560445	330	91
-1.561241	309	89
-1.500009	308	85
-1.561004	341	96
-1.500831	270	76
-1.49983	267	70
-1.499744	222	56
-1.562214	411	98
-1.561334	277	74
-1.500749	299	79
-1.500231	208	58
-1.561064	253	71
-1.50032	273	80
-1.498917	270	75
-1.500921	257	85
-1.561695	258	79
-1.500195	285	77
-1.499159	312	83
-1.499256	204	62
-1.560873	349	90
-1.500835	348	93
-1.499592	255	78
-1.500191	265	70
-1.562068	249	70
-1.500714	280	74
-1.561721	177	62
-1.499553	303	86
-1.561586	325	93
-1.560577	307	86
-1.499625	298	81
-1.500978	225	60
-1.561764	298	85
-1.560932	317	80
-1.561423	247	78
-1.49929	300	73
-1.500745	212	69
-1.561631	198	57
-1.500415	187	59
-1.499582	298	79
-1.500323	287	77
-1.561434	332	86
-1.562279	366	86
-1.499866	334	87
-1.499598	282	72
-1.499911	213	58
-1.499869	206	63
-1.500164	391	93
-1.551918	396	99
-1.499928	206	56
-1.49977	280	77
-1.500307	241	70
-1.500084	301	78
-1.499323	180	60
-1.499632	356	91
-1.499221	315	89
-1.499704	238	62
-1.500223	340	91
-1.188088	391	96
-1.55999	382	96
-1.499809	213	61
-1.49994	221	58
-1.560801	272	86
-1.500362	258	71
-1.499746	270	77
-1.56166	402	93
-1.562317	355	87
-1.561458	315	80
-1.500041	349	81
-1.561229	296	87
-1.499687	298	82
-1.504793	353	93
-1.499783	271	69
-1.562297	268	73
-1.561696	338	90
-1.561504	256	77
-1.561441	363	94
-1.559426	233	64
-1.499827	260	76
-1.499952	262	72
-1.499936	238	76
-1.560961	245	72
-1.561453	237	69
-1.499651	335	82
-1.551074	397	93
-1.5003	329	85
-1.500066	213	61
-1.499603	198	56
-1.56094	369	97
-1.562045	328	99
-1.560739	313	81
-1.500251	183	54
-1.499611	196	53
-1.553322	376	94
-1.562347	313	83
-1.561349	313	79
-1.499691	204	60
-1.500474	257	79
-1.499858	286	76
-1.500181	333	95
-1.559438	307	85
-1.500421	298	78
-1.49929	253	77
-1.498993	253	75
-1.502868	376	99
-1.561367	344	97
-1.500883	273	68
-1.56255	334	96
-1.562522	266	80
-1.500829	338	80
-1.501279	188	58
-1.561235	384	99
-1.499231	239	71
-1.499239	233	69
-1.562027	217	63
-1.500219	272	79
-1.501027	278	68
-1.499747	359	89
-1.560755	264	75
-1.561238	177	61
-1.500695	277	73
-1.500775	291	79
-1.49923	272	71
-1.562352	360	89
-1.561298	333	86
-1.562114	274	75
-1.560969	419	97
-1.561255	228	71
-1.500234	257	78
-1.500101	220	65
-1.500256	268	73
-1.499316	274	70
-1.49978	265	75
-1.498992	219	57
-1.561472	315	88
-1.499791	309	82
-1.561119	277	84
-1.561194	280	74
-1.500139	215	63
-1.561078	286	73
-1.56115	300	78
-1.499236	408	96
-1.561896	275	78
-1.499879	293	74
-1.49953	242	75
-1.500189	230	62
-1.561778	334	87
-1.560777	373	98
-1.561196	278	74
-1.500392	333	80
-1.561671	247	70
-1.499321	271	69
-1.499759	245	70
-1.560711	294	81
-1.561751	263	81
-1.49875	309	79
-1.560642	227	73
-1.498941	254	72
-1.50029	304	85
-1.560076	313	81
-1.561767	284	83
-1.499282	332	87
-1.560494	430	98
-1.50028	206	67
-1.561958	287	84
-1.563214	412	100
-1.560781	246	69
-1.56175	278	77
-1.562212	211	69
-1.500382	207	64
-1.561312	270	80
-1.499844	339	86
-1.560998	301	93
-1.498985	274	77
-1.562008	341	89
-1.499335	241	64
-1.50035	422	99
-1.499575	216	55
-1.561953	269	84
-1.499218	249	70
-1.560489	237	67
-1.500963	341	86
-1.501093	351	87
-1.501082	329	83
-1.499643	239	64
-1.560661	327	89
-1.500052	196	55
-1.499044	294	76
-1.500078	240	66
-1.499613	297	80
-1.50029	343	92
-1.500086	221	64
-1.499996	385	88
-1.559587	287	78
-1.500123	254	72
-1.499406	236	66
-1.500009	308	85
-1.500036	230	63
-1.500062	305	85
-1.56265	378	97
-1.500298	242	69
-1.501256	197	58
-1.522471	313	88
-1.499661	329	87
-1.561255	243	69
-1.499644	225	62
-1.500943	328	81
-1.561006	285	80
-1.500495	262	76
-1.500097	219	64
-1.560434	247	71
-1.56177	228	72
-1.562178	361	96
-1.560555	255	71
-1.56069	278	77
-1.561005	256	73
-1.501797	294	77
-1.499665	227	68
-1.559717	327	84
-1.49886	250	78
-1.5603	382	95
-1.547758	458	100
-1.561677	281	81
-1.500414	323	85
-1.499538	211	61
-1.498917	212	62
-1.561708	263	77
-1.500559	195	54
-1.499233	246	67
-1.561235	319	80
-1.559824	310	88
-1.562498	423	100
-1.56089	322	85
-1.500228	246	72
-1.499835	211	58
-1.499611	229	67
-1.499641	303	81
-1.50009	214	60
-1.561346	268	70
-1.500196	248	62
-1.561092	249	69
-1.498966	229	65
-1.498478	391	98
-1.500983	212	64
-1.500297	232	63
-1.56102	238	65
-1.562986	354	88
-1.500564	298	73
-1.499673	266	79
-1.499378	226	64
-1.561705	343	85
-1.500558	261	85
-1.500398	307	91
-1.500048	234	77
-1.559805	393	100
-1.500454	342	88
-1.50301	415	91
-1.561529	326	79
-1.500484	275	66
-1.499729	245	77
-1.561336	200	64
-1.561402	408	98
-1.50024	233	65
-1.560378	278	77
-1.561287	219	66
-1.499838	234	71
-1.561245	276	71
-1.499317	297	75
-1.561289	283	76
-1.500365	221	63
-1.499926	335	84
-1.561271	228	70
-1.560303	281	80
-1.499763	221	57
-1.50071	318	81
-1.560673	222	63
-1.562678	299	82
-1.49911	278	74
-1.5005	202	58
-1.49952	286	81
-1.499598	310	82
-1.500598	159	50
-1.560928	360	100
-1.560108	245	69
-1.50123	284	74
-1.499049	244	65
-1.561393	344	91
-1.499411	219	64
-1.499821	187	52
-1.500374	191	57
-1.500526	268	75
-1.499602	234	61
-1.499462	217	66
-1.499968	278	72
-1.499877	283	84
-1.500183	367	90
-1.499525	268	74
-1.499327	354	97
-1.500375	268	72
-1.542294	371	95
-1.560204	289	82
-1.501095	214	66
-1.500192	321	85
-1.499795	268	83
-1.560765	236	76
-1.499255	332	85
-1.5001	237	67
-1.500077	369	99
-1.499364	166	55
-1.561884	406	96
-1.500072	344	96
-1.500145	269	85
-1.500068	231	69
-1.499263	239	73
-1.561674	418	98
-1.561952	228	65
-1.498952	247	66
-1.499867	312	88
-1.500404	346	83
-1.500231	348	88
-1.499363	298	76
-1.500243	184	60
-1.499723	216	64
-1.498493	238	75
-1.499529	292	80
-1.500096	307	92
-1.500358	295	86
-1.56128	370	100
-1.560812	250	82
-1.560693	299	88
-1.561961	262	74
-1.500516	244	67
-1.499584	272	67
-1.49993	211	64
-1.499901	222	63
-1.499343	172	53
-1.498981	315	82
-1.561563	302	87
-1.560893	237	71
-1.500212	269	67
-1.500388	297	78
-1.562579	391	99
-1.499151	268	81
-1.500549	257	70
-1.500198	223	66
-1.499774	349	91
-1.560687	348	91
-1.499318	279	78
-1.499914	260	72
-1.562533	299	78
-1.498843	285	75
-1.498944	259	66
-1.561031	410	99
-1.561369	297	91
-1.499628	345	97
-1.499759	311	79
-1.56025	392	97
-1.561088	367	93
-1.499793	246	68
-1.536103	385	95
-1.500277	310	89
-1.50015	352	90
-1.561624	256	72
-1.560937	325	84
-1.56112	348	89
-1.500124	290	81
-1.562166	295	85
-1.56248	218	61
-1.499243	236	65
-1.499725	180	55
-1.500214	258	70
-1.558558	279	73
-1.500251	215	68
-1.500117	287	87
-1.561152	243	68
-1.558303	247	69
-1.561424	172	55
-1.500076	233	74
-1.499039	332	76
-1.49937	240	68
-1.50059	207	64
-1.500192	402	97
-1.50011	202	59
-1.499307	331	83
-1.56158	223	72
-1.560106	282	89
-1.561389	261	78
-1.5614	260	81
-1.500358	178	53
-1.560476	314	82
-1.49989	233	63
-1.561461	291	87
-1.500398	389	96
-1.560396	223	66
-1.499922	264	82
-1.561264	370	92
-1.499625	266	68
-1.499874	185	55
-1.500302	228	66
-1.499421	247	79
-1.499543	339	78
-1.561075	262	76
-1.561063	250	72
-1.561697	223	65
-1.561846	334	86
-1.560222	383	96
-1.499407	288	73
-1.50021	319	84
-1.560747	341	85
-1.50092	406	98
-1.500101	273	78
-1.499819	218	68
-1.500613	223	68
-1.499901	229	75
-1.499913	370	91
-1.49997	356	97
-1.563675	340	92
-1.561378	287	92
-1.499785	284	73
-1.561038	229	71
-1.500282	344	89
-1.499896	290	76
-1.516532	407	100
-1.561182	270	80
-1.499657	307	85
-1.562692	342	89
-1.499615	295	78
-1.561057	215	65
-1.500352	221	70
-1.50001	272	75
-1.500237	241	69
-1.500175	217	61
-1.500257	299	77
-1.559807	240	63
-1.560934	253	80
-1.501708	380	91
-1.499339	258	66
-1.499851	247	72
-1.560299	321	86
-1.561172	246	67
-1.561501	249	80
-1.500366	389	87
-1.561202	217	70
-1.499618	240	71
-1.500402	232	66
-1.500605	241	65
-1.499705	246	69
-1.499917	246	74
-1.56142	367	94
-1.561798	300	76
-1.562407	284	79
-1.561823	282	83
-1.499911	295	79
-1.499261	237	66
-1.56105	312	72
-1.561768	386	95
-1.561186	208	58
-1.500619	326	83
-1.560714	329	84
-1.560969	362	93
-1.560726	238	69
-1.560614	285	81
-1.500134	301	77
-1.50008	223	70
-1.49945	272	74
-1.49943	327	84
-1.49955	338	84
-1.561918	262	77
-1.499405	248	74
-1.500157	250	67
-1.499925	225	63
-1.500277	256	69
-1.500568	312	87
-1.499554	211	57
-1.561254	396	94
-1.499673	211	64
-1.499794	230	64
-1.499516	238	61
-1.499993	327	84
-1.561635	289	82
-1.499609	416	95
-1.561926	271	83
-1.559888	309	90
-1.499903	337	88
-1.499747	250	67
-1.561449	274	81
-1.560892	296	88
-1.49952	329	82
-1.50009	253	72
-1.499149	451	100
-1.561908	379	93
-1.561086	206	66
-1.499723	226	64
-1.499682	264	66
-1.561493	349	83
-1.499241	188	56
-1.561811	303	84
-1.50024	249	86
-1.561859	318	85
-1.56113	396	98
-1.561093	365	88
-1.500426	266	69
-1.49973	223	70
-1.500678	273	80
-1.500221	261	77
-1.560761	314	85
-1.561247	350	89
-1.499638	235	75
-1.561537	326	83
-1.561844	307	82
-1.562034	291	85
-1.561298	271	81
-1.562464	318	90
-1.499184	242	71
-1.561817	391	91
-1.561666	244	71
-1.56182	274	66
-1.499299	260	73
-1.499546	233	65
-1.561453	198	67
-1.500252	230	67
-1.49979	235	65
-1.499712	319	82
-1.499985	243	74
-1.500551	264	78
-1.561837	324	90
-1.522797	408	100
-1.499145	247	71
-1.532753	432	100
-1.500093	333	83
-1.560543	320	91
-1.561259	272	74
-1.499302	324	86
-1.499407	306	83
-1.499564	259	79
-1.560885	248	76
-1.500324	259	74
-1.561609	357	97
-1.500167	213	62
-1.560867	275	80
-1.500216	246	67
-1.561211	245	80
-1.560181	298	77
-1.49946	185	60
-1.500515	287	75
-1.56109	272	88
-1.56149	239	67
-1.561779	306	87
-1.56052	306	83
-1.561539	402	98
-1.499306	249	72
-1.499755	199	59
-1.56087	305	89
-1.499528	199	56
-1.558246	338	86
-1.502714	449	100
-1.56205	196	65
-1.562328	201	62
-1.499104	296	74
-1.561596	395	100
-1.499361	358	88
-1.500114	210	63
-1.561051	402	88
-1.561806	342	89
-1.561864	280	81
-1.500247	299	79
-1.50005	209	65
-1.560725	285	79
-1.499764	237	67
-1.50021	218	67
-1.500148	244	76
-1.500387	299	90
-1.500509	275	75
-1.499455	234	66
-1.499756	236	70
-1.499137	282	76
-1.561401	419	100
-1.561279	256	73
-1.561579	363	98
-1.561596	381	98
-1.560079	251	74
-1.562571	191	61
-1.56106	273	80
-1.499405	245	70
-1.499958	207	60
-1.561305	298	86
-1.56255	305	88
-1.499623	178	52
-1.499369	246	67
-1.5597	332	84
-1.560643	289	85
-1.561892	359	94
-1.56183	255	80
-1.56172	306	84
-1.499995	193	57
-1.560787	345	100
-1.500099	308	78
-1.560868	318	77
-1.500064	327	89
-1.50025	269	72
-1.499818	191	59
-1.500371	191	58
-1.499894	302	73
-1.562257	295	85
-1.561805	228	63
-1.500273	282	78
-1.499901	249	62
-1.515806	360	100
-1.500431	238	66
-1.561782	201	60
-1.499812	229	70
-1.499645	222	74
-1.560905	303	83
-1.500809	230	61
-1.500006	217	60
-1.561718	302	80
-1.501144	335	85
-1.561273	236	73
-1.499784	372	96
-1.561189	199	66
-1.499792	234	66
-1.499527	309	80
-1.561824	290	84
-1.561025	226	71
-1.561518	252	68
-1.500855	354	88
-1.50045	266	75
-1.498948	265	73
-1.559552	360	85
-1.500915	288	80
-1.498837	242	69
-1.500023	253	76
-1.560742	262	79
-1.561999	315	83
-1.561798	327	87
-1.561058	211	60
-1.500909	335	85
-1.499505	242	59
-1.49966	326	93
-1.561102	222	72
-1.500146	222	67
-1.500568	195	60
-1.562165	218	74
-1.499722	267	84
-1.499726	404	98
-1.499947	297	79
-1.499266	338	89
-1.561727	308	92
-1.560751	307	78
-1.500599	194	61
-1.499621	209	60
-1.500202	336	81
-1.500092	352	85
-1.560816	338	97
-1.500159	242	70
-1.56192	424	100
-1.499994	270	72
-1.561263	258	78
-1.561703	359	95
-1.561318	282	84
-1.499985	291	76
-1.501228	260	77
-1.561632	271	76
-1.561278	246	74
-1.499617	239	68
-1.561478	245	74
-1.56188	323	89
-1.561623	294	85
-1.562576	328	89
-1.499983	378	95
-1.499722	199	64
-1.561643	331	85
-1.499249	243	66
-1.499434	317	82
-1.562054	402	98
-1.561586	232	74
-1.500779	246	80
-1.499391	318	81
-1.500607	248	71
-1.560633	348	97
-1.560948	260	74
-1.499501	296	79
-1.500434	173	54
-1.499577	257	80
-1.561307	340	86
-1.500216	247	75
-1.499627	335	87
-1.56239	379	100
-1.500067	212	69
-1.561418	358	93
-1.56111	257	83
-1.500701	305	83
-1.499424	358	88
-1.499386	248	69
-1.50027	289	72
-1.499545	226	72
-1.562526	272	85
-1.499993	225	69
-1.510612	295	85
-1.50007	253	71
-1.499747	278	81
-1.561449	202	64
-1.500045	242	61
-1.534213	342	95
-1.561524	368	99
-1.562188	280	69
-1.5006	267	68
-1.500979	219	71
-1.561517	268	79
-1.499333	236	65
-1.500767	221	65
-1.500058	349	88
-1.561455	310	94
-1.561497	319	84
-1.558993	321	87
-1.560754	258	71
-1.499693	267	69
-1.559583	400	99
-1.500204	230	62
-1.500309	313	80
-1.560346	337	78
-1.500132	184	58
-1.560892	353	87
-1.560861	393	93
-1.499564	348	89
-1.500967	382	97
-1.500154	207	69
-1.499978	245	63
-1.499589	227	65
-1.499299	275	72
-1.56256	342	97
-1.500378	210	61
-1.499636	254	79
-1.560782	278	76
-1.5593	228	65
-1.561546	350	89
-1.561531	265	75
-1.561287	346	86
-1.562242	331	93
-1.500195	234	68
-1.49978	370	98
-1.561345	272	82
-1.500241	305	80
-1.500293	288	73
-1.561186	314	89
-1.50082	258	79
-1.561165	329	85
-1.502564	396	96
-1.499062	395	97
-1.560966	301	87
-1.499771	263	70
-1.499636	197	63
-1.500199	240	68
-1.499127	200	57
-1.500629	263	72
-1.500876	266	72
-1.49968	231	66
-1.562383	354	89
-1.561929	247	70
-1.498688	255	72
-1.499748	291	72
-1.500519	322	90
-1.499474	267	78
-1.562059	282	75
-1.560382	338	88
-1.499492	195	62
-1.499529	247	68
-1.558908	279	71
-1.500204	325	90
-1.560488	251	77
-1.500151	184	53
-1.561697	210	63
-1.561254	250	73
-1.500599	250	73
-1.561503	308	91
-1.561276	233	64
-1.501552	309	81
-1.500237	357	90
-1.56108	229	73
-1.500283	240	73
-1.499981	290	77
-1.499776	261	81
-1.499203	254	71
-1.505042	374	87
-1.561337	254	75
-1.56118	251	71
-1.499837	305	84
-1.499835	290	78
-1.500063	213	64
-1.499399	293	72
-1.55881	305	80
-1.499939	245	73
-1.560794	368	98
-1.561771	304	90
-1.499796	219	64
-1.499867	206	66
-1.500246	390	95
-1.561909	267	70
-1.500237	218	65
-1.562889	319	89
-1.499959	309	79
-1.500115	260	76
-1.561121	297	84
-1.498908	267	81
-1.561196	340	92
-1.499636	181	52
-1.500799	227	73
-1.560792	302	87
-1.499585	215	63
-1.499028	290	76
-1.561852	226	71
-1.562344	283	79
-1.499998	297	77
-1.561152	217	58
-1.500485	191	56
-1.499413	184	52
-1.500105	314	89
-1.500173	301	75
-1.561026	264	75
-1.561177	311	81
-1.499905	265	72
-1.561405	374	92
-1.49958	186	55
-1.561379	190	63
-1.499752	246	69
-1.499894	242	67
-1.500233	313	83
-1.499245	291	82
-1.561213	254	81
-1.500279	278	79
-1.561554	285	87
-1.4998	241	76
-1.499546	263	78
-1.56192	283	82
-1.510024	394	97
-1.559973	289	79
-1.561312	299	77
-1.56135	339	80
-1.499213	359	95
-1.50033	208	62
-1.49939	263	77
-1.499885	350	85
-1.499778	245	66
-1.500225	191	61
-1.560929	317	82
-1.500816	244	78
-1.500043	326	82
-1.499351	401	94
-1.499708	376	96
-1.562641	399	97
-1.499187	217	63
-1.562189	283	80
-1.500204	211	63
-1.499466	325	84
-1.500432	317	79
-1.562069	396	91
-1.500199	202	68
-1.500715	364	97
-1.499124	239	65
-1.500272	307	86
-1.561075	224	74
-1.499463	347	92
-1.55738	350	86
-1.560944	361	93
-1.532155	282	79
-1.499695	270	72
-1.562603	258	80
-1.562063	274	73
-1.561738	224	63
-1.499962	177	51
-1.561354	252	67
-1.499089	272	76
-1.499737	279	78
-1.500428	235	70
-1.561542	212	70
-1.561857	311	94
-1.500131	293	79
-1.561602	278	84
-1.500197	292	74
-1.503952	300	84
-1.499769	264	73
-1.56126	296	80
-1.562056	255	77
-1.561977	379	99
-1.499621	244	65
-1.505319	289	81
-1.500483	254	74
-1.500323	213	55
-1.498881	292	75
-1.499612	333	88
-1.500878	372	94
-1.500077	238	65
-1.561539	298	88
-1.500151	307	79
-1.500586	210	62
-1.560866	302	81
-1.56233	420	100
-1.560613	266	82
-1.500438	311	84
-1.560823	322	79
-1.561871	251	77
-1.500139	279	73
-1.56089	322	84
-1.499332	261	72
-1.561741	231	74
-1.500291	368	97
-1.499834	188	57
-1.561544	294	83
-1.560382	316	76
-1.561936	232	67
-1.500002	265	73
-1.500758	307	79
-1.56137	342	92
-1.500088	227	75
-1.560645	308	83
-1.499657	316	85
-1.561151	361	90
-1.561304	213	59
-1.561804	224	63
-1.500266	265	78
-1.499998	206	68
-1.500128	325	87
-1.499045	303	81
-1.561189	198	62
-1.499755	272	76
-1.561991	311	87
-1.499313	311	86
-1.561607	391	100
-1.561551	343	98
-1.500486	319	85
-1.561714	330	79
-1.561738	360	89
-1.500188	263	73
-1.499993	230	59
-1.560414	312	79
-1.561395	242	66
-1.560703	268	72
-1.561285	304	81
-1.500331	277	81
-1.499688	211	64
-1.562975	240	67
-1.561758	341	86
-1.499861	291	79
-1.499174	259	67
-1.499805	244	77
-1.499771	209	53
-1.560079	268	81
-1.500213	315	84
-1.562179	371	98
-1.561691	298	76
-1.500316	244	67
-1.56041	266	73
-1.499794	290	80
-1.560943	249	66
-1.499953	170	47
-1.562215	244	76
-1.500636	297	84
-1.4999	207	65
-1.49986	345	85
-1.560971	258	67
-1.499596	275	72
-1.499948	234	64
-1.561634	316	89
-1.561893	214	59
-1.500772	196	57
-1.500061	201	62
-1.501005	334	82
-1.50154	339	89
-1.560537	256	77
-1.499282	405	95
-1.559862	283	82
-1.500287	365	88
-1.562013	323	89
-1.561357	254	71
-1.49928	283	76
-1.499596	280	77
-1.500184	201	59
-1.555034	357	99
-1.50018	211	56
-1.561181	255	74
-1.56136	305	93
-1.499297	306	77
-1.498825	268	73
-1.560214	276	81
-1.500813	249	70
-1.561859	248	76
-1.561055	418	100
-1.499729	255	76
-1.499575	256	76
-1.498806	309	86
-1.56187	287	86
-1.500071	287	77
-1.562005	345	96
-1.561666	280	72
-1.499304	282	74
-1.562243	221	67
-1.560352	279	76
-1.499638	222	65
-1.500146	299	90
-1.499701	310	89
-1.561329	431	100
-1.561171	225	65
-1.49974	220	67
-1.560862	306	83
-1.500472	243	67
-1.500605	208	64
-1.500198	230	66
-1.50053	234	68
-1.499921	337	79
-1.561576	196	69
-1.561534	340	93
-1.561293	382	98
-1.500105	247	72
-1.500318	282	76
-1.499964	221	63
-1.500722	377	95
-1.561801	318	87
-1.562189	331	97
-1.500217	284	79
-1.500554	322	88
-1.499941	226	63
-1.499299	212	62
-1.561128	372	88
-1.55872	356	87
-1.561579	325	82
-1.561967	271	82
-1.500602	205	61
-1.562457	244	76
-1.561898	313	96
-1.500173	272	79
-1.500339	214	61
-1.499104	271	71
-1.499991	290	70
-1.500267	245	67
-1.500356	259	75
-1.499527	293	82
-1.561619	414	100
-1.500193	272	70
-1.499508	222	65
-1.49914	276	74
-1.557523	450	100
-1.500127	283	77
-1.562103	426	99
-1.501261	284	74
-1.560064	400	99
-1.499901	281	74
-1.500786	251	75
-1.49979	201	56
-1.499417	291	80
-1.561479	253	79
-1.561418	285	68
-1.561731	313	88
-1.561482	226	66
-1.499477	222	61
-1.561821	410	100
-1.499755	214	64
-1.499716	236	64
-1.562194	342	85
-1.560938	328	86
-1.500237	280	76
-1.49988	286	76
-1.499707	208	62
-1.499124	291	72
-1.500229	222	64
-1.501032	275	75
-1.499002	236	76
-1.561559	217	61
-1.561756	287	81
-1.561069	274	68
-1.500167	325	79
-1.500115	189	48
-1.561217	360	95
-1.561292	274	77
-1.56133	298	85
-1.500182	299	83
-1.499837	207	61
-1.561656	300	84
-1.558325	372	99
-1.500294	256	73
-1.500406	215	71
-1.561478	337	86
-1.49995	184	55
-1.499882	337	84
-1.500481	185	53
-1.500226	256	73
-1.561446	294	86
-1.50005	263	71
-1.500445	290	76
-1.561149	362	79
-1.562462	240	67
-1.561005	398	95
-1.561888	354	87
-1.500196	208	74
-1.500793	229	66
-1.499919	340	77
-1.561146	259	78
-1.5612	299	76
-1.500661	185	51
-1.562057	251	73
-1.561002	239	67
-1.499651	276	74
-1.561538	364	94
-1.500962	205	61
-1.560555	269	65
-1.500341	254	76
-1.560648	231	69
-1.560696	193	64
-1.5614	231	70
-1.560945	322	88
-1.560631	304	83
-1.562443	356	92
-1.56065	285	85
-1.561706	236	73
-1.500141	256	67
-1.560366	249	80
-1.499641	221	60
-1.51196	406	95
-1.499864	198	67
-1.560996	335	86
-1.499251	391	95
-1.49926	296	78
-1.560207	337	91
-1.561447	259	77
-1.558763	368	95
-1.555763	308	73
-1.499179	281	78
-1.562326	278	75
-1.560555	334	83
-1.500257	221	58
-1.561183	274	77
-1.499935	196	62
-1.499699	299	87
-1.561339	324	89
-1.501021	286	74
-1.500547	267	77
-1.499219	234	76
-1.500416	206	52
-1.561493	329	92
-1.562341	233	74
-1.49994	249	73
-1.500452	281	78
-1.49869	236	72
-1.524755	357	89
-1.499713	232	70
-1.500495	213	59
-1.561377	262	71
-1.500835	262	75
-1.499512	222	66
-1.49918	236	64
-1.499977	243	69
-1.499891	278	81
-1.562233	246	82
-1.562399	335	91
-1.500683	387	96
-1.562357	277	80
-1.561516	266	83
-1.499502	305	82
-1.500499	275	68
-1.562332	292	86
-1.500673	387	100
-1.561333	340	96
-1.499822	221	67
-1.49936	243	68
-1.500167	225	67
-1.562424	257	77
-1.561197	172	57
-1.499697	252	68
-1.561481	278	87
-1.56162	281	72
-1.499826	450	100
-1.561849	275	85
-1.499877	363	95
-1.500247	324	86
-1.499855	211	68
-1.561778	352	93
-1.500216	378	98
-1.561913	318	86
-1.501223	248	71
-1.500196	215	60
-1.540056	376	97
-1.561521	316	87
-1.561338	348	97
-1.500618	331	85
-1.562667	264	77
-1.499641	211	66
-1.499674	343	89
-1.512259	319	90
-1.499185	198	57
-1.561066	287	81
-1.499432	342	97
-1.560154	434	95
-1.500243	375	90
-1.561515	301	78
-1.499848	190	57
-1.500374	258	76
-1.499477	241	69
-1.499281	254	66
-1.562039	197	60
-1.500577	228	67
-1.499445	261	67
-1.560742	259	79
-1.500128	236	66
-1.499354	317	89
-1.561957	208	66
-1.499834	257	72
-1.553844	389	99
-1.500168	370	90
-1.50036	189	59
-1.499788	196	72
-1.499668	226	63
-1.559652	244	78
-1.499822	283	80
-1.500013	243	69
-1.561598	303	82
-1.500078	226	68
-1.56109	273	81
-1.500229	177	54
-1.560685	233	64
-1.500094	267	70
-1.561104	319	72
-1.499865	302	76
-1.559951	275	86
-1.500433	178	55
-1.562234	271	77
-1.499722	276	73
-1.499464	247	65
-1.499935	276	78
-1.503678	355	88
-1.499298	237	66
-1.561828	325	83
-1.562384	243	65
-1.561238	378	95
-1.560276	245	70
-1.499836	283	83
-1.500249	258	80
-1.561137	274	74
-1.499544	323	80
-1.561544	286	85
-1.499275	376	95
-1.500049	228	62
-1.500504	272	85
-1.561928	228	66
-1.561837	288	79
-1.49992	204	59
-1.561144	283	82
-1.499401	277	79
-1.500093	223	75
-1.499962	275	76
-1.560882	330	85
-1.500541	236	69
-1.561182	287	73
-1.56143	311	92
-1.561176	280	80
-1.500221	213	67
-1.560083	202	63
-1.561237	304	87
-1.500761	278	78
-1.498963	271	73
-1.499921	228	67
-1.499678	277	74
-1.499584	285	82
-1.49929	218	68
-1.562148	254	78
-1.560418	282	76
-1.499762	305	78
-1.500413	229	67
-1.499829	307	80
-1.498982	354	82
-1.562388	341	84
-1.499697	267	74
-1.500066	349	84
-1.561809	309	85
-1.499734	207	66
-1.561637	274	81
-1.562284	391	100
-1.561142	294	75
-1.560709	375	97
-1.562088	234	72
-1.563197	262	71
-1.500726	247	69
-1.560921	265	76
-1.500359	253	74
-1.49962	366	97
-1.562591	361	94
-1.561198	288	79
-1.500201	178	51
-1.50061	269	69
-1.499946	245	70
-1.560684	297	84
-1.499326	300	74
-1.559223	385	94
-1.50019	317	82
-1.50069	313	83
-1.561506	302	78
-1.499992	262	71
-1.561263	251	68
-1.560523	228	75
-1.561373	178	60
-1.498998	242	64
-1.56132	396	100
-1.499709	218	59
-1.499316	244	70
-1.560988	263	74
-1.560968	322	91
-1.561314	398	95
-1.499582	261	68
-1.500503	202	60
-1.500493	386	96
-1.500156	221	60
-1.561585	209	63
-1.499114	282	75
-1.560918	335	96
-1.562131	285	85
-1.561179	255	81
-1.56197	341	96
-1.499439	322	78
-1.561062	296	81
-1.498663	357	91
-1.499092	220	60
-1.4996	232	66
-1.561008	294	79
-1.560258	207	66
-1.49987	219	64
-1.561164	277	76
-1.49982	231	63
-1.500089	359	87
-1.561661	201	63
-1.561135	255	75
-1.500482	308	85
-1.500886	272	71
-1.500463	254	76
-1.560035	217	68
-1.499743	261	73
-1.499983	278	79
-1.499637	266	81
-1.500444	244	63
-1.499266	284	72
-1.49984	362	86
-1.50023	243	65
-1.561013	335	91
-1.560088	335	91
-1.500234	207	65
-1.500518	191	65
-1.49989	250	71
-1.500592	228	61
-1.499724	274	75
-1.561658	297	88
-1.559887	324	86
-1.500039	256	71
-1.499652	267	74
-1.561131	240	69
-1.561725	349	93
-1.499841	359	93
-1.561115	241	82
-1.504914	365	95
-1.561108	231	63
-1.561018	231	69
-1.49886	247	78
-1.49985	221	66
-1.499666	299	80
-1.499984	269	74
-1.56006	374	92
-1.503418	331	86
-1.500321	227	62
-1.499732	240	66
-1.499477	303	84
-1.500738	340	91
-1.499885	388	98
-1.561742	350	88
-1.499273	279	73
-1.558696	300	83
-1.499904	189	59
-1.500232	267	71
-1.56172	357	93
-1.560542	436	100
-1.560832	243	66
-1.562172	259	75
-1.500851	409	99
-1.499608	204	68
-1.562063	257	80
-1.562345	331	95
-1.561969	266	68
-1.499366	205	62
-1.561481	302	81
-1.500156	302	75
-1.560388	363	90
-1.500753	367	96
-1.499776	385	94
-1.500017	186	58
-1.56099	343	92
-1.499557	294	83
-1.561422	269	80
-1.560723	368	93
-1.50044	190	60
-1.560631	312	75
-1.500131	185	57
-1.561454	316	77
-1.561855	439	100
-1.500029	201	55
-1.559627	334	88
-1.560348	319	93
-1.561449	244	66
-1.501048	259	80
-1.500423	272	78
-1.561677	293	85
-1.499684	184	59
-1.562322	305	88
-1.498787	359	94
-1.561652	306	80
-1.500255	225	65
-1.560876	354	90
-1.499909	217	64
-1.561157	257	80
-1.499949	276	72
-1.499568	207	62
-1.561446	194	57
-1.561803	321	92
-1.499928	217	66
-1.499852	257	73
-1.500371	356	96
-1.49957	326	81
-1.500012	385	99
-1.500799	200	61
-1.561999	321	85
-1.499627	396	92
-1.501007	308	77
-1.500823	265	78
-1.499914	203	66
-1.561149	275	78
-1.500103	278	75
-1.500524	206	61
-1.561206	298	87
-1.500131	179	54
-1.499155	251	70
-1.500369	229	62
-1.560382	247	65
-1.554534	396	99
-1.561482	276	71
-1.561206	320	92
-1.499743	268	73
-1.500982	254	77
-1.499239	295	78
-1.561525	298	80
-1.500177	307	85
-1.561374	325	89
-1.55984	356	86
-1.561431	294	82
-1.49936	279	69
-1.499944	209	59
-1.499455	304	80
-1.500535	317	79
-1.560813	313	86
-1.499532	263	75
-1.499603	225	65
-1.500527	301	89
-1.560999	257	72
-1.499911	304	83
-1.498936	215	54
-1.499441	297	84
-1.561151	325	87
-1.560386	265	80
-1.499641	299	84
-1.499361	248	68
-1.561761	324	92
-1.500015	280	75
-1.561824	317	86
-1.561863	252	74
-1.499597	261	75
-1.559927	314	88
-1.500948	378	94
-1.499779	234	65
-1.501339	266	79
-1.562079	282	80
-1.500673	380	98
-1.561636	290	90
-1.500077	251	71
-1.561792	258	67
-1.561281	378	97
-1.562541	252	79
-1.500901	212	61
-1.499906	245	71
-1.561157	336	88
-1.499466	205	65
-1.500551	238	64
-1.499563	326	83
-1.50055	226	69
-1.500076	220	63
-1.561752	334	92
-1.56065	243	68
-1.560806	289	73
-1.533545	304	82
-1.560997	310	93
-1.499819	203	66
-1.500093	235	71
-1.562219	256	69
-1.561238	294	80
-1.50151	442	100
-1.559468	390	98
-1.56132	291	85
-1.500138	355	86
-1.561704	416	98
-1.561825	326	78
-1.500172	246	68
-1.499636	328	88
-1.499606	228	62
-1.499189	312	85
-1.500818	309	85
-1.561838	441	100
-1.499585	281	71
-1.499335	318	81
-1.500122	245	68
-1.561991	286	83
-1.499519	256	76
-1.560581	371	98
-1.5	306	74
-1.561492	268	71
-1.561225	341	88
-1.499923	220	64
-1.500383	242	70
-1.500184	312	85
-1.501069	246	74
-1.561502	281	83
-1.499815	328	79
-1.560665	310	88
-1.560316	349	90
-1.560554	232	62
-1.500253	345	90
-1.500182	278	80
-1.5589	250	69
-1.499932	221	63
-1.500165	267	74
-1.499777	199	57
-1.499925	258	71
-1.560244	416	90
-1.561065	244	74
-1.499735	266	78
-1.499756	262	64
-1.499323	286	82
-1.561123	342	84
-1.499803	213	60
-1.561193	208	64
-1.560905	279	82
-1.559829	270	72
-1.560728	224	65
-1.561801	396	99
-1.499681	234	65
-1.500598	419	98
-1.560773	259	74
-1.499829	227	67
-1.500717	308	93
-1.561118	222	68
-1.500055	238	70
-1.500567	246	71
-1.56209	231	71
-1.512809	296	83
-1.499141	248	78
-1.499915	228	57
-1.500718	274	74
-1.561213	272	74
-1.499679	312	83
-1.500961	286	83
-1.562594	307	92
-1.499826	254	72
-1.561525	302	85
-1.562051	385	91
-1.561383	262	76
-1.561747	297	80
-1.500229	227	59
-1.560616	312	76
-1.56034	419	98
-1.56027	250	70
-1.499889	383	97
-1.561515	278	81
-1.500126	312	87
-1.561351	283	84
-1.500243	193	56
-1.500772	287	73
-1.50088	241	71
-1.499958	257	83
-1.562248	281	72
-1.50028	214	61
-1.560612	359	91
-1.56223	312	83
-1.500814	359	92
-1.561623	357	96
-1.499683	182	59
-1.499903	306	78
-1.500793	231	63
-1.500133	247	67
-1.500071	273	84
-1.499159	300	80
-1.562102	315	90
-1.561926	311	94
-1.499567	202	59
-1.499758	213	64
-1.561427	337	91
-1.5	342	91
-1.49966	363	90
-1.499305	311	80
-1.56134	242	73
-1.500797	282	82
-1.560345	255	83
-1.561102	286	76
-1.50022	226	63
-1.561312	312	85
-1.499923	211	62
-1.561962	353	93
-1.499416	208	60
-1.49901	261	71
-1.499584	239	70
-1.500665	324	83
-1.560979	382	92
-1.562729	256	75
-1.499811	294	81
-1.499466	298	83
-1.500656	302	81
-1.500002	256	76
-1.500177	263	76
-1.498882	318	85
-1.499854	178	57
-1.499394	345	91
-1.499593	231	57
-1.499908	284	83
-1.561615	397	98
-1.561949	274	83
-1.498917	310	89
-1.500039	380	96
-1.499665	330	91
-1.501118	219	62
-1.561341	347	85
-1.499022	224	63
-1.499977	254	72
-1.500097	337	88
-1.561547	271	79
-1.561219	274	80
-1.500242	317	80
-1.561503	292	85
-1.560824	253	74
-1.500714	220	66
-1.561038	285	78
-1.561322	280	79
-1.500467	251	72
-1.500091	217	67
-1.499761	337	89
-1.49949	249	73
-1.561172	323	87
-1.561868	376	95
-1.500058	253	74
-1.562111	276	85
-1.499127	181	59
-1.499595	234	67
-1.56179	301	81
-1.562265	280	81
-1.49987	353	94
-1.500691	195	58
-1.500286	304	79
-1.500482	249	74
-1.561643	317	86
-1.561127	283	78
-1.560943	211	64
-1.49961	195	54
-1.561009	271	75
-1.499681	286	72
-1.499425	204	58
-1.50003	322	75
-1.500303	238	73
-1.49979	295	76
-1.500598	284	81
-1.561672	313	85
-1.560865	249	76
-1.499835	224	63
-1.561617	359	93
-1.560688	375	95
-1.500061	298	78
-1.56261	285	78
-1.500856	391	100
-1.500153	233	68
-1.520988	277	78
-1.499867	273	81
-1.50042	331	81
-1.499968	173	60
-1.499568	222	69
-1.500108	235	66
-1.562058	320	81
-1.498875	275	76
-1.499406	309	86
-1.500964	243	73
-1.50014	207	67
-1.500884	262	77
-1.499965	259	64
-1.561628	310	86
-1.560875	295	83
-1.50025	180	57
-1.560923	296	85
-1.499832	192	62
-1.499762	344	89
-1.500013	272	74
-1.561094	344	85
-1.500798	256	76
-1.561856	250	72
-1.500093	359	81
-1.499809	200	68
-1.500574	305	82
-1.562653	316	87
-1.500182	233	70
-1.50023	306	75
-1.561492	322	77
-1.500436	182	54
-1.562393	279	89
-1.560343	325	81
-1.499978	335	89
-1.499271	175	53
-1.561654	340	93
-1.499604	237	67
-1.499789	193	58
-1.50063	426	96
-1.562082	291	78
-1.560876	449	98
-1.561285	375	97
-1.500285	200	59
-1.499254	241	67
-1.560648	224	70
-1.560419	367	99
-1.500166	268	69
-1.501486	368	93
-1.562668	443	100
-1.561574	245	69
-1.499341	207	55
-1.561233	376	95
-1.498127	284	71
-1.499676	285	78
-1.561175	290	81
-1.500474	279	74
-1.500197	205	57
-1.499707	268	77
-1.49871	255	68
-1.501774	318	85
-1.500101	290	78
-1.500817	322	85
-1.561501	262	67
-1.499531	328	87
-1.499872	262	73
-1.499192	364	86
-1.561551	208	62
-1.500319	175	49
-1.499572	287	77
-1.561346	293	80
-1.562187	194	59
-1.499858	210	61
-1.500033	298	77
-1.500031	188	57
-1.500516	246	70
-1.500652	291	87
-1.562209	343	90
-1.561487	263	71
-1.561302	290	72
-1.560683	315	84
-1.561505	390	97
-1.499782	259	72
-1.560996	284	85
-1.562935	335	88
-1.499001	152	49
-1.561754	305	81
-1.499574	256	69
-1.558625	249	74
-1.500169	193	62
-1.561263	384	93
-1.49973	201	58
-1.560486	265	76
-1.499472	248	62
-1.561578	292	83
-1.508675	292	84
-1.561276	296	82
-1.498982	324	85
-1.500497	298	82
-1.499566	242	73
-1.500246	222	62
-1.56187	264	74
-1.561021	387	95
-1.50054	391	95
-1.50071	277	74
-1.499658	232	64
-1.500434	327	83
-1.560555	331	76
-1.499309	327	79
-1.561026	321	87
-1.560688	193	63
-1.562031	307	81
-1.561792	306	88
-1.559228	327	88
-1.499811	241	65
-1.560414	395	97
-1.499493	206	54
-1.560726	268	77
-1.500352	351	83
-1.560342	241	68
-1.523753	292	87
-1.560157	275	77
-1.561524	356	92
-1.500398	292	79
-1.499615	258	75
-1.500357	190	67
-1.561353	299	91
-1.499318	245	71
-1.500229	309	82
-1.500251	266	78
-1.561193	349	95
-1.499854	277	78
-1.560307	283	78
-1.562257	318	85
-1.562201	259	85
-1.500806	306	84
-1.561409	340	79
-1.561443	234	75
-1.560971	244	65
-1.561292	363	95
-1.500472	254	69
-1.500334	267	77
-1.560955	269	80
-1.50076	210	62
-1.499677	222	66
-1.559475	413	95
-1.561213	255	70
-1.499824	338	87
-1.500155	228	65
-1.561996	344	96
-1.499476	196	66
-1.500743	239	69
-1.500006	217	64
-1.561346	280	74
-1.56188	371	97
-1.499058	230	74
-1.500829	336	87
-1.561271	266	79
-1.561647	345	91
-1.560796	198	66
-1.499863	259	79
-1.499632	356	96
-1.500606	286	75
-1.562301	341	99
-1.498671	239	69
-1.560933	214	66
-1.499602	188	51
-1.561948	241	72
-1.499004	208	62
-1.560907	276	81
-1.562061	389	100
-1.499423	302	75
-1.50005	285	76
-1.498864	268	75
-1.500904	197	53
-1.562274	306	90
-1.500728	326	84
-1.561076	380	91
-1.499493	247	68
-1.499319	222	64
-1.500536	301	80
-1.500112	252	70
-1.562033	212	64
-1.562205	214	65
-1.500729	274	76
-1.560989	339	97
-1.561778	381	99
-1.499585	233	58
-1.500264	240	66
-1.499592	240	67
-1.562479	235	68
-1.50015	303	77
-1.558025	335	96
-1.562364	297	82
-1.561593	407	98
-1.500542	303	82
-1.500178	208	58
-1.499712	264	74
-1.500272	359	93
-1.499927	266	69
-1.561852	287	79
-1.499666	254	69
-1.499515	362	90
-1.500117	248	74
-1.500063	343	90
-1.561974	293	85
-1.499922	242	67
-1.498833	309	81
-1.500138	305	82
-1.499978	268	70
-1.499157	401	96
-1.561823	284	78
-1.562498	299	84
-1.561317	318	82
-1.500291	236	74
-1.500157	283	74
-1.561704	290	88
-1.49942	304	82
-1.561029	405	96
-1.500675	325	78
-1.561217	274	72
-1.499945	271	74
-1.561597	310	91
-1.561453	270	83
-1.500232	310	88
-1.49964	332	84
-1.50012	238	64
-1.499927	262	86
-1.49919	200	63
-1.500567	331	83
-1.500193	325	86
-1.562162	264	81
-1.560488	269	75
-1.49972	230	74
-1.561145	347	88
-1.500307	202	63
-1.500327	305	77
-1.500401	318	82
-1.562115	384	95
-1.56187	332	95
-1.560993	286	82
-1.50017	247	64
-1.561075	297	87
-1.515972	275	71
-1.561418	290	78
-1.500124	239	64
-1.560438	314	85
-1.500023	251	67
-1.499498	252	66
-1.498901	197	60
-1.501296	369	96
-1.561416	226	66
-1.499617	194	60
-1.560917	319	93
-1.500215	211	64
-1.499402	258	74
-1.499944	239	73
-1.499657	243	67
-1.56148	279	82
-1.561668	430	100
-1.558873	367	90
-1.542023	347	92
-1.500001	294	84
-1.499433	403	94
-1.499498	315	87
-1.558472	377	95
-1.499992	314	90
-1.499613	296	83
-1.499834	263	72
-1.502276	322	93
-1.500221	224	64
-1.56143	332	95
-1.555417	251	73
-1.499826	332	89
-1.561585	211	75
-1.560403	240	69
-1.562358	411	95
-1.500192	213	64
-1.560642	320	81
-1.500153	295	79
-1.500564	308	80
-1.563142	320	93
-1.500025	280	75
-1.562549	242	81
-1.560752	373	95
-1.500558	264	73
-1.55886	232	62
-1.561989	271	70
-1.562347	313	79
-1.561206	324	85
-1.560437	280	81
-1.561415	272	79
-1.560897	298	85
-1.499258	222	75
-1.500368	297	89
-1.560871	333	85
-1.561079	272	79
-1.499571	322	72
-1.499913	323	84
-1.561553	306	83
-1.499402	188	60
-1.560962	279	85
-1.499981	195	58
-1.560687	348	94
-1.499965	220	65
-1.560288	378	92
-1.499742	328	84
-1.499342	321	90
-1.561816	321	93
-1.499876	239	62
-1.56056	337	94
-1.560774	216	70
-1.561222	324	88
-1.561942	295	80
-1.500303	227	73
-1.49982	330	88
-1.561428	295	92
-1.560754	235	74
-1.56245	259	83
-1.561457	282	75
-1.499576	360	94
-1.561698	224	73
-1.500817	269	70
-1.500719	273	81
-1.49998	264	77
-1.499455	223	72
-1.560433	293	79
-1.53538	378	100
-1.561759	301	76
-1.499286	246	69
-1.561767	320	90
-1.56195	263	75
-1.559613	297	80
-1.561067	255	72
-1.560302	352	98
-1.500031	283	74
-1.499532	452	99
-1.560982	333	86
-1.50044	272	75
-1.56124	256	80
-1.501208	232	57
-1.500555	262	78
-1.498713	261	67
-1.56238	345	89
-1.499834	273	73
-1.500698	384	100
-1.56081	282	79
-1.500031	249	64
-1.561814	378	98
-1.561385	423	100
-1.561431	310	77
-1.499828	331	95
-1.499463	328	82
-1.560735	323	85
-1.56128	297	71
-1.500667	215	65
-1.499672	350	89
-1.500072	360	87
-1.499415	232	65
-1.531833	339	89
-1.500278	217	61
-1.500804	189	56
-1.561894	291	85
-1.498976	314	83
-1.559072	354	99
-1.500477	217	62
-1.500699	207	63
-1.500008	186	55
-1.501044	285	79
-1.499735	367	95
-1.500217	401	97
-1.49938	191	54
-1.560471	333	87
-1.560811	192	65
-1.499626	249	70
-1.499971	319	75
-1.499388	225	62
-1.500695	333	86
-1.561626	266	81
-1.558751	273	73
-1.499746	272	72
-1.561316	217	64
-1.561203	381	97
-1.561393	351	92
-1.500003	293	81
-1.560796	358	86
-1.50051	342	89
-1.561807	272	81
-1.562648	337	88
-1.499781	240	72
-1.560954	335	89
-1.50042	327	90
-1.560859	318	78
-1.560449	409	94
-1.561559	255	74
-1.499918	298	74
-1.561866	219	77
-1.49984	192	52
-1.500098	264	71
-1.56312	377	98
-1.499935	222	67
-1.499844	325	97
-1.499735	372	98
-1.56116	196	60
-1.559626	353	91
-1.499846	354	91
-1.561672	431	98
-1.560472	291	87
-1.499678	248	62
-1.500721	267	77
-1.499352	278	82
-1.561261	367	89
-1.500068	276	74
-1.4999	236	69
-1.50015	270	67
-1.499113	294	78
-1.499939	282	80
-1.499771	217	65
-1.56055	327	91
-1.500044	180	49
-1.561415	302	82
-1.562489	377	98
-1.560404	391	81
-1.500366	257	69
-1.500595	307	82
-1.561849	360	96
-1.561378	253	77
-1.500465	241	71
-1.500331	272	69
-1.561389	362	98
-1.49982	275	75
-1.500823	298	82
-1.561172	311	95
-1.499314	210	54
-1.499545	256	78
-1.561606	210	63
-1.500293	254	65
-1.56103	314	86
-1.561358	319	86
-1.56065	287	77
-1.499995	261	73
-1.561796	286	81
-1.560907	330	92
-1.561334	240	76
-1.554301	325	86
-1.561679	347	85
-1.499111	219	76
-1.560027	316	85
-1.561079	378	94
-1.499812	260	65
-1.499784	212	70
-1.500365	248	67
-1.561663	434	100
-1.5617	199	61
-1.500376	313	81
-1.499954	234	66
-1.561675	222	61
-1.500405	231	63
-1.5004	209	62
-1.561279	241	75
-1.500291	281	78
-1.49998	286	79
-1.562048	336	87
-1.56123	248	73
-1.560869	332	86
-1.499	326	86
-1.56215	415	100
-1.56175	289	77
-1.498934	232	67
-1.560436	318	90
-1.56094	359	97
-1.560583	365	94
-1.499409	192	64
-1.499979	187	52
-1.50013	349	92
-1.500112	337	86
-1.560461	222	66
-1.500898	240	73
-1.561072	281	72
-1.561071	323	90
-1.499963	289	71
-1.56186	264	72
-1.562112	289	82
-1.561881	307	80
-1.499045	305	78
-1.499737	247	73
-1.560822	430	100
-1.498346	226	59
-1.49897	256	75
-1.50023	241	71
-1.561036	240	66
-1.50049	255	72
-1.562748	350	95
-1.499841	261	73
-1.561732	290	83
-1.561529	247	73
-1.500435	195	63
-1.560511	335	84
-1.500724	246	76
-1.560479	370	100
-1.500558	285	77
-1.562372	445	100
-1.56198	274	77
-1.499611	301	84
-1.560855	297	79
-1.499318	278	74
-1.561763	339	96
-1.561583	354	95
-1.500609	258	70
-1.499719	207	60
-1.561531	293	88
-1.561037	221	65
-1.500202	270	78
-1.501364	173	55
-1.500439	275	73
-1.56231	396	93
-1.561037	350	93
-1.499016	268	81
-1.499038	280	73
-1.56121	297	91
-1.499495	245	67
-1.561469	308	81
-1.49931	234	64
-1.499418	232	63
-1.560218	378	94
-1.499498	200	59
-1.561975	336	95
-1.561467	220	62
-1.499866	264	76
-1.49987	274	83
-1.561359	190	54
-1.499872	294	71
-1.500442	284	85
-1.500245	227	67
-1.561634	297	80
-1.499244	261	75
-1.56075	284	81
-1.561585	218	63
-1.499956	259	74
-1.500518	352	85
-1.500259	240	71
-1.562454	345	92
-1.499529	353	94
-1.501736	430	96
-1.499694	289	72
-1.499867	281	75
-1.500411	210	63
-1.499228	290	74
-1.562385	248	74
-1.562205	348	94
-1.499316	278	74
-1.55959	215	63
-1.561218	384	91
-1.499434	240	64
-1.500449	251	69
-1.562217	271	79
-1.499062	213	65
-1.500182	329	79
-1.561755	231	68
-1.49989	249	79
-1.498863	260	80
-1.500164	233	67
-1.560346	196	55
-1.500077	317	86
-1.560675	315	88
-1.499743	361	93
-1.49938	297	83
-1.561948	234	72
-1.561658	359	95
-1.500194	240	71
-1.499635	228	72
-1.500215	264	68
-1.500429	219	63
-1.500071	220	57
-1.561286	301	91
-1.500296	301	81
-1.560772	345	83
-1.562102	367	96
-1.561565	267	69
-1.500403	251	68
-1.561447	225	70
-1.499564	218	67
-1.500142	308	94
-1.500429	171	53
-1.500023	260	71
-1.500085	239	73
-1.500863	258	73
-1.558236	320	86
-1.49965	258	69
-1.560635	294	78
-1.56217	309	83
-1.561461	293	81
-1.559559	281	85
-1.499697	292	69
-1.562484	230	70
-1.561432	277	79
-1.56154	259	81
-1.500328	222	63
-1.560639	317	76
-1.561594	367	90
-1.560539	225	72
-1.500614	300	79
-1.500347	286	74
-1.500229	290	84
-1.499961	304	86
-1.561555	356	91
-1.499914	244	70
-1.560987	431	96
-1.561871	306	89
-1.49982	266	71
-1.49983	288	73
-1.49997	214	61
-1.499809	378	93
-1.562108	357	96
-1.562068	302	88
-1.561569	252	78
-1.500335	208	60
-1.562141	266	78
-1.500293	264	80
-1.562239	235	77
-1.560397	263	78
-1.498598	187	52
-1.499098	283	78
-1.560937	381	91
-1.500528	285	81
-1.561225	310	78
-1.562251	226	70
-1.561339	291	81
-1.561947	310	76
-1.500005	247	62
-1.561581	302	84
-1.500863	271	75
-1.4995	298	76
-1.499866	227	73
-1.515158	360	96
-1.499659	213	51
-1.560814	315	84
-1.499534	375	100
-1.561381	324	83
-1.499489	340	83
-1.562973	402	99
-1.562864	259	74
-1.561445	264	76
-1.500219	249	70
-1.500022	244	71
-1.49966	227	69
-1.500048	209	59
-1.49987	209	59
-1.561914	271	72
-1.500543	193	55
-1.560523	379	91
-1.499971	244	71
-1.500808	373	91
-1.499746	284	75
-1.499762	263	86
-1.500029	278	73
-1.561356	257	79
-1.500529	289	84
-1.561266	197	55
-1.499448	272	80
-1.561332	281	73
-1.499292	307	74
-1.56103	317	85
-1.499668	216	59
-1.560518	372	97
-1.499294	220	64
-1.562373	262	76
-1.561946	229	68
-1.499435	328	88
-1.499901	278	69
-1.5006	311	81
-1.562218	291	84
-1.560915	270	81
-1.561793	293	89
-1.499992	402	99
-1.499736	369	92
-1.554682	340	91
-1.558469	259	69
-1.501447	324	92
-1.561521	267	86
-1.561174	372	88
-1.50027	182	57
-1.500399	197	63
-1.499564	265	75
-1.500175	245	68
-1.559249	273	74
-1.561178	304	84
-1.560724	213	65
-1.500813	258	71
-1.561539	293	78
-1.49939	305	77
-1.561963	279	87
-1.561192	293	78
-1.499719	217	61
-1.561329	239	75
-1.499402	302	84
-1.500639	249	64
-1.561847	264	77
-1.561151	330	82
-1.561183	336	99
-1.56146	401	92
-1.498708	207	59
-1.561312	310	84
-1.499527	303	77
-1.499389	244	73
-1.500392	317	77
-1.562128	265	85
-1.499754	225	66
-1.560892	284	66
-1.561897	348	93
-1.561769	300	75
-1.562042	296	92
-1.56065	391	96
-1.499395	247	70
-1.562166	297	74
-1.49999	192	48
-1.560397	340	98
-1.50104	232	68
-1.561637	350	82
-1.560606	263	78
-1.562342	221	65
-1.560634	350	89
-1.498856	258	76
-1.499814	240	72
-1.499883	257	75
-1.561952	187	64
-1.500507	351	93
-1.49985	194	56
-1.499164	263	72
-1.500272	232	65
-1.561361	329	87
-1.500573	367	90
-1.500484	203	59
-1.500716	310	87
-1.499443	204	64
-1.50046	360	93
-1.49979	223	70
-1.500171	186	59
-1.500121	336	87
-1.499804	321	88
-1.499742	325	85
-1.500486	209	62
-1.499039	269	75
-1.499686	314	73
-1.499899	427	98
-1.500516	240	67
-1.500211	403	99
-1.500034	233	68
-1.499866	243	69
-1.500629	186	51
-1.499714	327	94
-1.499536	266	80
-1.562089	233	67
-1.499985	289	75
-1.50015	215	67
-1.499325	229	61
-1.561989	318	85
-1.500147	261	72
-1.560686	244	84
-1.500787	355	87
-1.562151	302	85
-1.499744	279	71
-1.561827	295	80
-1.498748	249	72
-1.499992	194	65
-1.500203	273	77
-1.5612	373	92
-1.499467	226	75
-1.555618	307	78
-1.500341	299	82
-1.500544	285	77
-1.499855	247	69
-1.499805	214	65
-1.499876	269	76
-1.562025	358	99
-1.500883	247	82
-1.500132	261	75
-1.56154	240	74
-1.560792	314	95
-1.500126	262	74
-1.560395	253	68
-1.49982	282	79
-1.499896	266	69
-1.5613	317	87
-1.561423	234	67
-1.560384	339	86
-1.500048	248	77
-1.561054	263	70
-1.55714	257	74
-1.500097	310	87
-1.562004	287	81
-1.560749	323	93
-1.560054	287	81
-1.559119	356	95
-1.499	180	55
-1.500608	193	53
-1.499441	185	58
-1.499582	259	73
-1.500339	217	66
-1.499191	252	72
-1.561179	389	97
-1.49951	254	76
-1.500631	283	74
-1.500462	376	96
-1.499923	272	74
-1.541997	351	98
-1.499676	308	80
-1.499146	279	68
-1.499774	219	67
-1.500499	202	55
-1.500504	359	92
-1.561883	344	88
-1.559998	404	98
-1.561934	306	81
-1.499856	206	58
-1.499721	237	71
-1.562929	323	94
-1.500675	232	64
-1.560995	291	76
-1.500442	314	83
-1.560839	229	67
-1.499289	402	99
-1.561384	394	98
-1.561925	262	69
-1.499444	355	82
-1.500272	215	61
-1.50015	293	84
-1.560513	324	86
-1.49988	317	82
-1.499663	300	82
-1.500405	283	84
-1.561986	311	92
-1.559681	365	94
-1.561394	274	71
-1.499915	312	74
-1.499784	352	79
-1.560509	295	80
-1.498635	236	67
-1.499974	252	65
-1.500345	290	81
-1.500631	274	79
-1.500287	168	54
-1.56061	312	82
-1.500335	281	75
-1.559864	261	71
-1.499485	279	80
-1.531123	288	82
-1.49964	208	58
-1.560805	238	73
-1.560946	275	79
-1.560594	292	77
-1.499179	304	70
-1.561602	359	91
-1.500522	234	72
-1.499286	363	92
-1.500169	254	67
-1.500051	207	58
-1.562497	282	74
-1.499299	360	87
-1.498891	195	58
-1.560476	361	94
-1.561486	442	100
-1.559434	290	81
-1.561521	324	92
-1.561947	233	76
-1.56141	219	60
-1.500329	346	92
-1.501045	204	58
-1.50024	218	63
