-1.55356	239	76
-1.55986	237	69
-1.55982	261	68
-1.5594	309	77
-1.50039	202	56
-1.49818	186	55
-1.55211	357	90
-1.50967	313	79
-1.56114	294	80
-1.49614	190	52
-1.5491	345	87
-1.49757	283	73
-1.50015	272	76
-1.49784	292	82
-1.56197	263	80
-1.50097	234	71
-1.55463	248	72
-1.49954	233	69
-1.55585	321	80
-1.55716	239	81
-1.49873	197	57
-1.55856	354	93
-1.50001	211	61
-1.50059	229	64
-1.56068	280	86
-1.51022	344	87
-1.49866	176	57
-1.56222	257	79
-1.55451	317	78
-1.49778	258	76
-1.50013	226	68
-1.49965	161	54
-1.49962	214	62
-1.51029	285	78
-1.56207	271	72
-1.55965	222	61
-1.56181	309	84
-1.56463	383	95
-1.49984	197	61
-1.56058	367	94
-1.54985	320	89
-1.55566	283	75
-1.50067	361	95
-1.50812	317	84
-1.50241	303	84
-1.56097	330	92
-1.49817	308	86
-1.56072	232	72
-1.50077	222	58
-1.55808	242	62
-1.55878	206	62
-1.557	233	76
-1.50079	329	90
-1.49985	262	78
-1.50074	254	73
-1.50126	215	65
-1.55737	336	92
-1.49668	186	56
-1.50146	230	76
-1.50071	192	59
-1.55807	331	80
-1.56028	199	67
-1.49786	355	86
-1.49772	180	58
-1.55976	261	64
-1.55748	224	60
-1.56292	284	85
-1.49721	177	56
-1.49849	281	73
-1.49901	259	77
-1.5003	254	68
-1.49919	206	62
-1.49691	298	72
-1.50127	302	73
-1.50045	189	59
-1.49679	210	71
-1.55862	258	69
-1.5389	388	98
-1.56023	286	75
-1.55609	415	95
-1.49907	289	86
-1.55724	323	80
-1.50045	259	77
-1.56103	286	74
-1.50179	236	68
-1.50607	304	80
-1.5018	215	63
-1.56052	293	86
-1.55886	237	68
-1.55822	346	90
-1.49979	290	80
-1.50427	325	91
-1.50133	196	57
-1.49988	325	77
-1.4991	234	60
-1.49879	347	90
-1.55981	256	71
-1.49957	243	68
-1.49959	249	70
-1.50277	277	74
-1.49981	283	75
-1.50206	314	81
-1.4991	209	56
-1.49944	262	71
-1.55832	375	95
-1.55988	302	85
-1.50241	425	97
-1.56062	224	66
-1.5593	243	76
-1.49891	306	74
-1.56339	245	75
-1.49675	333	80
-1.55836	268	70
-1.49801	285	76
-1.49898	273	80
-1.49854	247	65
-1.50064	350	84
-1.55974	327	91
-1.50069	319	83
-1.55963	314	88
-1.56249	201	57
-1.50028	230	61
-1.50099	254	69
-1.49784	254	66
-1.49858	244	65
-1.50049	233	66
-1.49869	408	92
-1.56391	228	74
-1.55788	296	79
-1.55941	333	87
-1.4986	280	83
-1.50002	292	73
-1.5521	330	94
-1.56087	271	78
-1.50107	304	86
-1.55102	278	78
-1.49781	174	53
-1.55513	226	66
-1.55792	274	74
-1.50142	201	57
-1.56273	236	70
-1.55624	270	73
-1.50146	183	61
-1.56105	204	71
-1.49722	267	75
-1.56306	255	71
-1.50042	207	58
-1.49814	181	64
-1.49874	235	68
-1.53376	414	98
-1.49681	218	61
-1.5585	344	91
-1.56365	216	58
-1.51525	275	89
-1.49814	265	67
-1.5007	252	63
-1.55963	239	68
-1.50817	254	73
-1.56023	278	84
-1.50344	222	66
-1.55851	281	83
-1.56012	227	66
-1.56155	270	75
-1.56014	222	68
-1.55591	272	64
-1.50076	243	71
-1.54289	282	80
-1.50082	326	90
-1.5595	323	77
-1.56555	249	74
-1.55745	258	74
-1.50053	229	62
-1.49852	192	60
-1.55202	327	86
-1.49742	281	74
-1.49835	297	70
-1.55914	223	66
-1.49639	314	79
-1.4984	227	62
-1.4996	185	60
-1.5601	308	89
-1.56318	315	82
-1.55789	305	78
-1.50094	385	91
-1.49846	262	72
-1.56202	237	59
-1.50134	267	80
-1.53608	416	100
-1.49924	203	52
-1.56177	352	85
-1.55843	267	65
-1.49892	163	48
-1.5551	273	68
-1.50286	249	76
-1.55706	329	89
-1.55806	282	69
-1.56035	282	79
-1.49788	223	63
-1.56368	223	69
-1.5615	271	72
-1.49863	237	64
-1.5624	229	67
-1.56155	318	85
-1.50079	300	75
-1.56168	250	66
-1.55632	314	89
-1.49919	318	79
-1.49912	204	62
-1.50013	307	85
-1.5617	297	87
-1.50337	183	57
-1.49969	291	76
-1.49923	245	72
-1.56033	254	73
-1.56056	360	95
-1.56088	271	78
-1.49808	194	62
-1.50283	256	72
-1.49985	287	69
-1.50084	345	90
-1.50138	173	58
-1.56211	292	85
-1.56295	419	99
-1.49932	257	72
-1.50255	260	70
-1.499	351	96
-1.55684	283	71
-1.55915	331	86
-1.50162	375	96
-1.49909	242	73
-1.49832	235	72
-1.55994	290	87
-1.50126	188	54
-1.56079	321	88
-1.54121	351	85
-1.50026	262	73
-1.55719	423	100
-1.4978	324	85
-1.50266	265	73
-1.56057	216	69
-1.50235	231	63
-1.5026	207	61
-1.50111	266	74
-1.56234	207	62
-1.49792	275	74
-1.50284	272	76
-1.49747	288	77
-1.55219	272	70
-1.49912	378	96
-1.55953	276	82
-1.56328	337	93
-1.50028	302	77
-1.49913	211	65
-1.50352	298	83
-1.55149	259	75
-1.49752	203	56
-1.50078	180	54
-1.49893	229	73
-1.49866	333	80
-1.49949	271	75
-1.4987	236	65
-1.50073	368	91
-1.56026	247	69
-1.55413	223	64
-1.53387	384	88
-1.50007	171	51
-1.49997	307	80
-1.50055	265	79
-1.49829	196	53
-1.5628	208	61
-1.56046	264	77
-1.49928	284	77
-1.55872	257	72
-1.49972	302	75
-1.525	371	92
-1.55956	234	67
-1.56158	334	86
-1.5034	256	70
-1.49854	241	66
-1.49852	210	59
-1.50315	366	85
-1.4982	294	77
-1.55962	358	87
-1.55746	274	76
-1.49991	280	81
-1.49757	402	96
-1.50095	187	61
-1.56085	312	89
-1.56267	223	61
-1.50201	242	78
-1.50119	257	76
-1.55694	371	93
-1.55974	303	84
-1.55342	328	94
-1.49778	224	61
-1.50089	239	62
-1.49896	281	76
-1.49898	341	85
-1.49574	207	69
-1.56082	344	78
-1.49903	322	85
-1.50152	287	67
-1.49846	238	65
-1.50122	265	76
-1.49905	247	69
-1.49994	247	73
-1.50158	271	79
-1.53872	284	81
-1.56098	317	91
-1.56	269	79
-1.50173	275	75
-1.54979	330	85
-1.50116	215	52
-1.49965	243	55
-1.55421	293	75
-1.55728	249	65
-1.49872	308	81
-1.49857	320	79
-1.56185	420	99
-1.5578	210	53
-1.5506	216	61
-1.49829	233	69
-1.49916	250	73
-1.5512	297	78
-1.49949	274	84
-1.50524	341	91
-1.50116	282	82
-1.49695	230	64
-1.49976	207	62
-1.55633	283	73
-1.55585	325	92
-1.49906	254	70
-1.4996	275	71
-1.52727	258	77
-1.49974	307	86
-1.49957	314	82
-1.55678	260	79
-1.56098	259	74
-1.55504	364	95
-1.49916	283	78
-1.50153	228	62
-1.50009	308	79
-1.55831	299	77
-1.56141	304	79
-1.50203	298	77
-1.4993	223	59
-1.56151	374	89
-1.55635	272	77
-1.49816	219	61
-1.49884	286	81
-1.50004	203	63
-1.56008	350	92
-1.49903	216	69
-1.50054	250	69
-1.5004	186	55
-1.55789	196	57
-1.55652	230	64
-1.5129	302	80
-1.49923	276	75
-1.49756	233	62
-1.49922	263	71
-1.564	404	100
-1.50249	207	57
-1.49836	192	58
-1.4987	294	81
-1.5499	273	82
-1.56162	272	79
-1.50197	369	99
-1.55938	283	84
-1.56023	268	67
-1.56058	249	72
-1.49912	195	59
-1.55975	249	69
-1.50106	274	77
-1.49929	217	68
-1.56213	331	88
-1.56339	250	76
-1.50092	256	66
-1.50011	272	72
-1.50162	271	76
-1.49715	300	80
-1.51149	282	77
-1.50216	293	73
-1.56277	386	98
-1.54851	459	100
-1.4977	319	79
-1.5021	229	66
-1.50053	213	68
-1.5011	256	70
-1.50086	251	80
-1.5003	257	70
-1.56211	237	68
-1.49763	302	79
-1.55812	286	85
-1.55914	286	74
-1.49778	240	72
-1.55901	283	67
-1.49892	267	72
-1.4994	250	72
-1.50121	214	61
-1.50355	241	67
-1.50012	231	73
-1.54621	326	82
-1.50002	246	71
-1.50161	262	79
-1.4976	203	57
-1.49935	217	68
-1.49926	205	58
-1.49689	239	74
-1.4993	218	65
-1.56319	371	90
-1.55966	355	96
-1.50201	224	65
-1.50891	298	82
-1.49714	247	69
-1.55402	214	57
-1.49975	265	76
-1.49961	244	71
-1.50041	272	70
-1.50031	232	62
-1.50032	256	69
-1.49557	275	73
-1.55841	321	81
-1.50066	384	86
-1.50092	247	69
-1.50012	276	73
-1.49969	165	48
-1.50005	218	65
-1.55846	291	81
-1.50014	188	57
-1.49798	245	71
-1.55458	336	81
-1.49994	340	89
-1.5006	290	86
-1.5037	410	100
-1.51812	354	87
-1.49862	296	87
-1.56239	339	89
-1.49891	294	75
-1.55663	276	74
-1.49991	255	71
-1.56061	301	72
-1.49909	253	65
-1.55979	386	89
-1.53762	298	87
-1.56021	263	67
-1.5004	349	82
-1.558	306	89
-1.49761	288	73
-1.49917	193	56
-1.55819	270	75
-1.55714	259	72
-1.5609	295	82
-1.56013	245	66
-1.56085	235	69
-1.55806	241	65
-1.49929	212	62
-1.49939	195	58
-1.49685	216	65
-1.50086	398	97
-1.56223	267	72
-1.49932	305	87
-1.49996	201	56
-1.55983	237	60
-1.50004	231	67
-1.5012	219	60
-1.49933	257	72
-1.56084	325	85
-1.49868	208	66
-1.50092	296	75
-1.49788	242	61
-1.56208	282	83
-1.50216	253	71
-1.49627	217	69
-1.55491	286	70
-1.56111	294	78
-1.55903	189	58
-1.50127	434	100
-1.56547	263	77
-1.54144	310	89
-1.56012	213	58
-1.56041	204	56
-1.56064	264	69
-1.50365	179	49
-1.50012	237	70
-1.49944	336	89
-1.52712	280	77
-1.49927	210	62
-1.56062	238	73
-1.55845	344	88
-1.49874	179	53
-1.5631	313	81
-1.49732	220	56
-1.50092	252	73
-1.56185	299	85
-1.49893	227	66
-1.51468	389	99
-1.56204	378	87
-1.56082	330	95
-1.55914	239	67
-1.49984	188	52
-1.56192	338	91
-1.49945	206	62
-1.49827	203	67
-1.50019	206	60
-1.50127	259	70
-1.50388	328	88
-1.50001	251	63
-1.56386	384	98
-1.55738	277	78
-1.56184	312	86
-1.5384	257	71
-1.50023	358	81
-1.50261	193	67
-1.49997	283	72
-1.50113	378	93
-1.49989	238	64
-1.56069	294	78
-1.56313	304	85
-1.50197	321	80
-1.49868	230	64
-1.49677	246	71
-1.55707	226	64
-1.56435	234	71
-1.50144	310	81
-1.561	231	61
-1.5011	240	67
-1.50036	242	73
-1.56083	258	74
-1.49892	261	76
-1.56029	265	76
-1.49951	313	79
-1.49998	249	73
-1.50319	302	83
-1.50108	279	76
-1.50211	198	64
-1.50089	168	50
-1.49987	229	64
-1.49997	263	78
-1.55872	267	74
-1.49882	244	63
-1.50127	317	76
-1.50014	201	58
-1.55459	243	71
-1.55898	238	70
-1.50346	206	59
-1.49814	380	85
-1.49838	216	64
-1.55553	301	85
-1.49868	214	64
-1.50154	235	68
-1.50195	267	82
-1.55866	376	91
-1.49835	242	69
-1.5565	334	84
-1.4992	270	77
-1.5557	358	90
-1.55585	297	79
-1.56222	374	100
-1.49826	326	87
-1.49917	235	66
-1.54829	447	100
-1.50157	306	84
-1.50087	157	48
-1.50237	265	80
-1.55852	286	78
-1.50142	287	77
-1.49659	292	78
-1.55922	348	80
-1.4987	205	65
-1.50566	306	81
-1.56012	353	93
-1.55692	350	85
-1.5003	316	79
-1.50097	243	62
-1.50152	234	69
-1.55267	405	98
-1.56293	361	96
-1.5005	227	68
-1.49672	235	67
-1.49959	296	78
-1.50355	180	55
-1.49904	306	85
-1.50188	250	67
-1.53349	319	92
-1.50075	271	84
-1.54828	239	75
-1.50119	259	77
-1.49952	264	73
-1.49935	205	58
-1.4992	198	66
-1.49835	227	63
-1.50326	212	64
-1.55996	351	93
-1.56071	332	81
-1.50003	311	85
-1.50053	253	73
-1.55836	231	65
-1.55987	357	88
-1.50197	188	58
-1.50024	244	68
-1.49748	290	81
-1.49817	200	53
-1.56304	371	93
-1.49947	216	71
-1.50205	227	65
-1.49639	430	100
-1.54676	295	91
-1.50154	346	96
-1.49947	204	64
-1.55904	372	96
-1.49995	345	88
-1.50059	255	72
-1.55853	308	80
-1.56138	275	80
-1.50001	189	66
-1.56407	364	94
-1.56035	289	83
-1.5621	255	67
-1.49803	255	68
-1.5565	320	85
-1.49887	288	75
-1.50128	247	78
-1.55859	256	70
-1.5627	314	87
-1.50167	363	95
-1.55971	347	85
-1.55952	288	81
-1.49998	375	93
-1.56201	285	78
-1.49913	275	80
-1.56148	234	75
-1.50056	249	72
-1.49994	264	77
-1.50145	334	82
-1.50012	232	68
-1.4991	302	81
-1.49873	241	68
-1.49995	277	76
-1.5012	216	67
-1.50203	244	66
-1.55939	195	63
-1.5008	250	78
-1.50009	274	75
-1.49775	207	67
-1.50016	335	78
-1.50141	269	76
-1.49917	261	74
-1.55712	258	77
-1.56054	205	65
-1.49822	277	65
-1.50063	255	72
-1.49743	239	62
-1.49768	332	81
-1.55705	263	73
-1.49999	237	64
-1.55445	326	79
-1.49828	197	60
-1.56047	260	71
-1.50117	179	54
-1.49952	228	59
-1.55053	351	86
-1.56382	382	89
-1.5635	230	70
-1.49966	252	71
-1.55856	323	72
-1.50149	214	57
-1.50068	244	71
-1.56271	262	78
-1.5017	198	55
-1.55953	307	83
-1.50175	188	57
-1.49804	246	66
-1.55825	333	83
-1.55962	368	95
-1.49681	263	70
-1.55689	308	86
-1.50261	295	76
-1.49771	251	68
-1.50042	332	88
-1.50029	188	58
-1.49712	191	56
-1.56027	265	77
-1.49902	251	69
-1.56061	348	90
-1.49808	359	92
-1.50274	171	59
-1.49837	285	80
-1.49851	233	64
-1.49904	216	57
-1.50032	228	68
-1.50039	210	59
-1.49931	266	75
-1.5631	280	75
-1.52349	342	87
-1.55647	332	89
-1.49928	337	89
-1.49824	233	59
-1.50087	243	71
-1.55766	298	83
-1.49761	213	62
-1.56053	274	74
-1.49899	203	64
-1.4977	239	68
-1.49926	258	70
-1.49797	224	59
-1.50013	213	60
-1.56052	400	95
-1.55535	267	72
-1.50687	229	66
-1.55901	287	79
-1.55714	264	70
-1.502	223	65
-1.55991	318	89
-1.55892	273	76
-1.49933	199	59
-1.5014	306	85
-1.50856	366	85
-1.50139	287	71
-1.49972	242	70
-1.55855	371	98
-1.55318	298	82
-1.4983	294	78
-1.55961	250	70
-1.50043	196	58
-1.49789	210	54
-1.49859	268	65
-1.55714	321	85
-1.49821	241	72
-1.55545	301	79
-1.49957	300	74
-1.49818	314	90
-1.56142	279	64
-1.50009	312	84
-1.5593	327	90
-1.49824	303	75
-1.50144	315	84
-1.50096	271	70
-1.54598	390	89
-1.55737	253	73
-1.49718	315	85
-1.50027	209	61
-1.50102	343	94
-1.4988	272	74
-1.50018	245	66
-1.50217	262	72
-1.55339	330	87
-1.56144	254	75
-1.50053	206	56
-1.5625	358	98
-1.50159	225	63
-1.50117	180	52
-1.5618	250	79
-1.55992	206	64
-1.50228	171	53
-1.49822	234	61
-1.56219	258	79
-1.50037	202	58
-1.49997	242	72
-1.50012	352	92
-1.49901	227	66
-1.5009	190	52
-1.50396	247	64
-1.49844	220	64
-1.50051	302	76
-1.55485	387	97
-1.50746	344	87
-1.50179	230	68
-1.5001	288	77
-1.4988	323	80
-1.50106	204	58
-1.55573	325	92
-1.55929	264	78
-1.55838	296	82
-1.55413	284	79
-1.49883	217	63
-1.49989	280	73
-1.56102	327	84
-1.49814	284	66
-1.55992	249	67
-1.50096	245	69
-1.56166	300	83
-1.49783	255	71
-1.55111	348	96
-1.55981	249	78
-1.54719	305	79
-1.49734	231	64
-1.50124	281	76
-1.55492	400	97
-1.49936	290	79
-1.49802	259	69
-1.49783	222	62
-1.5626	298	92
-1.50114	236	65
-1.55901	240	76
-1.56054	303	89
-1.56092	332	84
-1.5616	308	85
-1.50399	405	100
-1.49684	322	85
-1.50154	241	69
-1.49833	332	78
-1.55044	286	76
-1.56434	286	79
-1.50134	376	91
-1.56186	286	80
-1.56252	293	87
-1.50061	251	66
-1.49667	225	69
-1.53965	401	100
-1.50099	261	71
-1.56083	238	66
-1.49504	254	72
-1.53988	324	91
-1.50091	263	65
-1.49777	209	59
-1.56359	196	55
-1.49725	224	63
-1.50159	246	72
-1.53503	307	94
-1.50204	274	74
-1.56024	283	73
-1.50162	190	54
-1.49789	308	76
-1.55743	310	87
-1.49796	192	55
-1.50101	281	81
-1.50085	348	89
-1.55096	347	85
-1.49781	290	75
-1.49998	374	92
-1.552	346	84
-1.56363	277	71
-1.49868	265	76
-1.55969	285	76
-1.50012	230	69
-1.50131	217	59
-1.56068	259	67
-1.55655	305	87
-1.51849	300	78
-1.50089	270	68
-1.49906	202	63
-1.49889	332	86
-1.50298	264	72
-1.56052	265	76
-1.49791	232	60
-1.50095	322	87
-1.531	373	91
-1.50289	215	68
-1.55921	287	86
-1.50289	186	53
-1.49841	241	76
-1.49809	272	74
-1.49607	253	64
-1.49987	292	84
-1.49683	250	72
-1.56157	271	72
-1.50032	294	75
-1.49815	286	79
-1.55665	269	74
-1.49933	243	65
-1.4966	372	91
-1.49637	312	80
-1.49645	236	71
-1.55913	289	87
-1.56204	214	62
-1.49684	272	72
-1.49734	299	92
-1.50101	328	90
-1.49939	310	83
-1.49984	223	63
-1.557	296	82
-1.5608	248	75
-1.54594	257	68
-1.50129	209	58
-1.49916	245	76
-1.50529	227	65
-1.49468	207	58
-1.50114	226	64
-1.56361	250	72
-1.50067	220	61
-1.56049	310	76
-1.49956	259	68
-1.5002	311	82
-1.50238	245	70
-1.56072	251	73
-1.49894	218	61
-1.56027	297	76
-1.5016	294	82
-1.5593	333	93
-1.55167	289	82
-1.56203	383	99
-1.49916	216	57
-1.50159	195	57
-1.50337	288	75
-1.55813	206	63
-1.55909	234	73
-1.55806	356	89
-1.50236	260	72
-1.50007	292	79
-1.50107	245	68
-1.49955	348	87
-1.56076	378	97
-1.50122	276	75
-1.55756	270	78
-1.50054	226	64
-1.5603	231	65
-1.56138	417	97
-1.50148	222	64
-1.55564	326	86
-1.56055	439	100
-1.49902	230	62
-1.56491	229	68
-1.50048	290	75
-1.50242	278	76
-1.50051	229	57
-1.50045	294	79
-1.55988	205	66
-1.55605	315	74
-1.50578	248	67
-1.49856	197	64
-1.49875	237	65
-1.55793	289	70
-1.56163	242	69
-1.55581	345	92
-1.50348	332	89
-1.49987	193	59
-1.499	271	73
-1.50124	230	63
-1.52397	334	90
-1.54966	228	68
-1.49979	280	78
-1.56282	289	82
-1.49868	235	74
-1.56108	322	84
-1.56104	296	82
-1.49957	249	69
-1.55904	252	64
-1.56285	255	72
-1.4973	227	65
-1.50004	364	96
-1.56043	296	80
-1.49865	226	58
-1.56292	372	96
-1.50117	261	77
-1.50225	229	68
-1.54569	253	67
-1.49897	266	76
-1.56212	270	81
-1.50063	261	68
-1.55972	224	69
-1.53506	336	87
-1.56196	286	78
-1.56038	419	95
-1.49918	301	84
-1.56257	343	92
-1.50044	333	79
-1.55842	255	72
-1.55642	405	100
-1.50056	270	76
-1.49826	334	83
-1.56165	286	66
-1.5016	267	69
-1.5043	336	82
-1.49856	258	69
-1.49755	253	70
-1.498	254	72
-1.56583	350	99
-1.49702	217	64
-1.56102	314	78
-1.55885	191	55
-1.5017	225	68
-1.55654	294	81
-1.50113	293	77
-1.4997	209	64
-1.50279	217	61
-1.56068	244	70
-1.49942	277	77
-1.50119	253	65
-1.55971	460	100
-1.55945	319	84
-1.49862	262	73
-1.56062	207	59
-1.50002	255	75
-1.55728	271	76
-1.49861	260	70
-1.55712	244	72
-1.50256	391	92
-1.55497	305	76
-1.49957	191	56
-1.49996	375	91
-1.50062	162	48
-1.50049	295	73
-1.56204	305	97
-1.49902	380	94
-1.56184	291	85
-1.56394	209	60
-1.49978	285	73
-1.56172	359	92
-1.49914	273	73
-1.56198	295	89
-1.55936	271	76
-1.55888	272	76
-1.56051	298	76
-1.56168	311	79
-1.49887	229	69
-1.56116	256	69
-1.50313	274	70
-1.50044	274	85
-1.56371	299	81
-1.50025	245	68
-1.56445	406	98
-1.53046	354	83
-1.56224	325	88
-1.4987	211	66
-1.52509	348	92
-1.50219	215	61
-1.50048	222	63
-1.56141	339	85
-1.4982	211	63
-1.55809	276	80
-1.56271	239	73
-1.56322	289	73
-1.56044	354	93
-1.49896	263	72
-1.502	194	56
-1.54964	295	75
-1.56162	293	86
-1.50126	249	67
-1.55996	305	82
-1.49975	186	58
-1.56032	237	75
-1.49941	178	52
-1.49849	307	79
-1.56082	309	79
-1.49862	256	72
-1.56234	318	89
-1.53369	373	99
-1.55235	254	75
-1.56163	238	68
-1.55333	296	83
-1.49976	243	64
-1.50381	260	71
-1.55962	352	94
-1.56028	281	85
-1.5	198	62
-1.50052	250	84
-1.5596	302	80
-1.50116	256	75
-1.4995	260	77
-1.49871	320	89
-1.50025	210	61
-1.4993	265	74
-1.55192	261	76
-1.56061	347	89
-1.49868	228	62
-1.55879	383	100
-1.49788	336	84
-1.55715	200	63
-1.50201	199	58
-1.49916	250	69
-1.5611	310	80
-1.55709	247	74
-1.55589	299	81
-1.56229	188	55
-1.56404	235	63
-1.55683	298	85
-1.49859	243	71
-1.56058	355	89
-1.55842	257	78
-1.5621	372	99
-1.49945	247	74
-1.49909	234	66
-1.49921	209	54
-1.55934	289	78
-1.56156	279	81
-1.5543	265	74
-1.49994	288	73
-1.50152	301	84
-1.49749	237	70
-1.55983	321	88
-1.50519	326	79
-1.55304	282	74
-1.49681	355	83
-1.55857	220	66
-1.55571	319	88
-1.49865	261	74
-1.56195	289	76
-1.49646	209	60
-1.51229	300	81
-1.56318	228	68
-1.49831	276	76
-1.49874	243	63
-1.50326	300	76
-1.50009	377	98
-1.56266	327	96
-1.56006	331	88
-1.49846	245	71
-1.5605	342	86
-1.49965	330	88
-1.50272	276	65
-1.49856	277	72
-1.50041	185	65
-1.50011	259	71
-1.49706	180	52
-1.49683	226	63
-1.56027	276	72
-1.49981	206	57
-1.51339	377	86
-1.4991	301	82
-1.55743	266	81
-1.55932	265	76
-1.49801	298	78
-1.50183	210	58
-1.5015	306	82
-1.5569	244	58
-1.55905	208	67
-1.56201	251	73
-1.5398	339	87
-1.56021	284	81
-1.49885	283	81
-1.56088	235	70
-1.56137	306	77
-1.50066	169	52
-1.49951	247	73
-1.50044	251	70
-1.56214	329	94
-1.49968	257	69
-1.56126	344	93
-1.50004	201	59
-1.55679	273	77
-1.50265	184	53
-1.50002	170	52
-1.49677	221	67
-1.50002	356	87
-1.49813	255	71
-1.52061	343	85
-1.55688	323	94
-1.55966	227	65
-1.49904	193	59
-1.49886	247	67
-1.4988	251	72
-1.50067	193	57
-1.55795	282	73
-1.5011	259	67
-1.49726	305	82
-1.55587	282	80
-1.50135	257	70
-1.56015	308	86
-1.49937	313	85
-1.4976	238	74
-1.50328	246	61
-1.56144	262	72
-1.49914	265	70
-1.5609	218	69
-1.49938	291	79
-1.50143	274	75
-1.49915	351	87
-1.55981	346	88
-1.56092	207	63
-1.49902	290	78
-1.5597	370	92
-1.50003	281	79
-1.50042	193	56
-1.50743	422	99
-1.50164	256	70
-1.55256	337	92
-1.49746	193	62
-1.49938	247	71
-1.49896	191	52
-1.49832	297	75
-1.50002	220	64
-1.55776	240	65
-1.50029	242	67
-1.50078	273	71
-1.55564	270	78
-1.49875	251	72
-1.50231	341	90
-1.56133	266	71
-1.4984	182	51
-1.55828	259	75
-1.56431	229	68
-1.49953	259	69
-1.55916	323	89
-1.5004	280	71
-1.49915	243	65
-1.55852	243	71
-1.4994	249	72
-1.50055	249	65
-1.55611	314	78
-1.49833	283	74
-1.49513	298	74
-1.49959	227	64
-1.55102	296	91
-1.49909	215	62
-1.5574	326	85
-1.50023	235	68
-1.50059	204	58
-1.5007	238	64
-1.56	365	96
-1.49992	174	51
-1.50024	311	81
-1.49925	233	71
-1.55346	337	91
-1.49916	269	79
-1.4986	223	65
-1.50198	382	99
-1.5003	237	65
-1.49666	261	64
-1.5593	284	73
-1.49876	335	84
-1.50416	265	69
-1.50045	197	57
-1.56172	283	77
-1.55937	339	90
-1.50044	216	63
-1.49867	219	63
-1.49857	271	71
-1.49881	230	71
-1.54511	305	83
-1.55477	438	100
-1.55949	334	91
-1.516	315	84
-1.49825	205	69
-1.50309	182	54
-1.50022	304	80
-1.55767	330	95
-1.54953	361	100
-1.55761	350	98
-1.4993	230	61
-1.49892	229	63
-1.50088	312	85
-1.50019	314	86
-1.5582	315	77
-1.50447	278	72
-1.54252	271	76
-1.49803	319	88
-1.55965	186	63
-1.50116	231	69
-1.49988	241	65
-1.55775	279	78
-1.50238	222	58
-1.56165	294	80
-1.56201	360	84
-1.55533	321	93
-1.50069	261	72
-1.49892	264	72
-1.49998	203	63
-1.55963	252	77
-1.54802	362	92
-1.49951	385	93
-1.55923	354	88
-1.5599	330	88
-1.4998	266	71
-1.49962	275	72
-1.56109	363	90
-1.49869	234	63
-1.5638	261	72
-1.50073	254	74
-1.55783	236	69
-1.54409	367	94
-1.56168	271	76
-1.49803	228	59
-1.5449	420	100
-1.50351	265	70
-1.50027	309	81
-1.50136	218	64
-1.55476	299	86
-1.56303	254	70
-1.50209	294	79
-1.55726	360	89
-1.55737	288	80
-1.5556	316	86
-1.4992	313	84
-1.49928	285	75
-1.49847	313	80
-1.49887	309	84
-1.50072	254	71
-1.5006	285	68
-1.50084	299	83
-1.50041	306	78
-1.56118	300	78
-1.5018	253	72
-1.49965	331	91
-1.50157	269	76
-1.52079	239	72
-1.49941	299	80
-1.49968	228	62
-1.5631	262	77
-1.49777	201	59
-1.56485	298	81
-1.50173	242	68
-1.55561	333	84
-1.56203	286	82
-1.50011	221	69
-1.50335	325	84
-1.50133	298	86
-1.50034	288	82
-1.55914	318	93
-1.50131	171	52
-1.56237	298	78
-1.50092	290	73
-1.50023	373	97
-1.49868	309	82
-1.56058	280	83
-1.49828	263	77
-1.501	164	56
-1.55477	309	82
-1.49556	283	81
-1.49769	258	74
-1.50071	272	76
-1.56148	326	84
-1.49902	262	78
-1.50122	298	80
-1.4976	262	67
-1.55766	320	88
-1.56131	309	82
-1.50149	249	66
-1.50177	419	99
-1.56013	358	88
-1.49569	200	63
-1.49469	241	65
-1.50126	213	65
-1.49997	221	62
-1.49866	302	81
-1.55666	338	88
-1.5583	329	90
-1.49895	290	73
-1.50049	203	62
-1.56193	283	80
-1.55981	271	80
-1.50349	295	81
-1.49652	227	61
-1.5007	261	70
-1.49923	269	72
-1.50125	252	70
-1.49724	271	72
-1.55278	250	75
-1.5018	198	66
-1.56293	291	80
-1.50275	289	80
-1.50008	245	64
-1.5007	302	83
-1.56193	424	92
-1.5598	290	83
-1.50075	298	80
-1.49961	274	71
-1.55868	283	68
-1.50147	367	88
-1.50438	231	60
-1.56304	257	75
-1.50072	295	81
-1.50034	202	64
-1.51497	310	88
-1.50177	304	82
-1.56056	248	61
-1.49844	324	85
-1.49975	254	63
-1.49888	357	89
-1.49752	270	78
-1.5609	285	74
-1.50041	252	72
-1.49819	202	59
-1.49838	208	62
-1.55934	291	80
-1.49963	300	79
-1.4964	290	78
-1.49927	276	90
-1.55919	264	75
-1.50096	316	84
-1.5001	296	73
-1.5024	340	93
-1.50173	259	75
-1.49622	247	68
-1.49913	256	70
-1.49916	224	66
-1.50148	270	76
-1.56086	247	72
-1.50032	235	64
-1.56018	284	78
-1.49701	322	83
-1.49879	225	62
-1.49768	212	58
-1.5613	310	85
-1.50667	295	80
-1.55741	311	74
-1.50049	251	73
-1.55557	308	81
-1.50564	319	82
-1.56375	253	74
-1.56097	287	75
-1.50072	199	62
-1.49949	201	61
-1.50085	226	65
-1.50122	252	64
-1.49822	226	56
-1.50233	220	64
-1.49851	250	70
-1.56076	290	83
-1.55646	433	100
-1.50054	339	89
-1.49958	185	60
-1.55604	238	73
-1.5005	256	67
-1.50029	218	69
-1.50349	326	88
-1.55948	294	79
-1.50238	308	85
-1.5011	205	63
-1.50068	227	69
-1.50249	228	66
-1.55929	262	73
-1.50033	272	76
-1.56079	344	85
-1.49952	206	56
-1.56159	300	82
-1.50228	316	85
-1.50033	226	56
-1.56042	244	72
-1.49925	266	73
-1.50169	247	69
-1.4991	192	56
-1.50003	288	78
-1.49902	275	84
-1.56074	299	84
-1.55668	373	90
-1.49938	235	64
-1.50086	356	91
-1.49785	222	57
-1.56307	281	79
-1.5604	244	65
-1.49951	271	68
-1.55281	326	86
-1.55169	326	86
-1.49489	265	71
-1.50005	291	72
-1.55367	272	74
-1.56053	302	81
-1.55581	231	62
-1.56067	219	61
-1.49837	344	91
-1.49959	201	63
-1.54781	369	91
-1.49951	383	85
-1.56123	369	94
-1.50327	190	57
-1.5618	295	92
-1.49917	212	63
-1.55993	385	93
-1.49966	304	86
-1.55204	330	94
-1.49978	217	73
-1.55912	343	88
-1.50153	260	75
-1.49994	253	65
-1.50128	205	61
-1.49846	300	88
-1.50129	280	72
-1.50105	239	70
-1.54646	286	83
-1.49836	327	86
-1.56391	387	98
-1.50046	279	77
-1.50126	287	78
-1.50054	213	64
-1.49945	296	74
-1.56158	331	90
-1.49981	338	92
-1.55674	340	88
-1.55712	282	74
-1.56181	260	73
-1.50055	238	67
-1.5046	323	89
-1.55366	402	92
-1.55396	300	79
-1.56303	238	69
-1.53164	327	94
-1.49613	232	66
-1.50023	189	52
-1.50072	282	77
-1.56156	248	71
-1.55439	333	82
-1.49995	193	58
-1.50136	238	59
-1.50087	259	77
-1.50076	236	60
-1.49988	203	55
-1.50145	218	70
-1.4994	266	75
-1.55824	383	97
-1.55796	359	95
-1.56289	272	82
-1.4988	243	65
-1.50104	300	81
-1.55806	297	83
-1.49873	314	74
-1.49946	299	80
-1.56101	292	87
-1.50348	321	81
-1.497	241	65
-1.55916	252	78
-1.49912	275	72
-1.49714	243	70
-1.4988	260	72
-1.50024	329	91
-1.5005	335	84
-1.5003	232	71
-1.55834	348	90
-1.56265	253	77
-1.56048	303	74
-1.56223	200	63
-1.49987	317	83
-1.49995	238	63
-1.49949	224	60
-1.5016	204	54
-1.50216	269	83
-1.5644	295	77
-1.55722	286	81
-1.5005	273	66
-1.5581	312	90
-1.50055	256	71
-1.50214	312	81
-1.50116	368	91
-1.55554	182	53
-1.56236	381	96
-1.50005	221	70
-1.55632	330	90
-1.50198	379	97
-1.50088	184	56
-1.5008	258	74
-1.53467	325	87
-1.49912	158	50
-1.50127	315	81
-1.55722	228	69
-1.49932	239	69
-1.49936	281	72
-1.50139	244	68
-1.55504	286	78
-1.50181	245	73
-1.50076	346	84
-1.4986	176	54
-1.50074	312	90
-1.50139	234	58
-1.49975	213	65
-1.50048	187	56
-1.50009	227	66
-1.50068	224	56
-1.50056	256	64
-1.49937	189	60
-1.56228	311	83
-1.50064	233	65
-1.56176	298	83
-1.50039	299	81
-1.56167	265	72
-1.55972	268	79
-1.4993	295	81
-1.49828	218	64
-1.50112	283	76
-1.50324	189	52
-1.55405	389	94
-1.55904	284	77
-1.50021	224	66
-1.49987	242	67
-1.49831	314	85
-1.56008	412	97
-1.50351	279	79
-1.56335	231	69
-1.50084	242	68
-1.5473	308	85
-1.50164	320	76
-1.49927	228	63
-1.49904	246	69
-1.50027	192	56
-1.49727	194	57
-1.49994	258	84
-1.54087	281	77
-1.50128	322	84
-1.55609	310	76
-1.55813	280	78
-1.50029	266	66
-1.50058	204	64
-1.50023	251	69
-1.55948	318	84
-1.49927	255	71
-1.56294	301	88
-1.4988	271	74
-1.49657	260	74
-1.50186	258	71
-1.50005	274	74
-1.49922	217	66
-1.49937	265	79
-1.49871	297	88
-1.5608	281	74
-1.50049	270	75
-1.50102	181	56
-1.49879	262	73
-1.56359	288	79
-1.5609	394	97
-1.49917	192	62
-1.50497	213	55
-1.55189	282	81
-1.49954	195	52
-1.50028	205	62
-1.55901	338	90
-1.50014	254	71
-1.50231	256	68
-1.55788	318	84
-1.56066	205	59
-1.49917	262	78
-1.5527	363	97
-1.50291	216	71
-1.55769	325	78
-1.55911	210	62
-1.49827	287	83
-1.49897	212	60
-1.55694	247	68
-1.56356	275	84
-1.56097	236	64
-1.56081	363	88
-1.53883	288	80
-1.49791	166	53
-1.49959	181	57
-1.50103	214	64
-1.54238	366	93
-1.55843	369	89
-1.55937	225	73
-1.49842	248	69
-1.56207	218	62
-1.49828	210	57
-1.56036	263	81
-1.50158	273	76
-1.54883	293	75
-1.49962	202	62
-1.56033	311	80
-1.55679	295	67
-1.49998	236	57
-1.55664	295	76
-1.5019	203	61
-1.55874	327	94
-1.50122	230	69
-1.5669	365	89
-1.49835	209	58
-1.50082	226	68
-1.49787	192	58
-1.49897	228	64
-1.49754	261	75
-1.50174	294	74
-1.50171	226	61
-1.49776	207	64
-1.49768	203	64
-1.49972	264	77
-1.49836	214	60
-1.49889	236	65
-1.5607	292	83
-1.50055	275	75
-1.49767	299	84
-1.55197	352	96
-1.50212	264	71
-1.55423	235	69
-1.4997	310	81
-1.55465	226	66
-1.49901	295	87
-1.51516	261	85
-1.55291	283	87
-1.55585	280	78
-1.501	225	62
-1.55396	315	87
-1.56096	256	70
-1.49855	306	79
-1.55964	263	86
-1.49837	214	61
-1.49715	276	74
-1.56259	274	79
-1.50196	222	66
-1.50079	235	59
-1.50114	264	83
-1.50118	246	67
-1.5592	313	82
-1.49928	192	53
-1.56109	252	63
-1.55992	253	70
-1.55845	312	85
-1.55957	198	62
-1.55952	325	89
-1.50113	214	65
-1.5444	250	67
-1.53242	280	80
-1.5588	331	88
-1.55924	384	96
-1.50197	252	75
-1.49903	216	59
-1.55956	372	95
-1.49895	290	77
-1.55802	334	94
-1.51666	296	77
-1.56236	300	81
-1.50034	241	70
-1.49839	332	84
-1.55984	314	89
-1.49855	237	70
-1.5036	240	72
-1.5596	305	81
-1.49937	209	59
-1.50267	295	78
-1.55829	280	79
-1.55136	239	68
-1.56094	324	96
-1.49926	310	80
-1.49868	261	64
-1.55132	315	89
-1.50066	309	84
-1.49997	328	87
-1.56031	239	72
-1.49954	265	71
-1.49972	216	60
-1.55731	213	58
-1.50225	253	68
-1.4998	315	93
-1.50088	310	85
-1.50039	259	62
-1.56005	232	70
-1.55832	236	64
-1.49811	272	70
-1.49834	306	77
-1.56125	316	89
-1.50061	247	78
-1.56044	338	91
-1.49891	221	64
-1.56248	351	88
-1.55393	417	92
-1.56135	243	73
-1.50076	263	74
-1.49729	268	68
-1.4988	250	68
-1.49921	270	85
-1.49949	266	75
-1.49792	270	75
-1.53848	306	84
-1.54044	366	91
-1.56406	307	89
-1.50075	224	68
-1.49749	321	91
-1.5641	356	98
-1.49723	313	80
-1.49923	284	73
-1.55914	360	94
-1.50135	224	66
-1.49927	192	53
-1.56033	260	80
-1.49727	357	91
-1.56142	247	63
-1.55949	255	74
-1.49557	217	62
-1.49969	264	71
-1.5039	282	76
-1.49915	257	68
-1.49565	364	86
-1.54944	315	87
-1.49636	258	73
-1.56125	247	74
-1.56104	314	78
-1.4976	308	82
-1.56001	241	70
-1.49906	197	61
-1.50314	237	64
-1.50045	276	73
-1.4983	264	72
-1.56332	308	92
-1.55484	301	84
-1.56006	312	84
-1.50149	242	68
-1.49956	219	65
-1.55845	295	87
-1.50161	286	79
-1.49926	294	76
-1.56161	312	84
-1.55977	328	81
-1.49929	229	66
-1.5614	304	80
-1.49925	274	73
-1.49864	175	51
-1.50086	293	82
-1.55995	275	75
-1.55605	406	86
-1.49904	220	70
-1.50069	258	71
-1.50072	232	67
-1.50033	225	67
-1.5014	220	65
-1.50032	362	85
-1.50263	249	68
-1.50341	288	81
-1.49896	278	72
-1.50264	213	68
-1.55784	269	79
-1.49854	220	68
-1.55914	230	63
-1.56339	202	68
-1.55611	311	85
-1.50036	179	54
-1.56409	346	84
-1.55648	309	90
-1.49951	343	83
-1.56013	314	88
-1.50259	247	78
-1.56119	215	67
-1.50098	322	84
-1.49864	227	62
-1.55937	428	99
-1.56242	204	60
-1.55727	370	96
-1.49888	238	75
-1.56442	416	100
-1.55679	315	83
-1.49935	231	64
-1.5582	310	90
-1.50233	183	55
-1.49804	307	87
-1.55705	258	67
-1.50125	223	60
-1.49842	298	88
-1.55923	321	84
-1.50008	324	84
-1.49984	224	59
-1.50193	174	60
-1.50118	235	73
-1.49967	275	72
-1.56082	240	77
-1.49771	235	63
-1.55955	290	82
-1.5654	242	68
-1.56242	242	64
-1.56178	277	77
-1.54264	375	95
-1.49816	244	68
-1.50199	206	60
-1.50002	225	65
-1.50093	205	57
-1.50227	251	75
-1.55782	291	83
-1.49825	237	67
-1.50084	318	87
-1.49744	291	78
-1.49971	276	70
-1.5601	354	88
-1.50101	297	80
-1.50054	241	70
-1.5592	233	62
-1.55766	327	84
-1.50051	200	65
-1.49898	215	59
-1.55781	202	60
-1.49869	215	69
-1.50047	242	69
-1.49858	227	61
-1.49851	225	60
-1.50028	247	66
-1.50038	357	86
-1.55303	208	57
-1.49939	297	73
-1.49972	283	79
-1.50273	288	81
-1.49894	337	81
-1.52214	362	89
-1.56059	234	65
-1.54229	376	92
-1.55881	295	80
-1.56145	358	96
-1.50094	361	85
-1.54141	294	82
-1.55971	296	75
-1.56133	260	70
-1.49786	273	72
-1.50064	224	60
-1.5192	310	74
-1.49999	233	72
-1.56085	293	75
-1.56297	248	76
-1.55772	288	79
-1.50061	206	60
-1.50049	219	57
-1.55023	250	69
-1.49889	224	62
-1.55907	354	96
-1.56121	345	94
-1.49962	197	65
-1.50057	332	81
-1.49742	286	77
-1.49707	236	61
-1.49815	195	55
-1.55894	277	79
-1.49999	294	77
-1.49917	250	71
-1.49929	240	63
-1.49824	272	69
-1.49974	294	86
-1.50137	188	65
-1.49772	246	67
-1.55955	268	72
-1.49662	207	67
-1.55623	334	88
-1.49958	210	51
-1.49786	191	52
-1.4981	184	52
-1.50008	295	81
-1.50221	260	65
-1.49716	228	65
-1.54386	378	97
-1.4993	336	84
-1.50258	276	85
-1.49915	187	57
-1.49877	412	99
-1.49986	283	79
-1.55873	265	76
-1.49942	245	69
-1.50019	289	88
-1.55298	310	81
-1.49942	176	53
-1.49957	215	63
-1.5002	289	79
-1.5579	246	72
-1.4981	241	67
-1.55849	327	79
-1.56162	276	78
-1.4968	198	54
-1.49988	328	90
-1.50344	357	92
-1.50129	177	55
-1.50023	274	76
-1.50049	233	65
-1.50176	361	96
-1.56049	377	85
-1.49914	221	60
-1.5555	403	96
-1.55399	335	90
-1.55939	252	78
-1.55546	284	79
-1.51777	266	77
-1.52379	389	93
-1.50202	191	56
-1.56182	358	91
-1.49761	323	83
-1.49739	288	76
-1.56109	262	79
-1.50201	226	64
-1.50191	375	96
-1.56325	313	80
-1.55527	254	77
-1.50044	291	82
-1.55945	297	75
-1.49976	270	69
-1.49781	248	72
-1.4993	227	65
-1.50058	214	63
-1.49886	319	87
-1.55973	267	72
-1.56357	284	82
-1.55279	413	99
-1.49651	226	55
-1.50042	318	86
-1.49886	184	59
-1.50055	259	71
-1.50187	251	74
-1.56284	330	87
-1.49995	221	62
-1.49985	265	76
-1.50162	408	100
-1.49728	259	67
-1.49942	232	60
-1.49915	196	55
-1.55857	319	79
-1.50149	206	57
-1.50161	343	90
-1.49985	241	62
-1.50119	242	68
-1.5603	227	72
-1.50199	245	67
-1.5008	303	80
-1.55744	343	87
-1.5589	230	67
-1.56108	330	81
-1.49979	230	63
-1.56251	287	77
-1.50206	214	60
-1.56205	309	81
-1.56228	245	69
-1.49953	302	86
-1.50069	290	70
-1.55047	268	74
-1.55825	265	70
-1.49682	190	51
-1.49893	239	68
-1.50099	240	74
-1.49691	261	70
-1.49771	285	73
-1.55861	257	69
-1.50032	287	80
-1.55667	299	82
-1.50118	255	72
-1.49751	248	67
-1.56139	236	72
-1.50023	276	79
-1.55788	314	80
-1.49934	258	71
-1.49954	216	59
-1.49803	260	75
-1.5002	245	65
-1.50084	284	76
-1.50192	289	78
-1.56189	366	92
-1.56148	295	82
-1.50103	287	80
-1.56091	255	77
-1.50141	332	89
-1.50096	232	70
-1.50012	283	69
-1.50593	405	98
-1.55994	259	82
-1.56026	324	87
-1.56088	252	77
-1.50077	246	73
-1.56094	357	83
-1.50069	388	99
-1.56094	332	90
-1.50088	266	78
-1.53551	220	66
-1.49987	332	94
-1.50058	303	83
-1.49941	300	74
-1.56311	325	86
-1.50106	315	79
-1.50066	282	71
-1.53286	371	98
-1.50056	187	56
-1.49866	195	57
-1.49974	252	59
-1.49787	269	71
-1.50018	240	73
-1.50196	350	96
-1.49951	325	81
-1.50544	276	72
-1.50635	356	88
-1.49717	298	72
-1.54922	335	86
-1.50046	227	63
-1.5613	301	84
-1.5594	353	92
-1.50198	184	60
-1.50053	322	78
-1.56182	202	64
-1.49845	226	63
-1.56142	287	71
-1.52987	286	78
-1.50137	269	67
-1.50061	240	73
-1.55733	250	75
-1.56156	285	86
-1.49996	181	55
-1.50002	253	71
-1.54121	367	91
-1.50132	263	73
-1.49914	383	90
-1.53634	336	94
-1.50001	233	57
-1.55713	211	59
-1.50162	298	73
-1.55906	288	84
-1.52231	272	74
-1.55857	224	64
-1.53519	331	95
-1.50016	281	71
-1.55857	220	60
-1.55834	339	93
-1.50058	367	96
-1.50004	274	82
-1.49757	227	65
-1.50035	313	83
-1.50067	248	69
-1.35801	305	80
-1.55848	310	85
-1.49919	277	75
-1.49916	247	70
-1.56386	272	70
-1.55904	254	73
-1.55901	206	71
-1.49985	251	70
-1.56226	225	71
-1.50037	282	78
-1.50191	241	65
-1.50001	285	75
-1.49798	230	71
-1.53416	294	74
-1.55995	327	93
-1.5368	367	91
-1.50114	294	80
-1.49959	201	61
-1.552	270	72
-1.50134	255	68
-1.50109	212	66
-1.55836	312	85
-1.49947	197	55
-1.50099	261	65
-1.49951	264	71
-1.56132	377	97
-1.54316	362	91
-1.49942	237	57
-1.5592	342	88
-1.56164	242	62
-1.50349	320	83
-1.49864	201	66
-1.4988	229	66
-1.56293	349	79
-1.55871	286	69
-1.55344	347	93
-1.503	296	72
-1.4986	253	72
-1.56098	247	67
-1.4989	307	70
-1.49827	269	75
-1.50083	270	80
-1.51228	244	63
-1.49931	230	70
-1.50053	292	80
-1.49936	287	73
-1.56013	220	66
-1.49889	295	79
-1.56141	243	76
-1.50095	251	80
-1.43001	302	80
-1.5558	302	86
-1.50036	242	74
-1.52738	333	91
-1.49946	257	79
-1.49869	273	71
-1.50683	286	79
-1.49993	203	62
-1.4989	284	88
-1.56022	302	85
-1.49935	229	66
-1.55774	254	76
-1.5648	326	88
-1.49837	233	64
-1.56056	310	79
-1.56407	267	74
-1.55843	287	76
-1.56136	187	60
-1.49883	298	79
-1.49615	278	80
-1.55939	261	69
-1.49847	245	75
-1.56093	306	83
-1.55727	243	75
-1.49857	309	87
-1.55781	262	75
-1.50159	265	69
-1.56285	283	90
-1.50073	192	55
-1.56002	268	76
-1.5589	287	80
-1.5624	283	69
-1.49956	241	64
-1.56041	407	96
-1.50092	283	81
-1.56126	185	53
-1.49977	176	57
-1.56068	261	75
-1.49701	243	65
-1.50031	304	81
-1.50229	249	71
-1.55608	291	79
-1.56189	218	70
-1.49905	248	69
-1.55935	311	88
-1.55989	325	85
-1.49814	242	70
-1.55646	275	85
-1.5006	233	65
-1.49967	258	67
-1.49996	291	85
-1.50051	313	75
-1.49956	308	85
-1.50064	268	72
-1.50085	353	90
-1.49909	248	74
-1.55718	345	92
-1.50076	251	73
-1.54668	291	82
-1.56062	240	69
-1.54633	381	89
-1.50295	273	63
-1.55581	248	70
-1.50312	316	79
-1.49627	241	75
-1.56094	263	79
-1.5006	186	47
-1.56364	221	67
-1.4985	232	65
-1.5018	197	63
-1.55335	309	86
-1.55998	257	69
-1.49921	231	66
-1.49957	186	57
-1.49781	220	64
-1.54172	214	66
-1.55857	262	74
-1.50006	191	53
-1.49926	282	85
-1.49842	245	66
-1.54419	364	100
-1.49982	258	74
-1.56191	235	72
-1.49974	213	66
-1.49909	191	55
-1.49945	257	72
-1.49993	241	67
-1.49718	330	90
-1.4998	296	71
-1.49749	246	73
-1.49926	194	58
-1.56501	337	100
-1.55993	311	89
-1.49915	268	77
-1.50146	238	67
-1.49896	289	84
-1.49894	279	72
-1.49998	246	74
-1.50297	294	79
-1.55489	257	71
-1.4985	235	57
-1.49971	236	62
-1.56173	240	68
-1.50034	287	72
-1.49995	244	72
-1.49972	231	64
-1.49992	369	97
-1.5618	266	78
-1.55277	300	84
-1.50329	219	62
-1.50073	201	55
-1.53999	379	94
-1.55752	354	94
-1.56023	320	93
-1.49845	222	66
-1.56275	209	58
-1.49892	330	89
-1.56278	343	88
-1.55414	317	91
-1.49969	247	70
-1.50123	247	63
-1.49816	222	65
-1.50053	358	89
-1.49858	243	69
-1.49955	257	79
-1.50274	222	66
-1.49787	232	59
-1.55722	363	86
-1.50077	274	80
-1.50233	272	78
-1.49939	196	58
-1.55806	193	60
-1.56135	290	84
-1.49914	232	66
-1.56155	227	70
-1.5	253	73
-1.55945	273	74
-1.50013	221	55
-1.49701	244	69
-1.50066	232	69
-1.4983	238	71
-1.56177	263	82
-1.56231	230	72
-1.55967	265	75
-1.50178	276	73
-1.50101	278	70
-1.49848	248	71
-1.55683	382	95
-1.55897	322	84
-1.55098	386	93
-1.49897	240	63
-1.50007	272	69
-1.55854	316	88
-1.49972	205	64
-1.49988	280	77
-1.54812	331	79
-1.49992	268	77
-1.50068	246	73
-1.49918	187	52
-1.50042	225	62
-1.50019	212	67
-1.54617	384	94
-1.55858	222	66
-1.50082	326	86
-1.49651	393	88
-1.49868	296	77
-1.50079	282	76
-1.50103	234	58
-1.5009	264	75
-1.55934	314	83
-1.49853	256	65
-1.50012	301	76
-1.49956	270	77
-1.49919	324	80
-1.56013	228	73
-1.55938	312	84
-1.4994	235	64
-1.50206	247	70
-1.49842	208	58
-1.55974	258	74
-1.49888	245	65
-1.5005	215	64
-1.55388	400	99
-1.50004	237	69
-1.50241	281	73
-1.56068	261	64
-1.49994	218	61
-1.56017	254	71
-1.49788	190	53
-1.50118	231	63
-1.56277	305	91
-1.50049	270	80
-1.50153	211	63
-1.56225	314	84
-1.56015	244	67
-1.50403	336	92
-1.56071	241	68
-1.56071	289	81
-1.49901	249	76
-1.4996	254	74
-1.50174	220	58
-1.55267	364	91
-1.50049	243	74
-1.55926	227	74
-1.56008	318	82
-1.49873	326	81
-1.56058	355	92
-1.49919	228	65
-1.49903	271	82
-1.55755	279	81
-1.55537	341	94
-1.55843	284	77
-1.55752	311	80
-1.5017	252	74
-1.50106	203	61
-1.55903	383	96
-1.54271	358	93
-1.49855	307	73
-1.49773	235	66
-1.49955	203	63
-1.50844	368	94
-1.49903	205	59
-1.49943	214	64
-1.55357	348	86
-1.56197	187	52
-1.50027	276	80
-1.4993	222	64
-1.49875	338	86
-1.55915	364	94
-1.50384	249	61
-1.50099	208	62
-1.53566	253	66
-1.50222	218	71
-1.55603	342	93
-1.49859	262	68
-1.4998	300	79
-1.49969	250	74
-1.55855	339	86
-1.49846	209	50
-1.50122	191	58
-1.50096	275	70
-1.56352	213	58
-1.50017	212	65
-1.5005	267	75
-1.49788	271	74
-1.56235	297	79
-1.49936	269	76
-1.49616	260	74
-1.5	250	72
-1.50005	280	77
-1.55961	313	86
-1.50094	244	68
-1.50161	266	69
-1.4977	284	76
-1.55329	318	85
-1.50155	213	65
-1.50056	272	80
-1.49872	235	69
-1.50199	298	76
-1.5265	273	80
-1.5029	228	64
-1.56229	283	88
-1.56084	306	83
-1.50017	256	69
-1.56207	243	74
-1.49969	191	59
-1.559	299	77
-1.49869	362	90
-1.56301	243	69
-1.55944	265	70
-1.55516	292	83
-1.49719	295	80
-1.4985	295	82
-1.53847	347	86
-1.5013	261	80
-1.56012	288	74
-1.50096	204	61
-1.50301	259	70
-1.49705	299	75
-1.49628	393	89
-1.50099	248	69
-1.56265	352	92
-1.50105	232	68
-1.49806	213	63
-1.55864	285	80
-1.50102	262	71
-1.50177	225	65
-1.50234	224	62
-1.49976	247	68
-1.50121	233	71
-1.55726	270	75
-1.5571	286	76
-1.50006	201	57
-1.50154	334	90
-1.56177	276	73
-1.53476	274	83
-1.56032	282	83
-1.49906	310	79
-1.55638	313	88
-1.56057	195	54
-1.56564	188	62
-1.50421	254	69
-1.49889	324	81
-1.49774	310	76
-1.5612	285	82
-1.5107	405	93
-1.50229	235	63
-1.49908	251	74
-1.50137	334	88
-1.4995	241	72
-1.49841	198	61
-1.50079	286	77
-1.4989	271	77
-1.5553	290	80
-1.49964	316	84
-1.49951	244	68
-1.49857	199	55
-1.56415	319	90
-1.5598	391	93
-1.5007	265	68
-1.55926	278	72
-1.56077	288	79
-1.49958	315	77
-1.49778	245	61
-1.50009	217	63
-1.50016	179	57
-1.49948	300	79
-1.50211	318	82
-1.49953	229	68
-1.50178	265	76
-1.55956	363	90
-1.5616	309	86
-1.49882	267	76
-1.5629	332	92
-1.50064	334	87
-1.55919	226	59
-1.51559	311	79
-1.56411	242	68
-1.50175	391	92
-1.558	193	55
-1.50179	235	55
-1.49742	221	64
-1.50061	233	59
-1.55985	324	89
-1.55973	353	93
-1.49919	194	57
-1.49879	262	71
-1.50114	199	65
-1.56171	212	63
-1.5548	249	69
-1.49655	196	58
-1.55942	362	87
-1.49516	336	93
-1.49955	249	70
-1.50068	282	77
-1.55355	343	93
-1.50349	289	79
-1.5	206	62
-1.501	284	76
-1.54268	337	86
-1.50049	219	59
-1.55817	401	97
-1.56063	290	79
-1.55887	348	89
-1.49944	234	65
-1.4999	265	65
-1.50038	254	79
-1.50138	209	57
-1.49988	284	78
-1.50029	261	74
-1.56144	334	89
-1.56132	273	85
-1.50285	229	67
-1.55775	291	75
-1.56121	345	90
-1.49901	229	71
-1.50021	240	67
-1.49999	221	60
-1.49988	213	59
-1.4984	259	73
-1.49943	281	76
-1.50054	190	55
-1.50005	223	67
-1.5004	288	77
-1.55441	294	76
-1.49857	266	75
-1.50568	390	97
-1.56235	282	80
-1.50115	222	64
-1.55799	302	76
-1.55993	263	76
-1.49688	291	80
-1.49775	283	73
-1.50004	284	79
-1.49825	206	58
-1.50022	273	82
-1.56032	347	87
-1.50676	225	68
-1.55773	390	97
-1.55877	248	75
-1.49844	221	62
-1.50086	254	67
-1.5021	211	65
-1.49874	234	66
-1.49626	210	63
-1.49895	327	75
-1.49957	230	67
-1.50057	265	78
-1.49771	292	79
-1.5607	264	78
-1.49965	216	63
-1.49862	323	87
-1.50144	331	84
-1.5579	270	78
-1.50136	263	79
-1.49973	187	54
-1.49934	309	78
-1.55973	350	95
-1.50046	193	58
-1.49774	281	78
-1.50048	231	67
-1.55978	266	80
-1.52299	425	98
-1.4994	256	68
-1.49865	192	48
-1.49933	317	76
-1.4992	223	58
-1.55781	223	66
-1.56326	273	79
-1.56084	227	70
-1.50126	292	85
-1.562	263	79
-1.50417	234	66
-1.50008	288	73
-1.54936	326	83
-1.49666	223	63
-1.50322	251	72
-1.50049	332	82
-1.50164	252	72
-1.50124	340	87
-1.49994	279	71
-1.50383	310	82
-1.50087	209	64
-1.50226	268	71
-1.49701	262	62
-1.50067	242	64
-1.55704	245	71
-1.49854	317	81
-1.56094	215	72
-1.55605	251	70
-1.49747	267	72
-1.56042	282	79
-1.55636	304	81
-1.49901	245	66
-1.56247	379	97
-1.49918	249	68
-1.56475	230	70
-1.4988	274	74
-1.49982	317	86
-1.55705	300	83
-1.56371	323	83
-1.56008	380	98
-1.49986	204	55
-1.56107	332	85
-1.56019	251	66
-1.54228	300	84
-1.56053	346	89
-1.49969	241	71
-1.49924	227	61
-1.50086	256	75
-1.49819	261	65
-1.49907	219	65
-1.50285	225	63
-1.50125	247	71
-1.50144	188	55
-1.49802	259	73
-1.49872	190	53
-1.55892	202	57
-1.56015	329	80
-1.49698	217	64
-1.50266	242	63
-1.49709	216	64
-1.56202	244	68
-1.50187	283	81
-1.50067	231	62
-1.49994	266	66
-1.55215	307	81
-1.56052	276	87
-1.49871	216	63
-1.49912	209	65
-1.52031	383	100
-1.49813	276	73
-1.55006	284	77
-1.5613	296	86
-1.56169	220	70
-1.56225	300	92
-1.49951	270	80
-1.50183	266	71
-1.50167	276	80
-1.50412	212	61
-1.50027	257	73
-1.49867	174	55
-1.50108	205	58
-1.50065	280	84
-1.50123	218	59
-1.49748	217	61
-1.49939	258	75
-1.49878	334	85
-1.55914	298	84
-1.49955	195	61
-1.49975	267	72
-1.50075	198	57
-1.5617	317	82
-1.56174	264	79
-1.49972	253	70
-1.50056	259	78
-1.54939	311	82
-1.49841	343	86
-1.5618	406	100
-1.50347	234	62
-1.49872	248	62
-1.50086	315	87
-1.50143	303	82
-1.55746	259	76
-1.50044	328	79
-1.50114	215	61
-1.50199	254	65
-1.56201	270	83
-1.50077	240	70
-1.50081	395	93
-1.50249	257	67
-1.56066	250	71
-1.56371	301	79
-1.56372	308	86
-1.50259	291	66
-1.49892	275	71
-1.49918	264	73
-1.5626	379	96
-1.55938	303	82
-1.50135	203	61
-1.55753	312	87
-1.49573	268	75
-1.55706	269	74
-1.56136	349	96
-1.50124	218	66
-1.55622	234	71
-1.55925	212	60
-1.55411	394	95
-1.49951	279	73
-1.49822	220	64
-1.49926	239	58
-1.55771	294	73
-1.56075	291	80
-1.49909	303	85
-1.4992	214	64
-1.50011	242	65
-1.55912	269	71
-1.50286	365	93
-1.50126	244	68
-1.55911	250	68
-1.56481	325	90
-1.49754	263	77
-1.56001	330	85
-1.50139	273	75
-1.55839	260	88
-1.50348	233	63
-1.55461	282	73
-1.53359	319	97
-1.55337	266	75
-1.5006	229	64
-1.50004	289	81
-1.49965	305	80
-1.5613	284	81
-1.56287	315	89
-1.49911	197	60
-1.56024	292	82
-1.55872	424	94
-1.50119	280	82
-1.50459	272	76
-1.49765	389	96
-1.49957	211	62
-1.56184	266	75
-1.50077	258	73
-1.49875	321	82
-1.49972	281	78
-1.4996	223	64
-1.56221	291	73
-1.55702	270	75
-1.50079	184	55
-1.50162	223	65
-1.49811	253	70
-1.49779	249	74
-1.56116	263	74
-1.55645	321	86
-1.49884	242	67
-1.50026	165	53
-1.56155	340	90
-1.55529	278	71
-1.50168	265	75
-1.54877	290	75
-1.50238	229	62
-1.50008	175	55
-1.55733	267	69
-1.49806	270	73
-1.50094	264	73
-1.55505	257	69
-1.5561	252	67
-1.49939	203	60
-1.55923	254	68
-1.55953	233	55
-1.55759	265	80
-1.55934	280	76
-1.49923	304	86
-1.55893	323	75
-1.56	339	98
-1.56601	273	78
-1.54497	302	77
-1.50001	285	84
-1.50136	283	84
-1.49818	237	65
-1.49698	204	58
-1.49982	244	75
-1.50099	216	59
-1.49879	221	65
-1.56522	240	72
-1.49675	199	59
-1.55548	261	66
-1.49598	235	71
-1.49618	260	70
-1.50982	263	71
-1.56296	216	69
-1.56135	330	83
-1.50062	199	67
-1.49676	273	71
-1.49633	227	58
-1.49908	279	77
-1.50176	262	77
-1.49971	219	67
-1.50181	220	64
-1.49886	223	70
-1.5538	308	93
-1.4995	231	71
-1.50121	250	73
-1.56237	276	85
-1.49886	253	73
-1.54339	362	91
-1.49995	302	77
-1.5005	200	60
-1.49933	293	83
-1.49871	367	97
-1.49879	223	69
-1.55804	228	66
-1.5591	310	86
-1.49758	260	69
-1.55789	293	85
-1.50062	358	90
-1.50044	198	58
-1.55447	290	83
-1.50078	215	64
-1.49832	228	59
-1.50087	253	73
-1.50063	210	57
-1.50165	249	71
-1.50005	280	72
-1.55832	445	100
-1.56166	361	96
-1.5004	216	75
-1.50003	236	64
-1.55994	248	65
-1.49882	273	77
-1.50078	279	79
-1.49519	250	68
-1.56023	340	90
-1.49934	266	77
-1.49924	367	86
-1.50023	318	85
-1.54715	257	80
-1.49967	249	74
-1.55573	291	76
-1.5012	186	58
-1.50157	270	79
-1.55863	273	82
-1.52167	407	97
-1.50865	373	85
-1.49845	246	70
-1.55502	244	59
-1.50085	383	98
-1.49784	217	63
-1.50108	214	65
-1.56243	322	81
-1.55847	425	97
-1.50069	249	68
-1.55872	244	67
-1.49974	214	65
-1.50045	187	55
-1.53805	342	90
-1.55818	235	68
-1.49748	248	69
-1.56112	263	82
-1.4989	343	90
-1.49888	225	66
-1.49925	223	63
-1.49878	243	67
-1.49861	222	62
-1.49958	203	60
-1.49981	306	79
-1.55846	273	76
-1.49944	264	69
-1.49706	241	69
-1.50009	265	72
-1.55618	276	82
-1.55295	298	81
-1.50136	242	63
-1.49978	217	68
-1.50023	216	63
-1.50383	269	75
-1.50195	316	87
-1.49914	292	76
-1.54883	336	89
-1.56146	280	80
-1.50047	278	71
-1.55561	282	76
-1.55598	284	86
-1.5634	256	71
-1.5623	308	82
-1.50068	356	92
-1.56108	293	84
-1.5602	305	85
-1.56309	305	91
-1.56167	366	96
-1.50142	313	88
-1.50001	271	75
-1.56293	261	70
-1.50113	211	56
-1.50043	198	59
-1.54211	388	93
-1.55629	261	73
-1.55836	296	72
-1.5616	293	83
-1.50189	239	67
-1.55249	341	93
-1.56228	282	75
-1.49953	306	77
-1.49992	246	75
-1.504	254	74
-1.50074	215	59
-1.49866	184	52
-1.54223	410	98
-1.56019	316	87
-1.50207	185	52
-1.50109	270	72
-1.49933	349	79
-1.49589	230	68
-1.5052	270	73
-1.49974	233	63
-1.50733	324	85
-1.50084	307	87
-1.55938	264	72
-1.49848	319	83
-1.54119	388	98
-1.50304	237	69
-1.49878	201	54
-1.49879	254	77
-1.56117	363	97
-1.49914	220	67
-1.49948	246	72
-1.55866	318	83
-1.49841	229	61
-1.50095	236	67
-1.4987	240	63
-1.55803	285	76
-1.49785	207	57
-1.50242	289	88
-1.55993	216	66
-1.50098	329	87
-1.50005	222	61
-1.55925	309	91
-1.50168	194	58
-1.49929	315	78
-1.50236	281	78
-1.50243	321	84
-1.50086	210	58
-1.56139	270	78
-1.55209	365	94
-1.50084	276	75
-1.55737	355	93
-1.49995	236	65
-1.56047	319	84
-1.50044	221	59
-1.56151	325	86
-1.51349	268	69
-1.55979	276	76
-1.49729	277	71
-1.49771	200	59
-1.50053	244	61
-1.56284	292	85
-1.50016	180	52
-1.5589	249	73
-1.55625	347	92
-1.50079	251	68
-1.49861	206	52
-1.49922	250	68
-1.49969	222	67
-1.55624	250	66
-1.5532	295	76
-1.55898	340	92
-1.50081	245	63
-1.49843	284	83
-1.50054	197	61
-1.49834	208	58
-1.4977	318	88
-1.50001	211	66
-1.55822	297	82
-1.55931	238	69
-1.50087	251	65
-1.55462	242	68
-1.56171	281	72
-1.55779	288	88
-1.50171	252	75
-1.49657	335	80
-1.49821	186	52
-1.55887	246	78
-1.56373	241	62
-1.56316	295	72
-1.50001	227	75
-1.49929	230	67
-1.56051	336	82
-1.50264	232	72
-1.49839	194	55
-1.50109	240	71
-1.50055	227	64
-1.50111	255	68
-1.50336	297	73
-1.56098	256	81
-1.49918	240	66
-1.49895	338	87
-1.5021	146	42
-1.49865	262	71
-1.55723	292	89
-1.49747	260	72
-1.49963	323	91
-1.49849	226	62
-1.56101	277	79
-1.56042	240	74
-1.5236	289	83
-1.55556	352	88
-1.56267	320	85
-1.49932	253	76
-1.55151	395	89
-1.55889	244	71
-1.54012	373	95
-1.50133	363	88
-1.55948	307	79
-1.55208	253	68
-1.51901	293	82
-1.55166	354	93
-1.49804	243	69
-1.49965	254	61
-1.50119	203	60
-1.50359	189	58
-1.55704	329	79
-1.56126	270	76
-1.50143	207	62
-1.49773	290	68
-1.50044	237	73
-1.49831	224	63
-1.50121	256	76
-1.56224	335	90
-1.49946	293	79
-1.56113	317	88
-1.55322	274	78
-1.56023	275	77
-1.5041	274	70
-1.49769	220	66
-1.56429	229	71
-1.49638	297	77
-1.5004	194	52
-1.50064	231	73
-1.55818	314	82
-1.4979	250	69
-1.55905	200	61
-1.4985	203	67
-1.49799	233	76
-1.49871	205	62
-1.56148	252	72
-1.49667	240	62
-1.51641	317	85
-1.56213	214	60
-1.55217	311	79
-1.50871	349	92
-1.50006	215	62
-1.56121	256	76
-1.55791	359	91
-1.50146	215	63
-1.55788	283	80
-1.55797	315	87
-1.55576	316	84
-1.49885	277	77
-1.49791	224	61
-1.51724	229	71
-1.52121	306	93
-1.55796	222	68
-1.55858	214	62
-1.50159	193	65
-1.49874	311	82
-1.50075	208	63
-1.49804	263	71
-1.56147	259	79
-1.56127	285	79
-1.49686	292	76
-1.49969	384	90
-1.56081	351	88
-1.50323	200	58
-1.56147	287	74
-1.50087	302	85
-1.55454	244	72
-1.49995	345	87
-1.56135	203	55
-1.55746	282	80
-1.50327	315	87
-1.49927	215	58
-1.50067	292	76
-1.55038	309	84
-1.55859	224	63
-1.5649	255	74
-1.49843	210	47
-1.50058	211	62
-1.49926	354	86
-1.55879	237	68
-1.49905	287	80
-1.56131	326	87
-1.4988	231	61
-1.49764	196	62
-1.49913	307	77
-1.49855	152	43
-1.50047	216	61
-1.49754	226	61
-1.49796	271	76
-1.50028	240	63
-1.4995	180	60
-1.49906	278	81
-1.50001	288	73
-1.49945	293	70
-1.49979	280	77
-1.49577	238	61
-1.50042	238	64
-1.56046	288	72
-1.50222	237	69
-1.51829	416	96
-1.50169	223	67
-1.50264	278	79
-1.49892	216	61
-1.56294	269	80
-1.49854	191	58
-1.55813	236	65
-1.49886	165	50
-1.49998	311	83
-1.56007	273	73
-1.49879	258	63
-1.56102	365	97
-1.49739	185	58
-1.56345	298	92
-1.55998	238	72
-1.49898	193	53
-1.53256	336	81
-1.55609	370	97
-1.54911	319	77
-1.50041	264	60
-1.56436	322	89
-1.56306	259	84
-1.55827	411	96
-1.50107	284	79
-1.50077	267	72
-1.54224	380	99
-1.53213	355	99
-1.50413	354	85
-1.55938	347	97
-1.56296	267	81
-1.56003	286	77
-1.50043	278	71
-1.4997	361	88
-1.49784	218	64
-1.56054	356	88
-1.55797	265	68
-1.50001	235	67
-1.49711	303	84
-1.55932	269	74
-1.50017	204	57
-1.49817	233	61
-1.56051	273	82
-1.55968	246	72
-1.55905	222	67
-1.50113	225	57
-1.50015	292	76
-1.51583	271	78
-1.56688	291	79
-1.49785	243	67
-1.50225	227	65
-1.56042	252	73
-1.50073	216	62
-1.50167	206	62
-1.49921	320	79
-1.56162	248	67
-1.55342	305	82
-1.56174	350	90
-1.50168	239	75
-1.49853	272	77
-1.49806	169	54
-1.49661	219	65
-1.56144	215	62
-1.55579	291	78
-1.4974	280	75
-1.51948	292	81
-1.55628	284	87
-1.50017	268	70
-1.55625	312	88
-1.56133	240	69
-1.55852	241	60
-1.50008	282	81
-1.50129	232	64
-1.49912	372	89
-1.50039	230	66
-1.49946	201	59
-1.50116	219	61
-1.49904	186	53
-1.50057	261	72
-1.5613	242	68
-1.50043	222	67
-1.50152	257	78
-1.49997	246	77
-1.49739	204	61
-1.49992	223	68
-1.49952	270	78
-1.53756	341	89
-1.5003	201	59
-1.55825	291	82
-1.56338	264	77
-1.55799	225	69
-1.50046	196	57
-1.49864	314	78
-1.5525	289	81
-1.4984	315	82
-1.56072	279	81
-1.52516	323	84
-1.56058	310	77
-1.56448	331	93
-1.56145	215	67
-1.55935	293	75
-1.55652	401	96
-1.5559	313	85
-1.55922	231	65
-1.49849	169	55
-1.50064	243	69
-1.50015	222	59
-1.50921	348	97
-1.5633	316	81
-1.50076	197	58
-1.49878	178	50
-1.50181	264	80
-1.49746	182	56
-1.50247	217	66
-1.56257	306	85
-1.5	197	59
-1.50059	219	61
-1.50002	336	86
-1.55904	241	70
-1.4991	249	70
-1.55876	315	88
-1.55521	265	73
-1.55331	290	78
-1.55854	265	77
-1.49993	240	69
-1.50291	283	78
-1.49948	243	70
-1.50202	323	87
-1.50017	227	71
-1.49858	236	68
-1.55428	328	85
-1.50031	263	75
-1.49943	408	95
-1.49599	229	70
-1.55646	415	99
-1.55089	315	75
-1.50051	269	73
-1.56163	322	96
-1.50114	227	65
-1.50001	326	82
-1.50063	208	59
-1.50005	240	67
-1.49702	243	72
-1.51502	364	100
-1.49956	268	76
-1.4982	266	72
-1.4988	225	60
-1.50059	191	61
-1.50002	244	67
-1.49874	233	64
-1.49794	270	74
-1.49793	277	81
-1.55877	290	75
-1.56206	293	84
-1.50206	202	58
-1.50176	306	82
-1.49904	324	90
-1.56115	403	100
-1.49892	213	68
-1.49958	294	75
-1.55378	328	86
-1.52239	425	99
-1.50029	262	74
-1.49745	221	63
-1.55934	232	65
-1.56137	367	90
-1.50105	214	61
-1.56152	226	73
-1.49843	215	63
-1.50078	286	80
-1.49943	271	74
-1.49998	283	70
-1.50012	238	69
-1.49968	254	66
-1.49928	259	80
-1.4983	291	74
-1.53401	321	82
-1.55907	429	94
-1.55912	269	81
-1.49758	311	85
-1.55278	364	90
-1.50198	219	64
-1.49795	213	66
-1.55803	306	80
-1.5613	349	94
-1.50096	280	76
-1.49868	257	69
-1.50077	292	85
-1.56112	329	87
-1.56478	320	87
-1.49882	320	73
-1.56315	270	67
-1.49979	323	83
-1.55943	310	76
-1.50181	235	68
-1.49898	252	72
-1.55973	302	77
-1.56169	352	93
-1.5634	330	94
-1.55878	290	82
-1.50177	203	59
-1.55446	275	72
-1.55925	310	81
-1.49957	261	70
-1.55686	274	69
-1.54805	237	70
-1.56176	280	79
-1.499	224	68
-1.5591	307	85
-1.5594	272	74
-1.49695	236	69
-1.49745	292	81
-1.4989	336	90
-1.56344	213	62
-1.55581	353	92
-1.49894	302	80
-1.55332	321	84
-1.5153	295	81
-1.51288	375	96
-1.50245	259	70
-1.56268	389	90
-1.50283	248	70
-1.56153	311	80
-1.49874	240	69
-1.56437	331	90
-1.5003	221	61
-1.50633	237	66
-1.49935	199	50
-1.54844	346	92
-1.38126	378	88
-1.49823	204	59
-1.55843	279	78
-1.50108	238	62
-1.50061	230	69
-1.50058	279	72
-1.50132	280	79
-1.49897	238	65
-1.56255	272	79
-1.56097	220	72
-1.56427	248	70
-1.55778	255	71
-1.55509	262	70
-1.55298	395	94
-1.5605	357	87
-1.55837	403	99
-1.56221	265	78
-1.50073	256	70
-1.49991	286	82
-1.501	251	64
-1.55826	309	89
-1.49977	213	60
-1.49643	171	52
-1.50156	227	66
-1.51981	245	67
-1.49988	276	79
-1.56579	252	77
-1.55645	287	80
-1.49832	249	70
-1.5008	227	68
-1.49897	260	73
-1.50053	252	75
-1.49707	236	64
-1.50121	196	62
-1.51013	337	85
-1.5022	205	60
-1.55603	258	67
-1.50001	281	76
-1.49843	348	88
-1.56018	259	74
-1.55957	314	91
-1.4993	248	65
-1.49961	222	63
-1.50126	247	72
-1.5064	384	90
-1.55943	340	97
-1.50109	184	54
-1.49935	218	58
-1.55981	266	67
-1.49976	233	64
-1.50076	256	69
-1.49875	336	86
-1.4988	211	58
-1.4996	325	85
-1.54742	305	83
-1.56048	302	86
-1.55881	342	98
-1.49855	270	74
-1.5326	365	90
-1.50095	232	60
-1.49819	284	77
-1.55354	299	91
-1.4806	331	76
-1.49921	224	61
-1.50137	279	75
-1.50016	235	70
-1.52893	345	91
-1.55744	248	79
-1.56059	265	70
-1.55988	249	73
-1.50832	317	89
-1.55586	375	97
-1.50099	222	63
-1.56079	368	83
-1.56407	314	90
-1.50203	212	64
-1.50023	225	65
-1.49931	248	69
-1.49843	291	75
-1.56003	230	74
-1.56389	300	87
-1.55783	410	100
-1.56112	247	69
-1.5009	330	88
-1.56083	220	61
-1.50061	311	84
-1.49668	216	56
-1.49997	209	64
-1.56054	318	83
-1.55122	249	67
-1.55692	249	70
-1.53023	304	84
-1.49992	239	66
-1.50275	316	88
-1.56012	290	79
-1.50203	281	73
-1.5449	375	100
-1.55883	256	73
-1.4968	219	58
-1.50186	311	77
-1.5005	383	97
-1.55858	363	97
-1.4977	236	69
-1.50212	226	67
-1.5007	198	64
-1.56178	346	92
-1.50028	300	86
-1.49907	255	69
-1.49864	205	57
-1.50096	334	85
-1.49957	252	72
-1.55614	325	94
-1.55455	384	93
-1.50055	348	84
-1.55749	358	87
-1.50208	300	83
-1.4982	176	53
-1.49934	241	72
-1.50122	189	62
-1.50092	209	64
-1.49948	232	57
-1.56055	236	78
-1.55769	252	75
-1.49968	310	84
-1.50039	210	59
-1.54526	398	100
-1.50057	200	57
-1.49761	279	76
-1.49888	320	87
-1.56011	259	70
-1.50813	275	78
-1.50677	362	88
-1.55576	281	76
-1.50111	290	70
-1.50226	277	73
-1.50041	295	85
-1.49842	296	71
-1.50111	224	64
-1.54992	366	88
-1.50015	324	91
-1.50029	275	71
-1.50306	239	66
-1.50079	355	98
-1.49822	278	74
-1.56264	247	73
-1.50274	383	97
-1.50048	218	65
-1.49977	244	66
-1.50023	250	67
-1.55891	262	77
-1.50035	287	81
-1.49985	241	64
-1.50092	229	70
-1.49979	231	65
-1.49721	253	78
-1.49879	218	65
-1.49631	212	61
-1.50024	282	74
-1.49859	309	85
-1.54974	263	74
-1.49938	290	78
-1.54529	374	98
-1.4976	348	93
-1.50146	296	79
-1.51313	287	86
-1.49711	315	79
-1.49919	322	83
-1.49803	292	79
-1.56188	258	69
-1.55957	209	60
-1.56447	260	77
-1.49944	258	72
-1.50116	307	92
-1.56175	227	64
-1.56284	231	70
-1.50034	188	56
-1.49882	215	63
-1.49822	246	67
-1.55814	332	98
-1.4073	340	91
-1.49782	196	58
-1.50254	294	75
-1.56262	334	94
-1.56127	260	79
-1.56076	326	89
-1.55373	370	89
-1.53359	274	73
-1.55918	349	80
-1.5611	240	70
-1.50356	212	60
-1.49894	254	73
-1.55926	290	91
-1.50004	266	70
-1.55696	208	60
-1.49879	194	55
-1.50107	190	58
-1.49946	240	73
-1.55425	314	81
-1.56123	247	68
-1.50193	183	55
-1.5578	350	88
-1.49823	347	87
-1.55858	299	79
0.21932	426	96
-1.55223	268	76
-1.50097	266	79
-1.56212	249	73
-1.55495	276	79
-1.50024	342	85
-1.5584	270	72
-1.55724	351	98
-1.51422	360	90
-1.50063	221	63
-1.55695	287	79
-1.50033	310	92
-1.50219	177	55
-1.49867	180	56
-1.49906	215	56
-1.56271	260	78
-1.49791	223	59
-1.49728	264	64
-1.49768	286	80
-1.49939	300	79
-1.56138	319	83
-1.49959	209	66
-1.50019	269	74
-1.4989	214	57
-1.5015	293	71
-1.56007	320	90
-1.54323	283	84
-1.49891	315	80
-1.55945	281	78
-1.56033	313	78
-1.50012	333	92
-1.4994	212	63
-1.55943	305	79
-1.49992	199	55
-1.56485	267	75
-1.49926	239	67
-1.55184	261	72
-1.50037	291	83
-1.55191	342	98
-1.50055	253	72
-1.50047	230	66
-1.50152	366	90
-1.55995	259	74
-1.50123	254	70
-1.56173	371	92
-1.50294	222	65
-1.5522	434	92
-1.50095	303	89
-1.54879	288	79
-1.49929	253	69
-1.30881	393	99
-1.49804	227	64
-1.50265	285	76
-1.50917	307	74
-1.50158	322	81
-1.55425	258	73
-1.50038	230	61
-1.49765	222	59
-1.50103	243	64
-1.55847	306	86
-1.49757	213	59
-1.49927	274	76
-1.4988	196	60
-1.51241	386	95
-1.49745	230	73
-1.56028	289	84
-1.50039	250	72
-1.49994	238	73
-1.56136	289	75
-1.5021	227	59
-1.55775	278	73
-1.49936	219	63
-1.54707	284	82
-1.55984	312	84
-1.49803	241	64
-1.55757	337	82
-1.55995	273	74
-1.49916	278	77
-1.55962	367	93
-1.56162	314	86
-1.49699	195	54
-1.49912	223	62
-1.50044	251	76
-1.49994	225	61
-1.49848	289	87
-1.50159	232	66
-1.55945	368	95
-1.50043	335	87
-1.51998	330	85
-1.50032	261	69
-1.55161	296	79
-1.49987	214	64
-1.56325	266	76
-1.55723	292	81
-1.50115	318	73
-1.55471	438	98
-1.49728	377	94
-1.49884	310	81
-1.50059	273	89
-1.4999	283	74
-1.5008	172	52
-1.50054	216	57
-1.55815	330	79
-1.50063	245	70
-1.49843	242	68
-1.50096	308	79
-1.56034	316	81
-1.55967	271	79
-1.55775	246	69
-1.56206	343	97
-1.555	252	69
-1.49665	253	67
-1.49932	303	77
-1.49912	207	51
-1.49952	289	79
-1.55926	311	81
-1.5547	301	84
-1.49884	238	60
-1.56107	249	76
-1.4983	239	66
-1.5613	285	91
-1.56338	288	79
-1.49782	238	70
-1.55938	281	82
-1.49693	366	89
-1.5001	281	71
-1.56153	394	91
-1.5027	254	67
-1.56176	259	72
-1.50208	200	67
-1.50051	251	64
-1.4982	330	87
-1.50112	249	69
-1.49666	230	73
-1.53906	346	93
-1.50224	315	81
-1.49942	211	60
-1.50069	294	80
-1.50117	248	66
-1.51628	324	80
-1.55672	336	92
-1.55926	274	72
-1.49784	193	58
-1.49762	182	58
-1.5009	238	66
-1.50046	388	90
-1.56121	287	79
-1.50015	229	60
-1.55979	291	86
-1.51757	231	62
-1.49894	272	83
-1.56055	315	84
-1.50136	248	78
-1.49865	279	74
-1.50022	250	71
-1.56423	284	79
-1.49951	250	76
-1.50058	264	72
-1.4978	226	64
-1.55663	317	83
-1.56268	255	78
-1.49911	250	68
-1.50103	248	72
-1.49797	251	78
-1.50493	257	73
-1.49932	218	64
-1.50024	296	77
-1.49991	203	56
-1.50391	295	80
-1.49856	299	75
-1.50203	242	74
-1.55645	299	72
-1.49974	201	61
-1.56028	278	78
-1.54954	328	85
-1.5001	190	56
-1.49886	306	85
-1.5016	407	98
-1.49978	287	73
-1.50141	282	76
-1.56057	346	91
-1.50202	291	84
-1.49672	295	77
-1.49974	255	77
-1.49993	213	61
-1.56015	305	81
-1.56282	369	90
-1.50034	263	82
-1.49966	238	69
-1.49864	237	63
-1.55923	250	79
-1.50155	285	74
-1.55998	399	95
-1.4974	357	92
-1.49951	301	75
-1.50091	232	59
-1.50176	253	77
-1.51624	349	94
-1.50201	266	73
-1.52685	366	89
-1.5009	359	90
-1.5609	209	56
-1.55432	241	72
-1.51219	350	93
-1.4997	244	73
-1.55985	290	78
-1.56256	299	80
-1.54035	276	75
-1.55113	294	80
-1.55927	340	80
-1.55982	346	91
-1.49816	199	58
-1.50063	248	67
-1.50242	204	52
-1.55647	314	82
-1.49691	279	75
-1.49805	177	52
-1.49949	261	70
-1.52595	356	85
-1.50096	307	86
-1.5018	223	54
-1.49822	261	77
-1.50004	271	69
-1.49948	246	64
-1.50143	281	76
-1.51875	359	89
-1.50105	289	71
-1.49844	224	57
-1.49988	203	59
-1.49725	206	62
-1.50277	257	68
-1.50357	280	75
-1.5574	251	75
-1.5007	252	70
-1.55878	298	86
-1.4966	288	78
-1.49957	216	62
-1.50045	224	58
-1.49932	286	78
-1.55882	345	92
-1.50003	331	89
-1.52644	315	91
-1.50169	230	63
-1.55798	298	81
-1.50072	271	71
-1.50243	270	72
-1.56126	343	81
-1.55783	249	71
-1.49979	240	64
-1.49972	306	80
-1.56027	251	76
-1.49716	190	63
-1.5016	202	62
-1.50158	239	65
-1.49926	267	70
-1.49735	259	71
-1.49969	247	69
-1.55566	312	83
-1.49914	319	83
-1.50156	180	58
-1.55756	287	80
-1.50176	225	70
-1.49762	352	86
-1.49799	219	61
-1.56142	366	94
-1.50107	266	68
-1.53434	304	74
-1.50053	280	72
-1.49913	259	72
-1.50014	235	69
-1.56015	337	87
-1.5005	296	78
-1.49913	227	65
-1.49999	301	74
-1.56178	228	72
-1.50012	216	66
-1.55867	342	87
-1.49908	262	67
-1.49926	182	51
-1.50214	236	67
-1.56152	288	83
-1.49893	241	65
-1.53671	312	82
-1.49988	171	53
-1.55166	329	85
-1.50074	278	82
-1.5576	325	82
-1.56157	265	77
-1.50138	250	66
-1.55954	279	73
-1.55949	340	92
-1.50011	237	61
-1.49916	312	81
-1.50137	254	69
-1.55247	324	78
-1.49947	196	63
-1.50064	302	78
-1.50045	226	73
-1.51726	285	76
-1.56088	214	62
-1.55834	180	55
-1.49771	283	72
-1.55957	237	67
-1.55767	219	57
-1.49917	246	74
-1.501	200	54
-1.55959	257	70
-1.49766	174	50
-1.56141	238	71
-1.55549	304	72
-1.55258	320	85
-1.56202	182	57
-1.55875	340	95
-1.49951	219	61
-1.56295	303	75
-1.50047	280	83
-1.50056	279	78
-1.56057	270	79
-1.49886	225	62
-1.50831	321	81
-1.50173	258	71
-1.56217	253	66
-1.55924	324	92
-1.50095	323	84
-1.54903	346	89
-1.49964	258	71
-1.49992	285	77
-1.56046	441	100
-1.49908	292	75
-1.50141	252	72
-1.50235	201	51
-1.55819	284	85
-1.49748	228	63
-1.5581	357	96
-1.55915	325	87
-1.55833	290	77
-1.49874	209	61
-1.56084	279	82
-1.5166	344	87
-1.55804	253	80
-1.50093	303	85
-1.50084	273	72
-1.49807	196	60
-1.49865	221	65
-1.4999	284	71
-1.56164	270	75
-1.49678	229	64
-1.50165	197	60
-1.49803	243	72
-1.49963	301	72
-1.50115	229	69
-1.49866	226	52
-1.5004	208	58
-1.49774	293	83
-1.56181	269	75
-1.56504	327	84
-1.50115	280	76
-1.56279	358	89
-1.55694	316	84
-1.50129	360	94
-1.5007	327	85
-1.55924	284	76
-1.55455	308	81
-1.50397	281	78
-1.55849	436	99
-1.56397	316	95
-1.55991	299	79
-1.49981	233	64
-1.55742	364	92
-1.49987	289	89
-1.55668	247	71
-1.50067	228	62
-1.49872	317	94
-1.5638	330	89
-1.50232	236	67
-1.55891	312	88
-1.50058	408	99
-1.50007	285	75
-1.50168	259	74
-1.50179	245	66
-1.5019	233	64
-1.5	249	74
-1.50023	232	61
-1.55814	222	62
-1.49959	211	59
-1.49944	248	72
-1.50048	306	80
-1.55866	267	68
-1.50061	233	66
-1.4985	221	64
-1.49874	256	74
-1.55169	377	97
-1.56359	248	70
-1.50057	245	62
-1.52969	374	95
-1.55593	334	88
-1.51614	377	96
-1.5603	207	64
-1.49858	268	70
-1.50225	187	53
-1.55727	260	70
-1.55244	348	93
-1.56113	238	69
-1.49894	305	78
-1.55738	304	72
-1.4984	253	76
-1.50118	226	61
-1.49902	281	82
-1.52851	341	89
-1.50082	351	91
-1.49981	173	55
-1.50119	329	79
-1.56023	255	75
-1.49931	242	66
-1.50048	247	73
-1.49863	282	75
-1.55716	292	78
-1.55838	329	82
-1.49906	274	78
-1.5619	243	72
-1.56147	285	79
-1.49873	210	58
-1.5611	275	72
-1.55916	369	97
-1.55701	337	92
-1.49931	223	58
-1.49874	296	71
-1.50149	290	76
-1.49868	267	75
-1.50046	250	65
-1.49895	189	52
-1.49812	193	54
-1.49904	218	63
-1.49943	260	68
-1.55897	241	75
-1.50271	268	74
-1.50048	231	74
-1.56042	256	72
-1.55977	257	72
-1.56274	306	85
-1.52261	274	80
-1.49904	341	81
-1.49786	242	65
-1.56074	269	80
-1.50088	353	94
-1.56033	356	91
-1.50129	265	78
-1.55971	286	79
-1.56194	288	68
-1.50391	277	76
-1.49963	232	67
-1.56203	300	78
-1.50047	324	76
-1.56475	198	58
-1.56102	313	87
-1.55999	269	79
-1.56337	321	84
-1.55815	352	84
-1.49899	228	59
-1.55877	329	89
-1.54452	325	88
-1.49981	213	62
-1.49928	320	78
-1.5626	161	49
-1.4988	252	69
-1.49904	220	65
-1.49979	259	68
-1.56257	250	78
-1.50215	224	65
-1.49655	222	63
-1.50061	278	71
-1.50013	249	70
-1.4985	245	70
-1.561	293	85
-1.53795	331	79
-1.55856	325	80
-1.49823	272	70
-1.49912	231	62
-1.49883	201	68
-1.49903	274	75
-1.50178	192	58
-1.55635	307	85
-1.55941	224	72
-1.50152	331	85
-1.49952	200	59
-1.50981	301	86
-1.55867	271	72
-1.55308	381	98
-1.55944	337	89
-1.49869	219	62
-1.49873	343	91
-1.55795	322	83
-1.55628	271	73
-1.49952	221	64
-1.53403	345	87
-1.5622	244	66
-1.56101	220	59
-1.56137	351	95
-1.49957	249	73
-1.50081	282	88
-1.50165	218	67
-1.5011	344	92
-1.56213	255	84
-1.5002	235	67
-1.50261	246	70
-1.56326	328	100
-1.49801	270	80
-1.55869	205	66
-1.50021	385	93
-1.50303	288	83
-1.49959	227	69
-1.56066	241	76
-1.55732	258	80
-1.56236	223	61
-1.50199	272	77
-1.53133	231	66
-1.55607	398	93
-1.49945	226	61
-1.50008	311	82
-1.50216	308	89
-1.50032	213	69
-1.49762	261	75
-1.55863	291	84
-1.56129	210	69
-1.5002	290	70
-1.5582	320	79
-1.49886	231	69
-1.55729	289	87
-1.49825	305	75
-1.50127	227	55
-1.49912	208	61
-1.55847	217	65
-1.50162	196	56
-1.56248	284	83
-1.50114	232	62
-1.49755	182	56
-1.55943	387	92
-1.56124	243	65
-1.55741	274	69
-1.4993	206	61
-1.50074	225	60
-1.50211	209	58
-1.56166	226	62
-1.49987	296	80
-1.56044	240	68
-1.5556	316	86
-1.5017	249	72
-1.49908	193	55
-1.55634	303	83
-1.51027	281	77
-1.56185	285	74
-1.49817	214	62
-1.55836	275	78
-1.50005	322	80
-1.50149	286	82
-1.5613	288	71
-1.49973	198	52
-1.55795	325	82
-1.4975	268	72
-1.50239	204	58
-1.55566	316	85
-1.55837	329	88
-1.5602	252	76
-1.5011	336	87
-1.50129	203	53
-1.50144	198	58
-1.50003	326	94
-1.55852	284	81
-1.54456	292	71
-1.49992	237	68
-1.49948	210	53
-1.56116	246	71
-1.49881	180	55
-1.55853	318	78
-1.56154	382	99
-1.56048	345	91
-1.4978	229	66
-1.50086	286	76
-1.49974	233	60
-1.5304	294	81
-1.56206	289	86
-1.5588	329	89
-1.49859	249	70
-1.50161	267	75
-1.49993	327	80
-1.56112	356	88
-1.55858	257	71
-1.54003	373	89
-1.50028	280	80
-1.5002	254	73
-1.55431	344	84
-1.49836	245	72
-1.5496	293	75
-1.55533	400	94
-1.56018	215	66
-1.55701	315	89
-1.50081	361	90
-1.49958	211	62
-1.55372	368	93
-1.4974	329	85
-1.55896	348	87
-1.557	250	71
-1.55059	340	91
-1.5003	227	69
-1.50089	306	76
-1.50062	208	58
-1.55318	272	65
-1.49989	223	66
-1.5597	219	60
-1.55682	296	82
-1.55872	286	77
-1.55797	395	100
-1.50001	272	77
-1.4992	259	66
-1.56034	301	77
-1.49923	236	64
-1.56004	332	90
-1.56213	206	60
-1.50075	322	85
-1.56102	281	80
-1.55498	295	81
-1.49918	243	72
-1.55659	352	94
-1.50358	384	86
-1.49947	222	59
-1.51077	283	74
-1.50009	296	76
-1.55899	252	68
-1.50067	249	67
-1.56184	330	91
-1.55869	309	72
-1.5018	261	73
-1.5595	261	75
-1.56251	262	69
-1.49927	310	85
-1.55019	329	90
-1.56286	260	77
-1.56178	274	82
-1.50062	217	63
-1.49946	206	58
-1.50064	215	65
-1.49825	214	66
-1.49872	181	51
-1.49794	194	58
-1.55358	293	75
-1.50129	245	67
-1.49948	310	72
-1.50009	287	72
-1.56005	281	78
-1.56066	244	72
-1.50165	255	63
-1.49717	259	67
-1.49979	258	72
-1.4991	407	97
-1.50232	239	71
-1.50259	294	73
-1.50217	290	77
-1.55887	437	100
-1.49882	259	80
-1.49953	266	70
-1.49855	302	84
-1.49948	225	62
-1.50134	241	73
-1.5	190	51
-1.498	233	69
-1.49979	277	79
-1.557	284	80
-1.49961	264	69
-1.50585	290	79
-1.50313	260	84
-1.55629	273	78
-1.49955	246	67
-1.55418	304	70
-1.50018	283	78
-1.49869	232	70
-1.55958	341	86
-1.55914	232	66
-1.55976	301	89
-1.50206	309	84
-1.49989	278	77
-1.50083	257	76
-1.55503	273	76
-1.49993	204	62
-1.49869	272	72
-1.5589	215	56
-1.4993	213	57
-1.50022	222	66
-1.50041	292	77
-1.55991	248	65
-1.50041	214	63
-1.50078	204	55
-1.49647	199	59
-1.50274	415	100
-1.4997	331	87
-1.49925	238	65
-1.49895	282	68
-1.50208	265	66
-1.5005	218	62
-1.55637	316	77
-1.56411	375	97
-1.49806	330	90
-1.55867	328	84
-1.50062	274	75
-1.56043	359	88
-1.49929	270	74
-1.55142	312	85
-1.52402	390	85
-1.50215	283	80
-1.5284	352	96
-1.56133	344	87
-1.49588	192	57
-1.56001	401	96
-1.56075	251	68
-1.56041	297	81
-1.55438	256	66
-1.49851	269	71
-1.50249	249	77
-1.50222	195	63
-1.49643	196	51
-1.50113	222	64
-1.50159	266	72
-1.56054	274	77
-1.50033	220	60
-1.49875	212	64
-1.55448	344	79
-1.50098	250	70
-1.56132	294	82
-1.54557	239	78
-1.55958	331	87
-1.49806	292	78
-1.54668	288	78
-1.50124	256	69
-1.56334	317	97
-1.55806	342	78
-1.49853	309	78
-1.50098	226	68
-1.55727	301	84
-1.50069	364	92
-1.56153	254	71
-1.55592	320	90
-1.50054	228	67
-1.5617	375	92
-1.49691	248	70
-1.52484	303	85
-1.55973	337	95
-1.55906	209	62
-1.56212	287	79
-1.49898	327	80
-1.56231	234	67
-1.56215	345	86
-1.50083	355	84
-1.55842	267	83
-1.55802	264	77
-1.49996	302	86
-1.49927	267	77
-1.49884	233	68
-1.50151	243	67
-1.49925	304	81
-1.50034	264	63
-1.50127	284	79
-1.55662	261	71
-1.50461	290	71
-1.50058	215	61
-1.55804	297	81
-1.49883	242	73
-1.49877	351	75
-1.56043	323	88
-1.50204	293	78
-1.49826	208	60
-1.49906	228	62
-1.56036	296	83
-1.49759	353	95
-1.4995	224	60
-1.49935	242	74
-1.56028	356	91
-1.4991	192	69
-1.56001	383	92
-1.5549	314	78
-1.50253	222	64
-1.5019	243	65
-1.49798	269	74
-1.55818	273	71
-1.50291	223	64
-1.501	257	75
-1.55897	263	73
-1.50026	292	70
-1.50116	246	65
-1.49871	193	59
-1.49543	358	96
-1.49993	190	55
-1.50035	194	52
-1.55942	352	91
-1.56194	223	66
-1.49659	257	74
-1.49684	246	72
-1.49986	244	70
-1.54922	296	83
-1.55478	291	84
-1.56068	322	87
-1.5002	256	66
-1.56107	259	74
-1.50157	264	70
-1.56342	258	66
-1.50177	192	60
-1.50136	336	80
-1.50153	213	68
-1.55989	251	67
-1.53433	284	76
-1.5568	381	93
-1.49839	257	76
-1.56122	424	100
-1.50003	253	63
-1.55616	283	74
-1.49772	261	75
-1.55642	290	79
-1.4993	284	73
-1.49972	275	75
-1.49797	296	78
-1.56123	283	76
-1.49574	288	75
-1.49835	315	76
-1.49955	248	73
-1.55917	235	70
-1.55441	383	93
-1.56057	233	69
-1.50132	365	95
-1.50005	230	73
-1.49939	325	80
-1.49914	254	66
-1.50006	331	79
-1.56047	230	65
-1.51058	370	97
-1.50122	313	80
-1.49939	208	59
-1.50132	357	93
-1.4975	198	56
-1.55862	293	75
-1.49902	245	67
-1.51015	275	85
-1.49806	245	73
-1.50009	270	71
-1.56135	245	77
-1.56126	224	67
-1.49972	263	77
-1.50061	235	63
-1.56019	243	79
-1.55567	258	72
-1.50138	296	74
-1.49992	218	63
-1.49724	200	59
-1.56046	225	71
-1.50261	221	67
-1.4977	276	77
-1.56328	305	81
-1.56376	235	72
-1.50075	257	70
-1.55589	315	85
-1.49887	199	59
-1.49912	229	61
-1.55964	342	90
-1.55862	229	73
-1.55939	314	83
-1.50038	195	54
-1.55854	302	89
-1.53382	423	100
-1.56287	294	81
-1.4993	228	70
-1.49878	169	52
-1.50076	207	58
-1.49949	294	78
-1.49866	304	85
-1.50223	244	67
-1.55904	316	78
-1.55152	289	76
-1.56041	362	93
-1.50018	303	77
-1.52549	391	95
-1.50069	247	69
-1.50172	185	62
-1.50782	272	76
-1.56102	290	81
-1.56161	241	72
-1.49935	223	62
-1.5609	313	90
-1.55863	279	80
-1.49762	240	64
-1.50151	199	59
-1.50132	235	70
-1.49839	305	75
-1.50199	260	70
-1.50141	283	76
-1.50021	203	59
-1.50153	244	66
-1.5633	297	82
-1.55705	228	70
-1.50019	293	77
-1.49939	260	66
-1.55887	302	79
-1.50159	262	78
-1.5595	315	88
-1.50336	310	80
-1.56075	276	82
-1.55948	336	89
-1.56249	162	50
-1.49868	247	75
-1.55626	353	92
-1.49866	191	63
-1.50052	210	65
-1.49987	252	74
-1.49621	237	71
-1.50191	215	65
-1.49843	332	77
-1.50188	338	86
-1.56149	190	57
-1.56105	310	86
-1.49866	264	79
-1.56174	310	86
-1.56325	340	94
-1.49731	215	57
-1.55998	235	72
-1.56314	240	67
-1.50196	343	83
-1.56232	345	90
-1.5607	291	82
-1.55081	242	60
-1.50025	241	74
-1.50111	313	71
-1.50038	258	66
-1.5007	391	88
-1.50648	245	69
-1.49961	271	74
-1.49697	262	76
-1.56203	240	75
-1.55448	312	83
-1.55943	357	92
-1.56181	254	78
-1.50049	251	74
-1.5	314	80
-1.53972	195	60
-1.50074	278	76
-1.55821	344	88
-1.50166	287	76
-1.54404	420	100
-1.56128	288	78
-1.49859	203	61
-1.49837	257	62
-1.49919	224	63
-1.56433	376	97
-1.49851	291	71
-1.49603	226	65
-1.50272	289	82
-1.55711	329	83
-1.55852	189	61
-1.50122	236	65
-1.54	273	80
-1.50082	273	73
-1.50012	277	75
-1.50121	238	69
-1.49796	256	67
-1.50035	291	84
-1.49897	260	64
-1.50032	227	64
-1.55831	392	97
-1.50175	212	65
-1.55438	321	84
-1.55928	252	68
-1.55172	375	93
-1.54899	291	84
-1.4973	214	66
-1.56193	372	90
-1.50051	203	59
-1.55857	337	86
-1.5577	307	78
-1.49692	259	78
-1.55206	265	68
-1.56258	313	86
-1.55674	282	79
-1.5011	199	57
-1.50058	221	60
-1.49902	323	82
-1.49908	189	55
-1.54385	288	81
-1.49774	267	74
-1.5565	320	81
-1.55472	296	70
-1.5014	204	54
-1.49806	278	74
-1.49909	254	77
-1.49818	175	48
-1.49853	221	71
-1.49694	273	69
-1.50797	349	86
-1.50137	277	77
-1.56143	317	92
-1.49908	207	61
-1.50186	264	68
-1.55667	441	100
-1.49992	300	85
-1.49914	249	61
-1.49979	208	63
-1.55891	299	80
-1.49855	315	87
-1.50173	202	60
-1.56023	230	74
-1.50172	260	67
-1.55347	311	81
-1.50007	319	78
-1.55828	348	87
-1.50069	289	77
-1.49967	331	84
-1.50152	269	72
-1.50018	227	69
-1.50129	242	68
-1.56216	247	66
-1.56169	319	87
-1.56005	408	93
-1.50039	211	68
-1.49877	254	66
-1.56006	233	72
-1.51593	333	83
-1.49902	202	60
-1.49799	379	93
-1.56	309	88
-1.49936	308	89
-1.55925	262	72
-1.53859	316	89
-1.5633	270	80
-1.50063	241	69
-1.56057	278	80
-1.56116	320	85
-1.49952	364	89
-1.50066	209	63
-1.50145	241	63
-1.49719	244	70
-1.50016	209	59
-1.56391	229	69
-1.55689	296	81
-1.50027	323	92
-1.49735	250	70
-1.49601	374	88
-1.49991	249	69
-1.56103	263	69
-1.50181	265	69
-1.49991	219	64
-1.56129	305	81
-1.50234	250	68
-1.49969	229	64
-1.4982	220	58
-1.51099	349	90
-1.56035	300	90
-1.55606	367	91
-1.5134	302	87
-1.49926	194	54
-1.55909	219	63
-1.50041	211	62
-1.49814	285	78
-1.49899	201	54
-1.5001	194	54
-1.56131	378	93
-1.55916	234	71
-1.49934	279	75
-1.49884	191	60
-1.56024	217	61
-1.50035	218	62
-1.50021	208	58
-1.49931	197	53
-1.49782	172	54
-1.49734	192	58
-1.55904	214	66
-1.55405	288	79
-1.49822	251	67
-1.55642	266	76
-1.56111	298	76
-1.5008	175	54
-1.56166	316	86
-1.56046	308	81
-1.56423	489	100
-1.56418	379	100
-1.49951	220	62
-1.49932	178	56
-1.49679	235	69
-1.49975	201	64
-1.55702	325	90
-1.5619	225	69
-1.49924	235	60
-1.50059	387	99
-1.55945	279	82
-1.56085	273	73
-1.56108	349	95
-1.55285	348	85
-1.50194	280	71
-1.49876	211	63
-1.56292	326	95
-1.49982	294	80
-1.50012	238	63
-1.50265	249	63
-1.49681	396	100
-1.51236	274	79
-1.50543	271	72
-1.55503	262	71
-1.53758	299	79
-1.5621	407	99
-1.55778	252	67
-1.51055	439	95
-1.50106	260	78
-1.56041	314	94
-1.50012	317	82
-1.4989	337	87
-1.56276	382	92
-1.56207	328	78
-1.56048	256	71
-1.49837	212	63
-1.50127	251	69
-1.50113	317	84
-1.49848	302	81
-1.50147	295	74
-1.54277	267	76
-1.56297	301	86
-1.49939	176	50
-1.56211	241	69
-1.55966	239	60
-1.50054	232	56
-1.50177	238	70
-1.50618	211	62
-1.50423	297	81
-1.50003	255	79
-1.55726	260	78
-1.56107	297	81
-1.50113	221	61
-1.56108	262	80
-1.56069	292	78
-1.50148	262	71
-1.50015	215	64
-1.49905	330	77
-1.5034	371	92
-1.49911	286	81
-1.49899	189	56
-1.49896	301	83
-1.56311	388	94
-1.56019	266	75
-1.50269	236	72
-1.50191	173	56
-1.5621	269	83
-1.49927	244	68
-1.50001	256	69
-1.5586	329	80
-1.50123	235	78
-1.50031	192	60
-1.55822	239	74
-1.49969	224	70
-1.56177	221	69
-1.50042	412	94
-1.49834	239	64
-1.49842	296	73
-1.50151	264	76
-1.53033	334	95
-1.50014	281	69
-1.56014	242	73
-1.49983	226	60
-1.55032	360	95
-1.55887	278	79
-1.50089	263	83
-1.49868	247	69
-1.56075	258	78
-1.49853	204	61
-1.50217	324	87
-1.50162	207	60
-1.50003	199	62
-1.50006	250	67
-1.49811	272	78
-1.50309	273	73
-1.55995	235	61
-1.5009	320	90
-1.50374	203	61
-1.56304	333	87
-1.49851	307	76
-1.49905	208	60
-1.49652	273	73
-1.49902	194	56
-1.50259	257	73
-1.49815	228	61
-1.55696	282	79
-1.49819	280	79
-1.55865	315	83
-1.49903	217	56
-1.49696	183	55
-1.50366	295	85
-1.50516	327	79
-1.55878	243	65
-1.56068	242	71
-1.49915	248	61
-1.50026	244	65
-1.49813	231	69
-1.49916	418	97
-1.56098	252	70
-1.49943	309	76
-1.55733	362	87
-1.55372	300	85
-1.50076	246	79
-1.55955	266	79
-1.52437	351	94
-1.49916	175	54
-1.4964	286	75
-1.56144	304	89
-1.49923	269	68
-1.5539	340	88
-1.55807	284	79
-1.49959	285	78
-1.55712	405	94
-1.5014	188	54
-1.49867	422	97
-1.50344	309	85
-1.49833	357	84
-1.49995	228	71
-1.56357	313	84
-1.49658	295	71
-1.55949	279	83
-1.49984	201	60
-1.50041	335	92
-1.55998	329	85
-1.49748	281	78
-1.54931	301	74
-1.49878	210	60
