-1.499192	400	200
-1.497271	400	200
-1.49852	400	200
-1.499608	400	200
-1.552409	400	200
-1.518022	400	200
-1.506082	400	200
-1.504417	400	200
-1.534607	400	200
-1.509006	400	200
-1.496367	400	200
-1.499108	400	200
-1.498931	400	200
-1.527676	400	200
-1.499417	400	200
-1.499729	400	200
-1.560176	400	200
-1.498079	400	200
-1.496259	400	200
-1.53501	400	200
-1.498847	400	200
-1.499149	400	200
-1.49966	400	200
-1.497003	400	200
-1.499488	400	200
-1.554919	400	200
-1.524474	400	200
-1.499232	400	200
-1.499718	400	200
-1.500217	400	200
-1.542605	400	200
-1.548303	400	200
-1.499437	400	200
-1.561483	400	200
-1.545173	400	200
-1.495086	400	200
-1.527909	400	200
-1.539302	400	200
-1.498931	400	200
-1.510072	400	200
-1.491432	400	200
-1.542097	400	200
-1.499709	400	200
-1.500111	400	200
-1.498974	400	200
-1.555687	400	200
-1.49975	400	200
-1.493815	400	200
-1.500238	400	200
-1.503634	400	200
-1.500112	400	200
-1.52154	400	200
-1.516588	400	200
-1.530139	400	200
-1.515195	400	200
-1.559596	400	200
-1.5408	400	200
-1.498657	400	200
-1.506798	400	200
-1.499483	400	200
-1.518516	400	200
-1.499553	400	200
-1.496844	400	200
-1.498113	400	200
-1.50012	400	200
-1.498434	400	200
-1.504883	400	200
-1.533419	400	200
-1.548027	400	200
-1.544468	400	200
-1.530967	400	200
-1.497943	400	200
-1.55903	400	200
-1.498339	400	200
-1.499357	400	200
-1.499672	400	200
-1.495481	400	200
-1.547112	400	200
-1.500139	400	200
-1.498085	400	200
-1.489183	400	200
-1.497164	400	200
-1.532555	400	200
-1.500484	400	200
-1.497654	400	200
-1.49947	400	200
-1.544947	400	200
-1.500059	400	200
-1.50523	400	200
-1.534186	400	200
-1.499397	400	200
-1.495508	400	200
-1.535576	400	200
-1.54537	400	200
-1.499573	400	200
-1.497422	400	200
-1.505559	400	200
-1.499147	400	200
-1.494977	400	200
-1.500304	400	200
-1.511372	400	200
-1.499456	400	200
-1.503623	400	200
-1.498272	400	200
-1.519331	400	200
-1.51277	400	200
-1.498551	400	200
-1.557395	400	200
-1.518772	400	200
-1.535867	400	200
-1.497392	400	200
-1.491362	400	200
-1.520448	400	200
-1.500582	400	200
-1.498917	400	200
-1.554158	400	200
-1.546566	400	200
-1.494172	400	200
-1.557727	400	200
-1.499476	400	200
-1.503774	400	200
-1.499566	400	200
-1.520764	400	200
-1.497629	400	200
-1.499399	400	200
-1.557741	400	200
-1.499034	400	200
-1.48816	400	200
-1.499537	400	200
-1.552737	400	200
-1.516817	400	200
-1.499518	400	200
-1.500402	400	200
-1.558835	400	200
-1.497386	400	200
-1.499571	400	200
-1.5023	400	200
-1.514033	400	200
-1.49456	400	200
-1.550009	400	200
-1.500379	400	200
-1.537697	400	200
-1.528868	400	200
-1.517228	400	200
-1.527682	400	200
-1.531725	400	200
-1.499854	400	200
-1.499198	400	200
-1.499092	400	200
-1.514552	400	200
-1.537193	400	200
-1.554652	400	200
-1.499248	400	200
-1.49124	400	200
-1.499863	400	200
-1.497039	400	200
-1.500677	400	200
-1.516129	400	200
-1.533267	400	200
-1.500136	400	200
-1.554825	400	200
-1.534485	400	200
-1.541436	400	200
-1.498893	400	200
-1.499949	400	200
-1.49969	400	200
-1.495057	400	200
-1.558311	400	200
-1.490218	400	200
-1.498615	400	200
-1.519634	400	200
-1.499649	400	200
-1.527633	400	200
-1.497412	400	200
-1.534186	400	200
-1.499083	400	200
-1.552808	400	200
-1.522536	400	200
-1.53591	400	200
-1.49853	400	200
-1.539527	400	200
-1.496588	400	200
-1.551408	400	200
-1.493845	400	200
-1.491299	400	200
-1.499007	400	200
-1.4995	400	200
-1.499853	400	200
-1.495599	400	200
-1.498052	400	200
-1.498891	400	200
-1.496883	400	200
-1.498162	400	200
-1.499552	400	200
-1.499643	400	200
-1.499686	400	200
-1.49528	400	200
-1.500269	400	200
-1.498377	400	200
-1.498725	400	200
-1.516955	400	200
-1.500136	400	200
-1.502342	400	200
-1.499012	400	200
-1.498807	400	200
-1.522008	400	200
-1.500333	400	200
-1.48911	400	200
-1.4997	400	200
-1.525899	400	200
-1.498986	400	200
-1.498186	400	200
-1.49948	400	200
-1.494287	400	200
-1.49914	400	200
-1.499631	400	200
-1.538829	400	200
-1.500094	400	200
-1.498658	400	200
-1.499187	400	200
-1.499213	400	200
-1.550981	400	200
-1.498166	400	200
-1.500225	400	200
-1.49973	400	200
-1.499403	400	200
-1.514396	400	200
-1.499424	400	200
-1.54891	400	200
-1.503651	400	200
-1.499873	400	200
-1.506275	400	200
-1.498918	400	200
-1.49815	400	200
-1.551145	400	200
-1.539701	400	200
-1.502097	400	200
-1.499725	400	200
-1.498983	400	200
-1.498567	400	200
-1.514132	400	200
-1.51983	400	200
-1.533739	400	200
-1.498971	400	200
-1.489849	400	200
-1.521274	400	200
-1.504243	400	200
-1.544414	400	200
-1.505478	400	200
-1.538799	400	200
-1.497925	400	200
-1.50084	400	200
-1.521279	400	200
-1.500199	400	200
-1.546792	400	200
-1.540429	400	200
-1.49568	400	200
-1.540007	400	200
-1.500959	400	200
-1.544632	400	200
-1.512495	400	200
-1.499203	400	200
-1.499632	400	200
-1.50018	400	200
-1.558126	400	200
-1.500454	400	200
-1.498148	400	200
-1.499573	400	200
-1.49906	400	200
-1.536877	400	200
-1.537503	400	200
-1.500488	400	200
-1.559908	400	200
-1.513062	400	200
-1.488968	400	200
-1.500977	400	200
-1.499598	400	200
-1.516873	400	200
-1.499338	400	200
-1.551432	400	200
-1.499735	400	200
-1.545972	400	200
-1.500062	400	200
-1.514537	400	200
-1.494498	400	200
-1.500002	400	200
-1.546079	400	200
-1.556182	400	200
-1.498835	400	200
-1.498559	400	200
-1.561001	400	200
-1.500161	400	200
-1.499336	400	200
-1.505661	400	200
-1.497641	400	200
-1.513257	400	200
-1.497155	400	200
-1.49897	400	200
-1.500061	400	200
-1.498825	400	200
-1.511611	400	200
-1.498702	400	200
-1.500778	400	200
-1.51073	400	200
-1.500442	400	200
-1.495453	400	200
-1.539558	400	200
-1.54478	400	200
-1.560872	400	200
-1.497348	400	200
-1.494497	400	200
-1.499707	400	200
-1.521817	400	200
-1.495569	400	200
-1.502077	400	200
-1.500451	400	200
-1.495374	400	200
-1.49997	400	200
-1.498561	400	200
-1.498994	400	200
-1.499302	400	200
-1.54435	400	200
-1.523538	400	200
-1.507097	400	200
-1.522168	400	200
-1.545538	400	200
-1.49586	400	200
-1.498508	400	200
-1.539384	400	200
-1.527078	400	200
-1.501234	400	200
-1.499914	400	200
-1.526604	400	200
-1.500296	400	200
-1.499667	400	200
-1.499325	400	200
-1.540578	400	200
-1.528986	400	200
-1.524472	400	200
-1.509234	400	200
-1.498686	400	200
-1.499242	400	200
-1.497209	400	200
-1.499123	400	200
-1.500018	400	200
-1.545215	400	200
-1.499574	400	200
-1.514757	400	200
-1.524937	400	200
-1.498268	400	200
-1.532902	400	200
-1.515941	400	200
-1.539721	400	200
-1.499505	400	200
-1.522531	400	200
-1.499751	400	200
-1.546159	400	200
-1.504453	400	200
-1.497739	400	200
-1.492246	400	200
-1.540518	400	200
-1.525361	400	200
-1.499833	400	200
-1.499787	400	200
-1.499539	400	200
-1.494549	400	200
-1.496671	400	200
-1.500616	400	200
-1.50001	400	200
-1.559866	400	200
-1.498762	400	200
-1.550051	400	200
-1.496619	400	200
-1.510166	400	200
-1.549647	400	200
-1.507671	400	200
-1.536653	400	200
-1.550279	400	200
-1.499371	400	200
-1.520197	400	200
-1.496254	400	200
-1.496849	400	200
-1.499297	400	200
-1.537946	400	200
-1.55065	400	200
-1.499537	400	200
-1.525832	400	200
-1.545109	400	200
-1.496433	400	200
-1.499572	400	200
-1.551326	400	200
-1.52478	400	200
-1.494992	400	200
-1.499374	400	200
-1.50846	400	200
-1.538229	400	200
-1.499371	400	200
-1.499928	400	200
-1.499753	400	200
-1.497944	400	200
-1.498766	400	200
-1.495535	400	200
-1.499308	400	200
-1.49827	400	200
-1.545383	400	200
-1.499026	400	200
-1.499606	400	200
-1.498852	400	200
-1.490351	400	200
-1.529704	400	200
-1.49857	400	200
-1.500163	400	200
-1.498402	400	200
-1.500074	400	200
-1.499614	400	200
-1.551542	400	200
-1.499442	400	200
-1.494703	400	200
-1.498206	400	200
-1.498712	400	200
-1.50043	400	200
-1.498107	400	200
-1.499362	400	200
-1.498575	400	200
-1.499323	400	200
-1.496977	400	200
-1.498988	400	200
-1.523223	400	200
-1.499261	400	200
-1.499618	400	200
-1.500334	400	200
-1.498597	400	200
-1.548236	400	200
-1.495795	400	200
-1.500603	400	200
-1.498642	400	200
-1.518765	400	200
-1.499846	400	200
-1.545393	400	200
-1.498893	400	200
-1.51149	400	200
-1.529085	400	200
-1.499169	400	200
-1.498911	400	200
-1.547926	400	200
-1.561741	400	200
-1.505828	400	200
-1.497709	400	200
-1.499572	400	200
-1.496842	400	200
-1.497174	400	200
-1.538729	400	200
-1.559956	400	200
-1.497111	400	200
-1.510426	400	200
-1.535412	400	200
-1.551544	400	200
-1.530458	400	200
-1.499331	400	200
-1.53336	400	200
-1.497113	400	200
-1.498608	400	200
-1.5058	400	200
-1.55674	400	200
-1.498726	400	200
-1.498952	400	200
-1.544731	400	200
-1.516027	400	200
-1.499592	400	200
-1.50285	400	200
-1.506161	400	200
-1.524564	400	200
-1.502536	400	200
-1.496554	400	200
-1.553379	400	200
-1.541512	400	200
-1.509414	400	200
-1.496603	400	200
-1.519066	400	200
-1.498906	400	200
-1.498131	400	200
-1.49985	400	200
-1.499739	400	200
-1.530357	400	200
-1.502301	400	200
-1.543274	400	200
-1.533307	400	200
-1.502462	400	200
-1.499565	400	200
-1.500113	400	200
-1.499559	400	200
-1.49996	400	200
-1.497855	400	200
-1.548445	400	200
-1.513791	400	200
-1.499914	400	200
-1.499333	400	200
-1.499188	400	200
-1.500979	400	200
-1.497192	400	200
-1.50059	400	200
-1.499421	400	200
-1.540604	400	200
-1.499352	400	200
-1.526455	400	200
-1.537065	400	200
-1.550707	400	200
-1.543455	400	200
-1.499539	400	200
-1.496404	400	200
-1.500556	400	200
-1.499831	400	200
-1.497941	400	200
-1.527355	400	200
-1.498791	400	200
-1.522386	400	200
-1.550153	400	200
-1.560803	400	200
-1.49758	400	200
-1.498185	400	200
-1.549853	400	200
-1.499127	400	200
-1.547126	400	200
-1.499408	400	200
-1.498754	400	200
-1.498528	400	200
-1.498474	400	200
-1.499544	400	200
-1.499787	400	200
-1.554805	400	200
-1.538243	400	200
-1.499593	400	200
-1.499002	400	200
-1.488546	400	200
-1.498219	400	200
-1.497698	400	200
-1.503729	400	200
-1.498554	400	200
-1.498546	400	200
-1.502982	400	200
-1.515228	400	200
-1.548955	400	200
-1.499276	400	200
-1.516991	400	200
-1.500965	400	200
-1.503644	400	200
-1.525232	400	200
-1.529834	400	200
-1.500013	400	200
-1.500458	400	200
-1.508179	400	200
-1.505778	400	200
-1.49762	400	200
-1.499076	400	200
-1.499934	400	200
-1.495302	400	200
-1.499238	400	200
-1.49908	400	200
-1.551	400	200
-1.500088	400	200
-1.499538	400	200
-1.498579	400	200
-1.498891	400	200
-1.497915	400	200
-1.532139	400	200
-1.498904	400	200
-1.498643	400	200
-1.519067	400	200
-1.501096	400	200
-1.511037	400	200
-1.499175	400	200
-1.531229	400	200
-1.499034	400	200
-1.500017	400	200
-1.531264	400	200
-1.499028	400	200
-1.556941	400	200
-1.512769	400	200
-1.49434	400	200
-1.509112	400	200
-1.548849	400	200
-1.498147	400	200
-1.494439	400	200
-1.499635	400	200
-1.499517	400	200
-1.557236	400	200
-1.499238	400	200
-1.499726	400	200
-1.499627	400	200
-1.498607	400	200
-1.500152	400	200
-1.492954	400	200
-1.498594	400	200
-1.529212	400	200
-1.499336	400	200
-1.502772	400	200
-1.525667	400	200
-1.499006	400	200
-1.497853	400	200
-1.502925	400	200
-1.499865	400	200
-1.541565	400	200
-1.498676	400	200
-1.515862	400	200
-1.521281	400	200
-1.499731	400	200
-1.523603	400	200
-1.499525	400	200
-1.516872	400	200
-1.51219	400	200
-1.498485	400	200
-1.499536	400	200
-1.499072	400	200
-1.531108	400	200
-1.502801	400	200
-1.496154	400	200
-1.535199	400	200
-1.498178	400	200
-1.495974	400	200
-1.492483	400	200
-1.499728	400	200
-1.541903	400	200
-1.497656	400	200
-1.499764	400	200
-1.498643	400	200
-1.50048	400	200
-1.498899	400	200
-1.498834	400	200
-1.49624	400	200
-1.521496	400	200
-1.496659	400	200
-1.498616	400	200
-1.499951	400	200
-1.496486	400	200
-1.505428	400	200
-1.491761	400	200
-1.50968	400	200
-1.498664	400	200
-1.506775	400	200
-1.499206	400	200
-1.496961	400	200
-1.544792	400	200
-1.500672	400	200
-1.548693	400	200
-1.499694	400	200
-1.498556	400	200
-1.561406	400	200
-1.544487	400	200
-1.501269	400	200
-1.498787	400	200
-1.53624	400	200
-1.500058	400	200
-1.498284	400	200
-1.548466	400	200
-1.497104	400	200
-1.500083	400	200
-1.499095	400	200
-1.509423	400	200
-1.530441	400	200
-1.508123	400	200
-1.544091	400	200
-1.500654	400	200
-1.555317	400	200
-1.557715	400	200
-1.545067	400	200
-1.500513	400	200
-1.551806	400	200
-1.49881	400	200
-1.526999	400	200
-1.562001	400	200
-1.499569	400	200
-1.536878	400	200
-1.501815	400	200
-1.535021	400	200
-1.509722	400	200
-1.5181	400	200
-1.558382	400	200
-1.501944	400	200
-1.499546	400	200
-1.498643	400	200
-1.499114	400	200
-1.499479	400	200
-1.49995	400	200
-1.499478	400	200
-1.539719	400	200
-1.518365	400	200
-1.497507	400	200
-1.550782	400	200
-1.553519	400	200
-1.499732	400	200
-1.543557	400	200
-1.55317	400	200
-1.552928	400	200
-1.499939	400	200
-1.498937	400	200
-1.552561	400	200
-1.500256	400	200
-1.535376	400	200
-1.530258	400	200
-1.49865	400	200
-1.499558	400	200
-1.518556	400	200
-1.500224	400	200
-1.498939	400	200
-1.499369	400	200
-1.499729	400	200
-1.49937	400	200
-1.498617	400	200
-1.521035	400	200
-1.499982	400	200
-1.521775	400	200
-1.49891	400	200
-1.500244	400	200
-1.536793	400	200
-1.499957	400	200
-1.501856	400	200
-1.501282	400	200
-1.504186	400	200
-1.498791	400	200
-1.491676	400	200
-1.497731	400	200
-1.498737	400	200
-1.499973	400	200
-1.49423	400	200
-1.517901	400	200
-1.499161	400	200
-1.499446	400	200
-1.498226	400	200
-1.499023	400	200
-1.537524	400	200
-1.493535	400	200
-1.497692	400	200
-1.499652	400	200
-1.499135	400	200
-1.558167	400	200
-1.499827	400	200
-1.49342	400	200
-1.498971	400	200
-1.538653	400	200
-1.556261	400	200
-1.498095	400	200
-1.526982	400	200
-1.48783	400	200
-1.514173	400	200
-1.551529	400	200
-1.502582	400	200
-1.560843	400	200
-1.499683	400	200
-1.543589	400	200
-1.500306	400	200
-1.536208	400	200
-1.502785	400	200
-1.501819	400	200
-1.500037	400	200
-1.498999	400	200
-1.4965	400	200
-1.499878	400	200
-1.507985	400	200
-1.500112	400	200
-1.498589	400	200
-1.494595	400	200
-1.501984	400	200
-1.500189	400	200
-1.542597	400	200
-1.542767	400	200
-1.49899	400	200
-1.518514	400	200
-1.512557	400	200
-1.5092	400	200
-1.55808	400	200
-1.512092	400	200
-1.536889	400	200
-1.500039	400	200
-1.495831	400	200
-1.548186	400	200
-1.494834	400	200
-1.54751	400	200
-1.544361	400	200
-1.499931	400	200
-1.55895	400	200
-1.491056	400	200
-1.498714	400	200
-1.514156	400	200
-1.498867	400	200
-1.51822	400	200
-1.497125	400	200
-1.542078	400	200
-1.524245	400	200
-1.499281	400	200
-1.499327	400	200
-1.499124	400	200
-1.500154	400	200
-1.560537	400	200
-1.498475	400	200
-1.547419	400	200
-1.498906	400	200
-1.548096	400	200
-1.499314	400	200
-1.498643	400	200
-1.497775	400	200
-1.50836	400	200
-1.546138	400	200
-1.499184	400	200
-1.536655	400	200
-1.50008	400	200
-1.541941	400	200
-1.553517	400	200
-1.50076	400	200
-1.513469	400	200
-1.539511	400	200
-1.49809	400	200
-1.529239	400	200
-1.502391	400	200
-1.499749	400	200
-1.498959	400	200
-1.499157	400	200
-1.527031	400	200
-1.540668	400	200
-1.492917	400	200
-1.494407	400	200
-1.511154	400	200
-1.488692	400	200
-1.499951	400	200
-1.499681	400	200
-1.483045	400	200
-1.497267	400	200
-1.498528	400	200
-1.527131	400	200
-1.511299	400	200
-1.545043	400	200
-1.514367	400	200
-1.49894	400	200
-1.49904	400	200
-1.496603	400	200
-1.528917	400	200
-1.500322	400	200
-1.517577	400	200
-1.493792	400	200
-1.531897	400	200
-1.499223	400	200
-1.523193	400	200
-1.500072	400	200
-1.55933	400	200
-1.499238	400	200
-1.545906	400	200
-1.498725	400	200
-1.550914	400	200
-1.503371	400	200
-1.498964	400	200
-1.495261	400	200
-1.504068	400	200
-1.501045	400	200
-1.495175	400	200
-1.51704	400	200
-1.542174	400	200
-1.546887	400	200
-1.514516	400	200
-1.499424	400	200
-1.500132	400	200
-1.497762	400	200
-1.498388	400	200
-1.537213	400	200
-1.499619	400	200
-1.492998	400	200
-1.553383	400	200
-1.543255	400	200
-1.552657	400	200
-1.49886	400	200
-1.558284	400	200
-1.511132	400	200
-1.49954	400	200
-1.541652	400	200
-1.499543	400	200
-1.528313	400	200
-1.499414	400	200
-1.523501	400	200
-1.559049	400	200
-1.524058	400	200
-1.546286	400	200
-1.499941	400	200
-1.542167	400	200
-1.498452	400	200
-1.496083	400	200
-1.49942	400	200
-1.487793	400	200
-1.560348	400	200
-1.499564	400	200
-1.545713	400	200
-1.499242	400	200
-1.499296	400	200
-1.498804	400	200
-1.523069	400	200
-1.492827	400	200
-1.498748	400	200
-1.499327	400	200
-1.498584	400	200
-1.499962	400	200
-1.497697	400	200
-1.50008	400	200
-1.495001	400	200
-1.548957	400	200
-1.499072	400	200
-1.499572	400	200
-1.499215	400	200
-1.52089	400	200
-1.50165	400	200
-1.495681	400	200
-1.498915	400	200
-1.516818	400	200
-1.523608	400	200
-1.488355	400	200
-1.500011	400	200
-1.543372	400	200
-1.498423	400	200
-1.496664	400	200
-1.499296	400	200
-1.559622	400	200
-1.502522	400	200
-1.538404	400	200
-1.543891	400	200
-1.499991	400	200
-1.498455	400	200
-1.497091	400	200
-1.499558	400	200
-1.498279	400	200
-1.542391	400	200
-1.529942	400	200
-1.506496	400	200
-1.518294	400	200
-1.499529	400	200
-1.499111	400	200
-1.497053	400	200
-1.540037	400	200
-1.494978	400	200
-1.499319	400	200
-1.496121	400	200
-1.551166	400	200
-1.49305	400	200
-1.498654	400	200
-1.492039	400	200
-1.520506	400	200
-1.499438	400	200
-1.551982	400	200
-1.497776	400	200
-1.53013	400	200
-1.526818	400	200
-1.519452	400	200
-1.534487	400	200
-1.548489	400	200
-1.551712	400	200
-1.519531	400	200
-1.499065	400	200
-1.531465	400	200
-1.500213	400	200
-1.507152	400	200
-1.540121	400	200
-1.546407	400	200
-1.49924	400	200
-1.539223	400	200
-1.500297	400	200
-1.498279	400	200
-1.498767	400	200
-1.508032	400	200
-1.499585	400	200
-1.553897	400	200
-1.558759	400	200
-1.505655	400	200
-1.512105	400	200
-1.49783	400	200
-1.492055	400	200
-1.498958	400	200
-1.534723	400	200
-1.5348	400	200
-1.497864	400	200
-1.55276	400	200
-1.54967	400	200
-1.495261	400	200
-1.499052	400	200
-1.529905	400	200
-1.498424	400	200
-1.500204	400	200
-1.547027	400	200
-1.499273	400	200
-1.499624	400	200
-1.532579	400	200
-1.54782	400	200
-1.498591	400	200
-1.516971	400	200
-1.559449	400	200
-1.553011	400	200
-1.558065	400	200
-1.497003	400	200
-1.498171	400	200
-1.552758	400	200
-1.493753	400	200
-1.497249	400	200
-1.498998	400	200
-1.525334	400	200
-1.508022	400	200
-1.499297	400	200
-1.544214	400	200
-1.498839	400	200
-1.499346	400	200
-1.5308	400	200
-1.550657	400	200
-1.496708	400	200
-1.499184	400	200
-1.52557	400	200
-1.49871	400	200
-1.549529	400	200
-1.513117	400	200
-1.515709	400	200
-1.499645	400	200
-1.552513	400	200
-1.498402	400	200
-1.523108	400	200
-1.500434	400	200
-1.522644	400	200
-1.500198	400	200
-1.500736	400	200
-1.543732	400	200
-1.516638	400	200
-1.522834	400	200
-1.495392	400	200
-1.498089	400	200
-1.50364	400	200
-1.500531	400	200
-1.499359	400	200
-1.498949	400	200
-1.497107	400	200
-1.491578	400	200
-1.49874	400	200
-1.499792	400	200
-1.49907	400	200
-1.498692	400	200
-1.499799	400	200
-1.52549	400	200
-1.495491	400	200
-1.499242	400	200
-1.498643	400	200
-1.552775	400	200
-1.500375	400	200
-1.49946	400	200
-1.558266	400	200
-1.499456	400	200
-1.546157	400	200
-1.49437	400	200
-1.518845	400	200
-1.509766	400	200
-1.550527	400	200
-1.50019	400	200
-1.553767	400	200
-1.499258	400	200
-1.499005	400	200
-1.501178	400	200
-1.558041	400	200
-1.526811	400	200
-1.530399	400	200
-1.500336	400	200
-1.531834	400	200
-1.499505	400	200
-1.492615	400	200
-1.556827	400	200
-1.499618	400	200
-1.499884	400	200
-1.498855	400	200
-1.50475	400	200
-1.532943	400	200
-1.554719	400	200
-1.499691	400	200
-1.500633	400	200
-1.49914	400	200
-1.507259	400	200
-1.533464	400	200
-1.497713	400	200
-1.497934	400	200
-1.521798	400	200
-1.497482	400	200
-1.499935	400	200
-1.491544	400	200
-1.509914	400	200
-1.499654	400	200
-1.560114	400	200
-1.539499	400	200
-1.49807	400	200
-1.49907	400	200
-1.496491	400	200
-1.502046	400	200
-1.499768	400	200
-1.499844	400	200
-1.498953	400	200
-1.498898	400	200
-1.55382	400	200
-1.496439	400	200
-1.526909	400	200
-1.498441	400	200
-1.558121	400	200
-1.499367	400	200
-1.499138	400	200
-1.498112	400	200
-1.501547	400	200
-1.498219	400	200
-1.498185	400	200
-1.498559	400	200
-1.497609	400	200
-1.554222	400	200
-1.55877	400	200
-1.550271	400	200
-1.557722	400	200
-1.556925	400	200
-1.500832	400	200
-1.497779	400	200
-1.548349	400	200
-1.491215	400	200
-1.528649	400	200
-1.510546	400	200
-1.500319	400	200
-1.49978	400	200
-1.49984	400	200
-1.500217	400	200
-1.499759	400	200
-1.52381	400	200
-1.498307	400	200
-1.545847	400	200
-1.499083	400	200
-1.558499	400	200
-1.55514	400	200
-1.55619	400	200
-1.535497	400	200
-1.539271	400	200
-1.484755	400	200
-1.498925	400	200
-1.550929	400	200
-1.491401	400	200
-1.504396	400	200
-1.513536	400	200
-1.500608	400	200
-1.55936	400	200
-1.506484	400	200
-1.494976	400	200
-1.499533	400	200
-1.519548	400	200
-1.498877	400	200
-1.496974	400	200
-1.499404	400	200
-1.498506	400	200
-1.496586	400	200
-1.523322	400	200
-1.483859	400	200
-1.499297	400	200
-1.51258	400	200
-1.498117	400	200
-1.554772	400	200
-1.533816	400	200
-1.491471	400	200
-1.499934	400	200
-1.496132	400	200
-1.54662	400	200
-1.499159	400	200
-1.498776	400	200
-1.499335	400	200
-1.550671	400	200
-1.513276	400	200
-1.559512	400	200
-1.543526	400	200
-1.535676	400	200
-1.498651	400	200
-1.500707	400	200
-1.498381	400	200
-1.537317	400	200
-1.542082	400	200
-1.498398	400	200
-1.499892	400	200
-1.499731	400	200
-1.525832	400	200
-1.49837	400	200
-1.491068	400	200
-1.499568	400	200
-1.498772	400	200
-1.497805	400	200
-1.538766	400	200
-1.495491	400	200
-1.49978	400	200
-1.499032	400	200
-1.501822	400	200
-1.495955	400	200
-1.514192	400	200
-1.498876	400	200
-1.499651	400	200
-1.511047	400	200
-1.518894	400	200
-1.496302	400	200
-1.518562	400	200
-1.508909	400	200
-1.497558	400	200
-1.498348	400	200
-1.526479	400	200
-1.499647	400	200
-1.51345	400	200
-1.505002	400	200
-1.499567	400	200
-1.5121	400	200
-1.496176	400	200
-1.499783	400	200
-1.533857	400	200
-1.524622	400	200
-1.49802	400	200
-1.498929	400	200
-1.499261	400	200
-1.500503	400	200
-1.55782	400	200
-1.546371	400	200
-1.500339	400	200
-1.499539	400	200
-1.499203	400	200
-1.551997	400	200
-1.502287	400	200
-1.49959	400	200
-1.512344	400	200
-1.545249	400	200
-1.497028	400	200
-1.49897	400	200
-1.497013	400	200
-1.499115	400	200
-1.493828	400	200
-1.498661	400	200
-1.5125	400	200
-1.500523	400	200
-1.505062	400	200
-1.543348	400	200
-1.544239	400	200
-1.498721	400	200
-1.498132	400	200
-1.512748	400	200
-1.49891	400	200
-1.498652	400	200
-1.499072	400	200
-1.498341	400	200
-1.498562	400	200
-1.499716	400	200
-1.49963	400	200
-1.498907	400	200
-1.499201	400	200
-1.498593	400	200
-1.499892	400	200
-1.508272	400	200
-1.559203	400	200
-1.55548	400	200
-1.499346	400	200
-1.531945	400	200
-1.495955	400	200
-1.498891	400	200
-1.531195	400	200
-1.499481	400	200
-1.556329	400	200
-1.498842	400	200
-1.49852	400	200
-1.495029	400	200
-1.557655	400	200
-1.500894	400	200
-1.499341	400	200
-1.499273	400	200
-1.499552	400	200
-1.495897	400	200
-1.497998	400	200
-1.499392	400	200
-1.499586	400	200
-1.529109	400	200
-1.500154	400	200
-1.537472	400	200
-1.497918	400	200
-1.499084	400	200
-1.501758	400	200
-1.499216	400	200
-1.500169	400	200
-1.50132	400	200
-1.499626	400	200
-1.498985	400	200
-1.527871	400	200
-1.499537	400	200
-1.496971	400	200
-1.498692	400	200
-1.499546	400	200
-1.513239	400	200
-1.557081	400	200
-1.550012	400	200
-1.509105	400	200
-1.494799	400	200
-1.492742	400	200
-1.499972	400	200
-1.543974	400	200
-1.542996	400	200
-1.498775	400	200
-1.517516	400	200
-1.499472	400	200
-1.520805	400	200
-1.555082	400	200
-1.498918	400	200
-1.55558	400	200
-1.535219	400	200
-1.522813	400	200
-1.524217	400	200
-1.49937	400	200
-1.498917	400	200
-1.500145	400	200
-1.524409	400	200
-1.499545	400	200
-1.524901	400	200
-1.498642	400	200
-1.522424	400	200
-1.50009	400	200
-1.499156	400	200
-1.535105	400	200
-1.498887	400	200
-1.542041	400	200
-1.499787	400	200
-1.49925	400	200
-1.496923	400	200
-1.535193	400	200
-1.523341	400	200
-1.539487	400	200
-1.558896	400	200
-1.495949	400	200
-1.499961	400	200
-1.49878	400	200
-1.499615	400	200
-1.499434	400	200
-1.499431	400	200
-1.499534	400	200
-1.554566	400	200
-1.499069	400	200
-1.532654	400	200
-1.506667	400	200
-1.508269	400	200
-1.505937	400	200
-1.500199	400	200
-1.540174	400	200
-1.519444	400	200
-1.499619	400	200
-1.498956	400	200
-1.551241	400	200
-1.532167	400	200
-1.499307	400	200
-1.516065	400	200
-1.498966	400	200
-1.497898	400	200
-1.51047	400	200
-1.498562	400	200
-1.497301	400	200
-1.499476	400	200
-1.500481	400	200
-1.492382	400	200
-1.49497	400	200
-1.499186	400	200
-1.544048	400	200
-1.499819	400	200
-1.519137	400	200
-1.50271	400	200
-1.508272	400	200
-1.505294	400	200
-1.49987	400	200
-1.520547	400	200
-1.495859	400	200
-1.499703	400	200
-1.56105	400	200
-1.523584	400	200
-1.548992	400	200
-1.55267	400	200
-1.496903	400	200
-1.499876	400	200
-1.559797	400	200
-1.555508	400	200
-1.498148	400	200
-1.526452	400	200
-1.49832	400	200
-1.516458	400	200
-1.558898	400	200
-1.499663	400	200
-1.500054	400	200
-1.498364	400	200
-1.542429	400	200
-1.500191	400	200
-1.499669	400	200
-1.556702	400	200
-1.553984	400	200
-1.55994	400	200
-1.534557	400	200
-1.498341	400	200
-1.500049	400	200
-1.498049	400	200
-1.55873	400	200
-1.500323	400	200
-1.500973	400	200
-1.499981	400	200
-1.498802	400	200
-1.558105	400	200
-1.539758	400	200
-1.496544	400	200
-1.520896	400	200
-1.499021	400	200
-1.520288	400	200
-1.499917	400	200
-1.498846	400	200
-1.557792	400	200
-1.542948	400	200
-1.560129	400	200
-1.519433	400	200
-1.541963	400	200
-1.512015	400	200
-1.499799	400	200
-1.500344	400	200
-1.499347	400	200
-1.503947	400	200
-1.499755	400	200
-1.487785	400	200
-1.545842	400	200
-1.499778	400	200
-1.498197	400	200
-1.543999	400	200
-1.548369	400	200
-1.499419	400	200
-1.519502	400	200
-1.559204	400	200
-1.495204	400	200
-1.49896	400	200
-1.498224	400	200
-1.499061	400	200
-1.499882	400	200
-1.502232	400	200
-1.497762	400	200
-1.499164	400	200
-1.499541	400	200
-1.55995	400	200
-1.543143	400	200
-1.49855	400	200
-1.503853	400	200
-1.495315	400	200
-1.499886	400	200
-1.522158	400	200
-1.532485	400	200
-1.550836	400	200
-1.49749	400	200
-1.534496	400	200
-1.51841	400	200
-1.494862	400	200
-1.500254	400	200
-1.500194	400	200
-1.509825	400	200
-1.499521	400	200
-1.551683	400	200
-1.557087	400	200
-1.497806	400	200
-1.506438	400	200
-1.489505	400	200
-1.49842	400	200
-1.496807	400	200
-1.520691	400	200
-1.497327	400	200
-1.500298	400	200
-1.499545	400	200
-1.494706	400	200
-1.497839	400	200
-1.556044	400	200
-1.507114	400	200
-1.499745	400	200
-1.52729	400	200
-1.499263	400	200
-1.542392	400	200
-1.495554	400	200
-1.551322	400	200
-1.498881	400	200
-1.497792	400	200
-1.55121	400	200
-1.500461	400	200
-1.498751	400	200
-1.5486	400	200
-1.559342	400	200
-1.4989	400	200
-1.558912	400	200
-1.536759	400	200
-1.506617	400	200
-1.503527	400	200
-1.518317	400	200
-1.497578	400	200
-1.497923	400	200
-1.499493	400	200
-1.555968	400	200
-1.497515	400	200
-1.555779	400	200
-1.493347	400	200
-1.520515	400	200
-1.558239	400	200
-1.518491	400	200
-1.49967	400	200
-1.499627	400	200
-1.495175	400	200
-1.499871	400	200
-1.554367	400	200
-1.498962	400	200
-1.527562	400	200
-1.499628	400	200
-1.499032	400	200
-1.498928	400	200
-1.530743	400	200
-1.495466	400	200
-1.5007	400	200
-1.500427	400	200
-1.557936	400	200
-1.517703	400	200
-1.499992	400	200
-1.549028	400	200
-1.499945	400	200
-1.559172	400	200
-1.545579	400	200
-1.558849	400	200
-1.541527	400	200
-1.502262	400	200
-1.498226	400	200
-1.552759	400	200
-1.558526	400	200
-1.49991	400	200
-1.497047	400	200
-1.556777	400	200
-1.524552	400	200
-1.516122	400	200
-1.495296	400	200
-1.522366	400	200
-1.550984	400	200
-1.546245	400	200
-1.499113	400	200
-1.50049	400	200
-1.499997	400	200
-1.49929	400	200
-1.499387	400	200
-1.500317	400	200
-1.499591	400	200
-1.52723	400	200
-1.500586	400	200
-1.559374	400	200
-1.490033	400	200
-1.521046	400	200
-1.518264	400	200
-1.498524	400	200
-1.499411	400	200
-1.543709	400	200
-1.549628	400	200
-1.499735	400	200
-1.497981	400	200
-1.49944	400	200
-1.496583	400	200
-1.498871	400	200
-1.49609	400	200
-1.497981	400	200
-1.496171	400	200
-1.541055	400	200
-1.497948	400	200
-1.499554	400	200
-1.517115	400	200
-1.53384	400	200
-1.546194	400	200
-1.548259	400	200
-1.501022	400	200
-1.527762	400	200
-1.498851	400	200
-1.505178	400	200
-1.540093	400	200
-1.498872	400	200
-1.497727	400	200
-1.498427	400	200
-1.498648	400	200
-1.554711	400	200
-1.499881	400	200
-1.546365	400	200
-1.558093	400	200
-1.525958	400	200
-1.537671	400	200
-1.499538	400	200
-1.54721	400	200
-1.499541	400	200
-1.503934	400	200
-1.501237	400	200
-1.540536	400	200
-1.496508	400	200
-1.508661	400	200
-1.498495	400	200
-1.489819	400	200
-1.497859	400	200
-1.511663	400	200
-1.524401	400	200
-1.559019	400	200
-1.499561	400	200
-1.502932	400	200
-1.495173	400	200
-1.538571	400	200
-1.492393	400	200
-1.537856	400	200
-1.549187	400	200
-1.530691	400	200
-1.499466	400	200
-1.537476	400	200
-1.497988	400	200
-1.50928	400	200
-1.499367	400	200
-1.550134	400	200
-1.518958	400	200
-1.49384	400	200
-1.543713	400	200
-1.542815	400	200
-1.500526	400	200
-1.499662	400	200
-1.556552	400	200
-1.527447	400	200
-1.509934	400	200
-1.556839	400	200
-1.498569	400	200
-1.534487	400	200
-1.498514	400	200
-1.499087	400	200
-1.498348	400	200
-1.497785	400	200
-1.498545	400	200
-1.497818	400	200
-1.499281	400	200
-1.536634	400	200
-1.552037	400	200
-1.513259	400	200
-1.49675	400	200
-1.535129	400	200
-1.539628	400	200
-1.499117	400	200
-1.50304	400	200
-1.495224	400	200
-1.492748	400	200
-1.531018	400	200
-1.549666	400	200
-1.544314	400	200
-1.538727	400	200
-1.500329	400	200
-1.52552	400	200
-1.499683	400	200
-1.499694	400	200
-1.532137	400	200
-1.496976	400	200
-1.535507	400	200
-1.499703	400	200
-1.498894	400	200
-1.499529	400	200
-1.499007	400	200
-1.498672	400	200
-1.499003	400	200
-1.523769	400	200
-1.499328	400	200
-1.540757	400	200
-1.499344	400	200
-1.500086	400	200
-1.499164	400	200
-1.498775	400	200
-1.547308	400	200
-1.540687	400	200
-1.545974	400	200
-1.529472	400	200
-1.500311	400	200
-1.498664	400	200
-1.504507	400	200
-1.507958	400	200
-1.500383	400	200
-1.506739	400	200
-1.500523	400	200
-1.497111	400	200
-1.499362	400	200
-1.499272	400	200
-1.530594	400	200
-1.546514	400	200
-1.548035	400	200
-1.526621	400	200
-1.499266	400	200
-1.498438	400	200
-1.55485	400	200
-1.499808	400	200
-1.551267	400	200
-1.500107	400	200
-1.530244	400	200
-1.516942	400	200
-1.512429	400	200
-1.498875	400	200
-1.5453	400	200
-1.498943	400	200
-1.499715	400	200
-1.500201	400	200
-1.537925	400	200
-1.558481	400	200
-1.504031	400	200
-1.499714	400	200
-1.499656	400	200
-1.499841	400	200
-1.513064	400	200
-1.499696	400	200
-1.550495	400	200
-1.50028	400	200
-1.500453	400	200
-1.510495	400	200
-1.499472	400	200
-1.499124	400	200
-1.499483	400	200
-1.499168	400	200
-1.498977	400	200
-1.548022	400	200
-1.514249	400	200
-1.525886	400	200
-1.498822	400	200
-1.536855	400	200
-1.522842	400	200
-1.507162	400	200
-1.505581	400	200
-1.556987	400	200
-1.512878	400	200
-1.532855	400	200
-1.554449	400	200
-1.498233	400	200
-1.500028	400	200
-1.498505	400	200
-1.552239	400	200
-1.499022	400	200
-1.521543	400	200
-1.537718	400	200
-1.511178	400	200
-1.499896	400	200
-1.49864	400	200
-1.497211	400	200
-1.499848	400	200
-1.54465	400	200
-1.535421	400	200
-1.496879	400	200
-1.554648	400	200
-1.4994	400	200
-1.500127	400	200
-1.49713	400	200
-1.55426	400	200
-1.499095	400	200
-1.536906	400	200
-1.494522	400	200
-1.544857	400	200
-1.539529	400	200
-1.488975	400	200
-1.558557	400	200
-1.499503	400	200
-1.499676	400	200
-1.512074	400	200
-1.503989	400	200
-1.50671	400	200
-1.495737	400	200
-1.496603	400	200
-1.497786	400	200
-1.552568	400	200
-1.498297	400	200
-1.498922	400	200
-1.495802	400	200
-1.497323	400	200
-1.504828	400	200
-1.49857	400	200
-1.550664	400	200
-1.499365	400	200
-1.499978	400	200
-1.55743	400	200
-1.499376	400	200
-1.555438	400	200
-1.507872	400	200
-1.500456	400	200
-1.4993	400	200
-1.49968	400	200
-1.49491	400	200
-1.499024	400	200
-1.499448	400	200
-1.48971	400	200
-1.558226	400	200
-1.541076	400	200
-1.538708	400	200
-1.50015	400	200
-1.499289	400	200
-1.549282	400	200
-1.497521	400	200
-1.520967	400	200
-1.499958	400	200
-1.499072	400	200
-1.498785	400	200
-1.496486	400	200
-1.526069	400	200
-1.495155	400	200
-1.55896	400	200
-1.534419	400	200
-1.499082	400	200
-1.554626	400	200
-1.533652	400	200
-1.552331	400	200
-1.488628	400	200
-1.518339	400	200
-1.499874	400	200
-1.499173	400	200
-1.506698	400	200
-1.499188	400	200
-1.493648	400	200
-1.547092	400	200
-1.502923	400	200
-1.538383	400	200
-1.553619	400	200
-1.497231	400	200
-1.499601	400	200
-1.498089	400	200
-1.538385	400	200
-1.550652	400	200
-1.49817	400	200
-1.498433	400	200
-1.495115	400	200
-1.494889	400	200
-1.541474	400	200
-1.495958	400	200
-1.499219	400	200
-1.495332	400	200
-1.500525	400	200
-1.498491	400	200
-1.497753	400	200
-1.502569	400	200
-1.505141	400	200
-1.531216	400	200
-1.552651	400	200
-1.49329	400	200
-1.51267	400	200
-1.499382	400	200
-1.552014	400	200
-1.543806	400	200
-1.506207	400	200
-1.500081	400	200
-1.527103	400	200
-1.523992	400	200
-1.540077	400	200
-1.540749	400	200
-1.500081	400	200
-1.531974	400	200
-1.530119	400	200
-1.499932	400	200
-1.498463	400	200
-1.547338	400	200
-1.496151	400	200
-1.491226	400	200
-1.498803	400	200
-1.494541	400	200
-1.498468	400	200
-1.552695	400	200
-1.499242	400	200
-1.506578	400	200
-1.555846	400	200
-1.549631	400	200
-1.560309	400	200
-1.528268	400	200
-1.50013	400	200
-1.499228	400	200
-1.496486	400	200
-1.547297	400	200
-1.498781	400	200
-1.4988	400	200
-1.500077	400	200
-1.540291	400	200
-1.508105	400	200
-1.559226	400	200
-1.534288	400	200
-1.499151	400	200
-1.553348	400	200
-1.508152	400	200
-1.499283	400	200
-1.535057	400	200
-1.499762	400	200
-1.49944	400	200
-1.528797	400	200
-1.541569	400	200
-1.550993	400	200
-1.499177	400	200
-1.499429	400	200
-1.51653	400	200
-1.538195	400	200
-1.533786	400	200
-1.498721	400	200
-1.498947	400	200
-1.530608	400	200
-1.500044	400	200
-1.499661	400	200
-1.497177	400	200
-1.500201	400	200
-1.501568	400	200
-1.503868	400	200
-1.499244	400	200
-1.51128	400	200
-1.501164	400	200
-1.512669	400	200
-1.498164	400	200
-1.499019	400	200
-1.500649	400	200
-1.501224	400	200
-1.498308	400	200
-1.499795	400	200
-1.50005	400	200
-1.556442	400	200
-1.557009	400	200
-1.499122	400	200
-1.500395	400	200
-1.499324	400	200
-1.535089	400	200
-1.552228	400	200
-1.528522	400	200
-1.503689	400	200
-1.50486	400	200
-1.498747	400	200
-1.499618	400	200
-1.513789	400	200
-1.538821	400	200
-1.498055	400	200
-1.498139	400	200
-1.555557	400	200
-1.536115	400	200
-1.54689	400	200
-1.499515	400	200
-1.499715	400	200
-1.544202	400	200
-1.541948	400	200
-1.508332	400	200
-1.499804	400	200
-1.499453	400	200
-1.500626	400	200
-1.500417	400	200
-1.498355	400	200
-1.528933	400	200
-1.500171	400	200
-1.558776	400	200
-1.499277	400	200
-1.498725	400	200
-1.542163	400	200
-1.545051	400	200
-1.507462	400	200
-1.536607	400	200
-1.498902	400	200
-1.497669	400	200
-1.49778	400	200
-1.542933	400	200
-1.498519	400	200
-1.495349	400	200
-1.499574	400	200
-1.499081	400	200
-1.49842	400	200
-1.544905	400	200
-1.499238	400	200
-1.498841	400	200
-1.541233	400	200
-1.500484	400	200
-1.498595	400	200
-1.496971	400	200
-1.499818	400	200
-1.499931	400	200
-1.499477	400	200
-1.498219	400	200
-1.49779	400	200
-1.495854	400	200
-1.557437	400	200
-1.54633	400	200
-1.498347	400	200
-1.501043	400	200
-1.529101	400	200
-1.545135	400	200
-1.498334	400	200
-1.497834	400	200
-1.499457	400	200
-1.53448	400	200
-1.522137	400	200
-1.499915	400	200
-1.558461	400	200
-1.499529	400	200
-1.519193	400	200
-1.554516	400	200
-1.517139	400	200
-1.551632	400	200
-1.498715	400	200
-1.547127	400	200
-1.508468	400	200
-1.499095	400	200
-1.528567	400	200
-1.497247	400	200
-1.553224	400	200
-1.557774	400	200
-1.499579	400	200
-1.534269	400	200
-1.499129	400	200
-1.512679	400	200
-1.560015	400	200
-1.497008	400	200
-1.516908	400	200
-1.549473	400	200
-1.500126	400	200
-1.499365	400	200
-1.55157	400	200
-1.545792	400	200
-1.499718	400	200
-1.498217	400	200
-1.500079	400	200
-1.496781	400	200
-1.554678	400	200
-1.537343	400	200
-1.505755	400	200
-1.498924	400	200
-1.499058	400	200
-1.538014	400	200
-1.501621	400	200
-1.501915	400	200
-1.550182	400	200
-1.52784	400	200
-1.498346	400	200
-1.499501	400	200
-1.518169	400	200
-1.501753	400	200
-1.551988	400	200
-1.499487	400	200
-1.55798	400	200
-1.546539	400	200
-1.499016	400	200
-1.500477	400	200
-1.529136	400	200
-1.499722	400	200
-1.499098	400	200
-1.542154	400	200
-1.510278	400	200
-1.499338	400	200
-1.487947	400	200
-1.499113	400	200
-1.531327	400	200
-1.498065	400	200
-1.484956	400	200
-1.512239	400	200
-1.494336	400	200
-1.499062	400	200
-1.498923	400	200
-1.504146	400	200
-1.491917	400	200
-1.504164	400	200
-1.526849	400	200
-1.4986	400	200
-1.503285	400	200
-1.553518	400	200
-1.498933	400	200
-1.500453	400	200
-1.526922	400	200
-1.500293	400	200
-1.499916	400	200
-1.499103	400	200
-1.494588	400	200
-1.501271	400	200
-1.512244	400	200
-1.499913	400	200
-1.542891	400	200
-1.547473	400	200
-1.499989	400	200
-1.499139	400	200
-1.499373	400	200
-1.500047	400	200
-1.498809	400	200
-1.499108	400	200
-1.548456	400	200
-1.499597	400	200
-1.498671	400	200
-1.499786	400	200
-1.513914	400	200
-1.49924	400	200
-1.499316	400	200
-1.499156	400	200
-1.551221	400	200
-1.498885	400	200
-1.513449	400	200
-1.499621	400	200
-1.526817	400	200
-1.497907	400	200
-1.499699	400	200
-1.499289	400	200
-1.495557	400	200
-1.50183	400	200
-1.507602	400	200
-1.529028	400	200
-1.495538	400	200
-1.514385	400	200
-1.533013	400	200
-1.500113	400	200
-1.498738	400	200
-1.498767	400	200
-1.498509	400	200
-1.498919	400	200
-1.53265	400	200
-1.499271	400	200
-1.498889	400	200
-1.528749	400	200
-1.496863	400	200
-1.499683	400	200
-1.499465	400	200
-1.500036	400	200
-1.498886	400	200
-1.499902	400	200
-1.500333	400	200
-1.500314	400	200
-1.499406	400	200
-1.500105	400	200
-1.52082	400	200
-1.552151	400	200
-1.532979	400	200
-1.500408	400	200
-1.556434	400	200
-1.499399	400	200
-1.499636	400	200
-1.499659	400	200
-1.541579	400	200
-1.500279	400	200
-1.499263	400	200
-1.529569	400	200
-1.514098	400	200
-1.49921	400	200
-1.542037	400	200
-1.535656	400	200
-1.500195	400	200
-1.514173	400	200
-1.525936	400	200
-1.499735	400	200
-1.49937	400	200
-1.499622	400	200
-1.505552	400	200
-1.500309	400	200
-1.546341	400	200
-1.499365	400	200
-1.54395	400	200
-1.499117	400	200
-1.499476	400	200
-1.499199	400	200
-1.51547	400	200
-1.499326	400	200
-1.549976	400	200
-1.498971	400	200
-1.514467	400	200
-1.500052	400	200
-1.551764	400	200
-1.523534	400	200
-1.495838	400	200
-1.496812	400	200
-1.501658	400	200
-1.498591	400	200
-1.500369	400	200
-1.499055	400	200
-1.499644	400	200
-1.499253	400	200
-1.50036	400	200
-1.494721	400	200
-1.495978	400	200
-1.541119	400	200
-1.499111	400	200
-1.505716	400	200
-1.514062	400	200
-1.498216	400	200
-1.498635	400	200
-1.512572	400	200
-1.55865	400	200
-1.52421	400	200
-1.547928	400	200
-1.539411	400	200
-1.554555	400	200
-1.523257	400	200
-1.498799	400	200
-1.498932	400	200
-1.498976	400	200
-1.500103	400	200
-1.499617	400	200
-1.523506	400	200
-1.522056	400	200
-1.499871	400	200
-1.543846	400	200
-1.499789	400	200
-1.499934	400	200
-1.49983	400	200
-1.498636	400	200
-1.516629	400	200
-1.523818	400	200
-1.495736	400	200
-1.488876	400	200
-1.495778	400	200
-1.506135	400	200
-1.499181	400	200
-1.500738	400	200
-1.500086	400	200
-1.49285	400	200
-1.495714	400	200
-1.540313	400	200
-1.498727	400	200
-1.499771	400	200
-1.5294	400	200
-1.513312	400	200
-1.496717	400	200
-1.510962	400	200
-1.529638	400	200
-1.496859	400	200
-1.507284	400	200
-1.497918	400	200
-1.499938	400	200
-1.497402	400	200
-1.498405	400	200
-1.49803	400	200
-1.499981	400	200
-1.499234	400	200
-1.4993	400	200
-1.535397	400	200
-1.519228	400	200
-1.506459	400	200
-1.500643	400	200
-1.499196	400	200
-1.498311	400	200
-1.499306	400	200
-1.501612	400	200
-1.52469	400	200
-1.49981	400	200
-1.498532	400	200
-1.521074	400	200
-1.498434	400	200
-1.499241	400	200
-1.555683	400	200
-1.493634	400	200
-1.505034	400	200
-1.550109	400	200
-1.552174	400	200
-1.498916	400	200
-1.543194	400	200
-1.499845	400	200
-1.494944	400	200
-1.499246	400	200
-1.498071	400	200
-1.498217	400	200
-1.550883	400	200
-1.540706	400	200
-1.499887	400	200
-1.540097	400	200
-1.497749	400	200
-1.499375	400	200
-1.550842	400	200
-1.498725	400	200
-1.559731	400	200
-1.520409	400	200
-1.501532	400	200
-1.551734	400	200
-1.499421	400	200
-1.50035	400	200
-1.532238	400	200
-1.553652	400	200
-1.544803	400	200
-1.49619	400	200
-1.551562	400	200
-1.499446	400	200
-1.546088	400	200
-1.556856	400	200
-1.500345	400	200
-1.523115	400	200
-1.499691	400	200
-1.497942	400	200
-1.538647	400	200
-1.555246	400	200
-1.552483	400	200
-1.545526	400	200
-1.499552	400	200
-1.494973	400	200
-1.55586	400	200
-1.496711	400	200
-1.49856	400	200
-1.492987	400	200
-1.498745	400	200
-1.540038	400	200
-1.542891	400	200
-1.524752	400	200
-1.504487	400	200
-1.511748	400	200
-1.498786	400	200
-1.558079	400	200
-1.49832	400	200
-1.498593	400	200
-1.49722	400	200
-1.500442	400	200
-1.499835	400	200
-1.499691	400	200
-1.498326	400	200
-1.520896	400	200
-1.495341	400	200
-1.549799	400	200
-1.492413	400	200
-1.496701	400	200
-1.498679	400	200
-1.543241	400	200
-1.499974	400	200
-1.497903	400	200
-1.531343	400	200
-1.518247	400	200
-1.498398	400	200
-1.499902	400	200
-1.519786	400	200
-1.52678	400	200
-1.525137	400	200
-1.527759	400	200
-1.501164	400	200
-1.4995	400	200
-1.555977	400	200
-1.498761	400	200
-1.499136	400	200
-1.494736	400	200
-1.498765	400	200
-1.511186	400	200
-1.550596	400	200
-1.527643	400	200
-1.499836	400	200
-1.499076	400	200
-1.549038	400	200
-1.49714	400	200
-1.556784	400	200
-1.499294	400	200
-1.499267	400	200
-1.492268	400	200
-1.499703	400	200
-1.498661	400	200
-1.500024	400	200
-1.503776	400	200
-1.500441	400	200
-1.499301	400	200
-1.499106	400	200
-1.517847	400	200
-1.497386	400	200
-1.542667	400	200
-1.498345	400	200
-1.499764	400	200
-1.542002	400	200
-1.500013	400	200
-1.496483	400	200
-1.498236	400	200
-1.506392	400	200
-1.517984	400	200
-1.485598	400	200
-1.499558	400	200
-1.555833	400	200
-1.499314	400	200
-1.512593	400	200
-1.557841	400	200
-1.532155	400	200
-1.544903	400	200
-1.498006	400	200
-1.517915	400	200
-1.497093	400	200
-1.559272	400	200
-1.499434	400	200
-1.52419	400	200
-1.539597	400	200
-1.50437	400	200
-1.4988	400	200
-1.499854	400	200
-1.498766	400	200
-1.496922	400	200
-1.500407	400	200
-1.499218	400	200
-1.499248	400	200
-1.553942	400	200
-1.494671	400	200
-1.543806	400	200
-1.553493	400	200
-1.518775	400	200
-1.541189	400	200
-1.558606	400	200
-1.498892	400	200
-1.532322	400	200
-1.49259	400	200
-1.541067	400	200
-1.525144	400	200
-1.497674	400	200
-1.500395	400	200
-1.500316	400	200
-1.550679	400	200
-1.535946	400	200
-1.506012	400	200
-1.498971	400	200
-1.533291	400	200
-1.544888	400	200
-1.505379	400	200
-1.499338	400	200
-1.524259	400	200
-1.493664	400	200
-1.543104	400	200
-1.49877	400	200
-1.531943	400	200
-1.541582	400	200
-1.542362	400	200
-1.498546	400	200
-1.49839	400	200
-1.498299	400	200
-1.493391	400	200
-1.494138	400	200
-1.498994	400	200
-1.4973	400	200
-1.529538	400	200
-1.507606	400	200
-1.512376	400	200
-1.552132	400	200
-1.499693	400	200
-1.545187	400	200
-1.555695	400	200
-1.499	400	200
-1.540614	400	200
-1.55312	400	200
-1.522044	400	200
-1.499778	400	200
-1.500009	400	200
-1.539198	400	200
-1.498238	400	200
-1.559762	400	200
-1.54718	400	200
-1.505154	400	200
-1.531541	400	200
-1.496678	400	200
-1.500649	400	200
-1.499038	400	200
-1.496566	400	200
-1.500367	400	200
-1.499629	400	200
-1.545932	400	200
-1.497183	400	200
-1.500411	400	200
-1.498419	400	200
-1.500052	400	200
-1.550316	400	200
-1.499398	400	200
-1.557444	400	200
-1.499635	400	200
-1.49878	400	200
-1.495247	400	200
-1.497995	400	200
-1.498132	400	200
-1.498437	400	200
-1.499168	400	200
-1.498132	400	200
-1.550191	400	200
-1.499791	400	200
-1.500292	400	200
-1.526397	400	200
-1.499941	400	200
-1.499218	400	200
-1.529423	400	200
-1.498947	400	200
-1.499915	400	200
-1.499952	400	200
-1.537981	400	200
-1.552628	400	200
-1.53364	400	200
-1.525197	400	200
-1.499655	400	200
-1.498406	400	200
-1.510026	400	200
-1.543852	400	200
-1.552587	400	200
-1.498522	400	200
-1.499017	400	200
-1.511884	400	200
-1.512839	400	200
-1.498674	400	200
-1.522461	400	200
-1.529345	400	200
-1.498278	400	200
-1.502918	400	200
-1.495708	400	200
-1.499308	400	200
-1.539496	400	200
-1.49751	400	200
-1.545006	400	200
-1.49881	400	200
-1.532124	400	200
-1.499245	400	200
-1.499702	400	200
-1.550385	400	200
-1.493192	400	200
-1.497731	400	200
-1.499596	400	200
-1.49998	400	200
-1.499358	400	200
-1.536803	400	200
-1.501645	400	200
-1.49841	400	200
-1.545754	400	200
-1.498931	400	200
-1.528859	400	200
-1.499861	400	200
-1.499649	400	200
-1.501007	400	200
-1.499362	400	200
-1.499276	400	200
-1.499215	400	200
-1.499685	400	200
-1.515246	400	200
-1.535035	400	200
-1.494079	400	200
-1.529635	400	200
-1.499177	400	200
-1.489229	400	200
-1.49869	400	200
-1.497113	400	200
-1.499115	400	200
-1.499908	400	200
-1.498314	400	200
-1.499121	400	200
-1.507562	400	200
-1.497452	400	200
-1.501613	400	200
-1.498826	400	200
-1.49817	400	200
-1.525679	400	200
-1.480768	400	200
-1.499034	400	200
-1.498471	400	200
-1.500093	400	200
-1.498772	400	200
-1.540256	400	200
-1.507529	400	200
-1.496385	400	200
-1.498403	400	200
-1.519694	400	200
-1.498871	400	200
-1.526354	400	200
-1.500218	400	200
-1.497127	400	200
-1.512763	400	200
-1.507224	400	200
-1.493867	400	200
-1.54913	400	200
-1.557073	400	200
-1.49781	400	200
-1.499709	400	200
-1.501656	400	200
-1.523789	400	200
-1.494128	400	200
-1.498731	400	200
-1.50502	400	200
-1.499494	400	200
-1.541987	400	200
-1.535074	400	200
-1.498892	400	200
-1.500241	400	200
-1.499083	400	200
-1.499255	400	200
-1.499728	400	200
-1.512863	400	200
-1.494071	400	200
-1.501089	400	200
-1.504013	400	200
-1.555776	400	200
-1.514496	400	200
-1.498996	400	200
-1.533563	400	200
-1.5003	400	200
-1.521146	400	200
-1.543935	400	200
-1.551313	400	200
-1.499621	400	200
-1.524246	400	200
-1.55352	400	200
-1.501092	400	200
-1.520176	400	200
-1.499838	400	200
-1.499756	400	200
-1.498495	400	200
-1.499247	400	200
-1.499597	400	200
-1.543788	400	200
-1.499201	400	200
-1.550465	400	200
-1.498521	400	200
-1.531927	400	200
-1.49923	400	200
-1.499711	400	200
-1.521499	400	200
-1.5272	400	200
-1.499534	400	200
-1.498588	400	200
-1.499554	400	200
-1.547835	400	200
-1.5308	400	200
-1.499896	400	200
-1.498871	400	200
-1.520363	400	200
-1.544587	400	200
-1.517177	400	200
-1.555166	400	200
-1.498508	400	200
-1.498261	400	200
-1.499107	400	200
-1.500207	400	200
-1.500043	400	200
-1.559503	400	200
-1.540695	400	200
-1.532219	400	200
-1.500225	400	200
-1.514938	400	200
-1.499088	400	200
-1.506241	400	200
-1.499952	400	200
-1.521988	400	200
-1.513104	400	200
-1.498808	400	200
-1.497129	400	200
-1.501805	400	200
-1.515152	400	200
-1.500555	400	200
-1.5007	400	200
-1.499801	400	200
-1.544273	400	200
-1.499901	400	200
-1.499989	400	200
-1.498993	400	200
-1.542398	400	200
-1.499678	400	200
-1.500877	400	200
-1.513789	400	200
-1.497258	400	200
-1.499652	400	200
-1.498688	400	200
-1.500034	400	200
-1.530005	400	200
-1.499175	400	200
-1.499331	400	200
-1.52527	400	200
-1.556708	400	200
-1.498507	400	200
-1.499457	400	200
-1.498894	400	200
-1.541958	400	200
-1.500199	400	200
-1.531315	400	200
-1.495644	400	200
-1.497373	400	200
-1.498422	400	200
-1.542225	400	200
-1.499462	400	200
-1.504053	400	200
-1.546865	400	200
-1.538723	400	200
-1.493932	400	200
-1.499191	400	200
-1.537232	400	200
-1.497825	400	200
-1.498863	400	200
-1.499596	400	200
-1.521478	400	200
-1.497253	400	200
-1.499371	400	200
-1.498952	400	200
-1.497604	400	200
-1.500387	400	200
-1.497922	400	200
-1.497782	400	200
-1.499021	400	200
-1.545586	400	200
-1.533126	400	200
-1.49917	400	200
-1.503274	400	200
-1.495648	400	200
-1.539712	400	200
-1.531033	400	200
-1.528407	400	200
-1.54808	400	200
-1.500289	400	200
-1.540228	400	200
-1.501831	400	200
-1.555536	400	200
-1.53583	400	200
-1.495639	400	200
-1.499451	400	200
-1.500073	400	200
-1.523194	400	200
-1.49949	400	200
-1.499131	400	200
-1.560673	400	200
-1.525603	400	200
-1.49633	400	200
-1.535563	400	200
-1.520544	400	200
-1.500153	400	200
-1.55606	400	200
-1.498859	400	200
-1.518181	400	200
-1.515859	400	200
-1.502965	400	200
-1.555096	400	200
-1.530557	400	200
-1.480876	400	200
-1.499849	400	200
-1.513998	400	200
-1.523621	400	200
-1.499884	400	200
-1.498839	400	200
-1.535495	400	200
-1.500057	400	200
-1.499707	400	200
-1.496273	400	200
-1.519249	400	200
-1.559477	400	200
-1.518327	400	200
-1.546227	400	200
-1.500197	400	200
-1.49782	400	200
-1.498555	400	200
-1.518266	400	200
-1.499906	400	200
-1.493171	400	200
-1.498472	400	200
-1.498371	400	200
-1.556283	400	200
-1.4979	400	200
-1.499237	400	200
-1.498906	400	200
-1.54915	400	200
-1.535187	400	200
-1.499219	400	200
-1.505049	400	200
-1.53217	400	200
-1.523329	400	200
-1.499122	400	200
-1.498782	400	200
-1.499649	400	200
-1.546326	400	200
-1.507415	400	200
-1.498806	400	200
-1.556946	400	200
-1.553693	400	200
-1.531113	400	200
-1.550663	400	200
-1.499279	400	200
-1.500365	400	200
-1.500251	400	200
-1.536728	400	200
-1.499172	400	200
-1.495297	400	200
-1.523553	400	200
-1.497916	400	200
-1.552662	400	200
-1.498906	400	200
-1.535973	400	200
-1.507986	400	200
-1.496787	400	200
-1.518549	400	200
-1.499078	400	200
-1.52738	400	200
-1.497918	400	200
-1.49991	400	200
-1.498719	400	200
-1.497304	400	200
-1.499608	400	200
-1.529385	400	200
-1.49754	400	200
-1.528915	400	200
-1.497495	400	200
-1.555569	400	200
-1.49813	400	200
-1.552866	400	200
-1.501139	400	200
-1.533064	400	200
-1.499299	400	200
-1.499535	400	200
-1.498925	400	200
-1.557706	400	200
-1.499444	400	200
-1.496838	400	200
-1.499337	400	200
-1.544508	400	200
-1.497654	400	200
-1.503717	400	200
-1.536073	400	200
-1.499518	400	200
-1.49948	400	200
-1.524664	400	200
-1.538161	400	200
-1.499549	400	200
-1.494756	400	200
-1.499056	400	200
-1.560117	400	200
-1.500712	400	200
-1.500373	400	200
-1.499115	400	200
-1.495926	400	200
-1.526152	400	200
-1.50028	400	200
-1.543002	400	200
-1.499266	400	200
-1.499951	400	200
-1.500401	400	200
-1.54615	400	200
-1.498504	400	200
-1.498253	400	200
-1.498966	400	200
-1.548119	400	200
-1.545872	400	200
-1.49726	400	200
-1.555352	400	200
-1.529866	400	200
-1.499907	400	200
-1.558891	400	200
-1.498832	400	200
-1.545579	400	200
-1.499215	400	200
-1.499102	400	200
-1.546397	400	200
-1.497552	400	200
-1.549539	400	200
-1.546199	400	200
-1.500565	400	200
-1.498948	400	200
-1.540042	400	200
-1.493915	400	200
-1.500164	400	200
-1.543426	400	200
-1.49792	400	200
-1.499768	400	200
-1.520768	400	200
-1.503512	400	200
-1.533447	400	200
-1.499867	400	200
-1.498617	400	200
-1.498847	400	200
-1.545207	400	200
-1.499289	400	200
-1.539717	400	200
-1.499517	400	200
-1.518222	400	200
-1.544372	400	200
-1.52281	400	200
-1.498525	400	200
-1.49885	400	200
-1.499612	400	200
-1.499722	400	200
-1.505402	400	200
-1.495738	400	200
-1.498005	400	200
-1.551046	400	200
-1.500552	400	200
-1.499441	400	200
-1.526625	400	200
-1.499755	400	200
-1.497824	400	200
-1.49826	400	200
-1.548915	400	200
-1.496494	400	200
-1.487335	400	200
-1.51963	400	200
-1.521374	400	200
-1.50943	400	200
-1.499748	400	200
-1.500716	400	200
-1.552759	400	200
-1.502445	400	200
-1.554637	400	200
-1.498813	400	200
-1.492314	400	200
-1.498338	400	200
-1.494808	400	200
-1.499212	400	200
-1.498847	400	200
-1.554336	400	200
-1.497591	400	200
-1.508609	400	200
-1.498449	400	200
-1.511097	400	200
-1.496754	400	200
-1.545694	400	200
-1.533866	400	200
-1.507112	400	200
-1.498937	400	200
-1.49814	400	200
-1.506641	400	200
-1.547827	400	200
-1.498963	400	200
-1.49938	400	200
-1.501174	400	200
-1.498518	400	200
-1.496401	400	200
-1.551787	400	200
-1.499074	400	200
-1.500424	400	200
-1.500124	400	200
-1.499657	400	200
-1.499652	400	200
-1.499102	400	200
-1.549257	400	200
-1.498514	400	200
-1.552963	400	200
-1.551468	400	200
-1.498744	400	200
-1.498832	400	200
-1.549977	400	200
-1.548705	400	200
-1.497551	400	200
-1.499444	400	200
-1.553864	400	200
-1.499081	400	200
-1.500368	400	200
-1.546499	400	200
-1.525695	400	200
-1.499287	400	200
-1.536292	400	200
-1.533758	400	200
-1.551655	400	200
-1.498048	400	200
-1.551658	400	200
-1.510954	400	200
-1.499442	400	200
-1.545786	400	200
-1.494611	400	200
-1.547884	400	200
-1.547705	400	200
-1.500089	400	200
-1.499243	400	200
-1.497735	400	200
-1.496054	400	200
-1.501069	400	200
-1.498865	400	200
-1.499853	400	200
-1.498714	400	200
-1.498229	400	200
-1.529615	400	200
-1.548051	400	200
-1.507349	400	200
-1.500127	400	200
-1.497506	400	200
-1.497445	400	200
-1.5403	400	200
-1.555761	400	200
-1.503036	400	200
-1.525257	400	200
-1.542889	400	200
-1.49821	400	200
-1.556379	400	200
-1.500071	400	200
-1.500051	400	200
-1.499621	400	200
-1.513128	400	200
-1.517761	400	200
-1.498949	400	200
-1.499411	400	200
-1.500632	400	200
-1.510052	400	200
-1.49908	400	200
-1.49937	400	200
-1.501741	400	200
-1.510158	400	200
-1.533728	400	200
-1.4995	400	200
-1.546816	400	200
-1.495637	400	200
-1.500366	400	200
-1.493742	400	200
-1.512803	400	200
-1.503837	400	200
-1.498367	400	200
-1.497672	400	200
-1.533228	400	200
-1.550096	400	200
-1.499144	400	200
-1.536413	400	200
-1.500317	400	200
-1.49891	400	200
-1.498795	400	200
-1.499619	400	200
-1.532449	400	200
-1.49954	400	200
-1.500088	400	200
-1.559339	400	200
-1.491185	400	200
-1.499595	400	200
-1.510899	400	200
-1.544705	400	200
-1.49911	400	200
-1.499395	400	200
-1.496295	400	200
-1.558165	400	200
-1.499638	400	200
-1.499987	400	200
-1.531803	400	200
-1.512785	400	200
-1.495945	400	200
-1.502346	400	200
-1.489431	400	200
-1.500219	400	200
-1.49606	400	200
-1.496912	400	200
-1.50476	400	200
-1.499928	400	200
-1.493534	400	200
-1.511461	400	200
-1.535982	400	200
-1.508962	400	200
-1.522526	400	200
-1.552338	400	200
-1.558682	400	200
-1.499963	400	200
-1.512334	400	200
-1.500621	400	200
-1.538864	400	200
-1.522053	400	200
-1.502948	400	200
-1.535008	400	200
-1.499603	400	200
-1.532065	400	200
-1.549641	400	200
-1.498056	400	200
-1.523595	400	200
-1.498175	400	200
-1.524079	400	200
-1.506277	400	200
-1.499126	400	200
-1.5068	400	200
-1.531374	400	200
-1.498354	400	200
-1.525474	400	200
-1.499285	400	200
-1.499525	400	200
-1.499657	400	200
-1.51845	400	200
-1.511836	400	200
-1.498363	400	200
-1.499119	400	200
-1.516355	400	200
-1.498673	400	200
-1.516407	400	200
-1.497712	400	200
-1.508982	400	200
-1.505114	400	200
-1.504947	400	200
-1.49787	400	200
-1.5293	400	200
-1.503932	400	200
-1.513806	400	200
-1.558256	400	200
-1.499728	400	200
-1.531813	400	200
-1.511754	400	200
-1.512718	400	200
-1.497209	400	200
-1.544249	400	200
-1.540262	400	200
-1.553413	400	200
-1.490224	400	200
-1.500092	400	200
-1.498649	400	200
-1.496301	400	200
-1.537564	400	200
-1.535166	400	200
-1.499537	400	200
-1.499089	400	200
-1.499889	400	200
-1.545924	400	200
-1.498794	400	200
-1.497629	400	200
-1.521648	400	200
-1.499951	400	200
-1.498763	400	200
-1.506084	400	200
-1.540411	400	200
-1.548267	400	200
-1.497378	400	200
-1.499518	400	200
-1.50714	400	200
-1.50022	400	200
-1.527668	400	200
-1.498723	400	200
-1.49712	400	200
-1.502995	400	200
-1.515661	400	200
-1.518214	400	200
-1.499802	400	200
-1.490914	400	200
-1.499088	400	200
-1.555304	400	200
-1.48965	400	200
-1.531914	400	200
-1.542225	400	200
-1.500745	400	200
-1.496778	400	200
-1.499765	400	200
-1.499016	400	200
-1.49991	400	200
-1.501313	400	200
-1.498813	400	200
-1.498996	400	200
-1.495479	400	200
-1.558815	400	200
-1.557372	400	200
-1.528888	400	200
-1.499177	400	200
-1.499449	400	200
-1.500301	400	200
-1.499	400	200
-1.528936	400	200
-1.534668	400	200
-1.503511	400	200
-1.498891	400	200
-1.547769	400	200
-1.49819	400	200
-1.556364	400	200
-1.49997	400	200
-1.49832	400	200
-1.499386	400	200
-1.518037	400	200
-1.552325	400	200
-1.49932	400	200
-1.497625	400	200
-1.499352	400	200
-1.530888	400	200
-1.555108	400	200
-1.498116	400	200
-1.504418	400	200
-1.500037	400	200
-1.560045	400	200
-1.499998	400	200
-1.532065	400	200
-1.540809	400	200
-1.492159	400	200
-1.499721	400	200
-1.497891	400	200
-1.551465	400	200
-1.500065	400	200
-1.500566	400	200
-1.493092	400	200
-1.49906	400	200
-1.507834	400	200
-1.4998	400	200
-1.552017	400	200
-1.499282	400	200
-1.49797	400	200
-1.495495	400	200
-1.523347	400	200
-1.552626	400	200
-1.498257	400	200
-1.528813	400	200
-1.556712	400	200
-1.499095	400	200
-1.499918	400	200
-1.500491	400	200
-1.498834	400	200
-1.489276	400	200
-1.557549	400	200
-1.499809	400	200
-1.499309	400	200
-1.500434	400	200
-1.498354	400	200
-1.539043	400	200
-1.499307	400	200
-1.492682	400	200
-1.499767	400	200
-1.559323	400	200
-1.499957	400	200
-1.556031	400	200
-1.498567	400	200
-1.50086	400	200
-1.516763	400	200
-1.498629	400	200
-1.551765	400	200
-1.50818	400	200
-1.544489	400	200
-1.557703	400	200
-1.508267	400	200
-1.499418	400	200
-1.556812	400	200
-1.49933	400	200
-1.528888	400	200
-1.558924	400	200
-1.500092	400	200
-1.499214	400	200
-1.498358	400	200
-1.5587	400	200
-1.500583	400	200
-1.499742	400	200
-1.560972	400	200
-1.534729	400	200
-1.499167	400	200
-1.545493	400	200
-1.554745	400	200
-1.499905	400	200
-1.515337	400	200
-1.509884	400	200
-1.501026	400	200
-1.560838	400	200
-1.534112	400	200
-1.499009	400	200
-1.522523	400	200
-1.517787	400	200
-1.535829	400	200
-1.501564	400	200
-1.499908	400	200
-1.498513	400	200
-1.498937	400	200
-1.497882	400	200
-1.515465	400	200
-1.500226	400	200
-1.499205	400	200
-1.49009	400	200
-1.516254	400	200
-1.499452	400	200
-1.543598	400	200
-1.499359	400	200
-1.530824	400	200
-1.499867	400	200
-1.49929	400	200
-1.52876	400	200
-1.536381	400	200
-1.499596	400	200
-1.533899	400	200
-1.4983	400	200
-1.499029	400	200
-1.523077	400	200
-1.535669	400	200
-1.548997	400	200
-1.501069	400	200
-1.520444	400	200
-1.50031	400	200
-1.499217	400	200
-1.49985	400	200
-1.557331	400	200
-1.496519	400	200
-1.500702	400	200
-1.499741	400	200
-1.53304	400	200
-1.499421	400	200
-1.498703	400	200
-1.499235	400	200
-1.558253	400	200
-1.498644	400	200
-1.496498	400	200
-1.538949	400	200
-1.499439	400	200
-1.498522	400	200
-1.519772	400	200
-1.499777	400	200
-1.498192	400	200
-1.499596	400	200
-1.50041	400	200
-1.512392	400	200
-1.498651	400	200
-1.49898	400	200
-1.516573	400	200
-1.500538	400	200
-1.499744	400	200
-1.499272	400	200
-1.554709	400	200
-1.498321	400	200
-1.51674	400	200
-1.549385	400	200
-1.499695	400	200
-1.557819	400	200
-1.524837	400	200
-1.499084	400	200
-1.499831	400	200
-1.498851	400	200
-1.518751	400	200
-1.498698	400	200
-1.560079	400	200
-1.49683	400	200
-1.524449	400	200
-1.536448	400	200
-1.54639	400	200
-1.492922	400	200
-1.498777	400	200
-1.549394	400	200
-1.497014	400	200
-1.532748	400	200
-1.534698	400	200
-1.496254	400	200
-1.499148	400	200
-1.497279	400	200
-1.499857	400	200
-1.559264	400	200
-1.50201	400	200
-1.559852	400	200
-1.4998	400	200
-1.529472	400	200
-1.552322	400	200
-1.49924	400	200
-1.543177	400	200
-1.497924	400	200
-1.547681	400	200
-1.499479	400	200
-1.498007	400	200
-1.499701	400	200
-1.499411	400	200
-1.560221	400	200
-1.500308	400	200
-1.499442	400	200
-1.499248	400	200
-1.500364	400	200
-1.499615	400	200
-1.486885	400	200
-1.559156	400	200
-1.500425	400	200
-1.543666	400	200
-1.495111	400	200
-1.499884	400	200
-1.499249	400	200
-1.499292	400	200
-1.498731	400	200
-1.500264	400	200
-1.496075	400	200
-1.499983	400	200
-1.494344	400	200
-1.503358	400	200
-1.499786	400	200
-1.498642	400	200
-1.51925	400	200
-1.538335	400	200
-1.495758	400	200
-1.49874	400	200
-1.499505	400	200
-1.496832	400	200
-1.524616	400	200
-1.502296	400	200
-1.551195	400	200
-1.500745	400	200
-1.540992	400	200
-1.496605	400	200
-1.498521	400	200
-1.499464	400	200
-1.498795	400	200
-1.499381	400	200
-1.498756	400	200
-1.48852	400	200
-1.521159	400	200
-1.545402	400	200
-1.499809	400	200
-1.499304	400	200
-1.500611	400	200
-1.553727	400	200
-1.515398	400	200
-1.499542	400	200
-1.494205	400	200
-1.55927	400	200
-1.49927	400	200
-1.498982	400	200
-1.499641	400	200
-1.507156	400	200
-1.499361	400	200
-1.495628	400	200
-1.495044	400	200
-1.505991	400	200
-1.494111	400	200
-1.494632	400	200
-1.501371	400	200
-1.486745	400	200
-1.498783	400	200
-1.499171	400	200
-1.500342	400	200
-1.499355	400	200
-1.497129	400	200
-1.501525	400	200
-1.49945	400	200
-1.520755	400	200
-1.510776	400	200
-1.497412	400	200
-1.518387	400	200
-1.499825	400	200
-1.53939	400	200
-1.499406	400	200
-1.499393	400	200
-1.498899	400	200
-1.49599	400	200
-1.530279	400	200
-1.550443	400	200
-1.49971	400	200
-1.498638	400	200
-1.520401	400	200
-1.498099	400	200
-1.495695	400	200
-1.499436	400	200
-1.501025	400	200
-1.499609	400	200
-1.497421	400	200
-1.513396	400	200
-1.549382	400	200
-1.50002	400	200
-1.534581	400	200
-1.499429	400	200
-1.499706	400	200
-1.498682	400	200
-1.516094	400	200
-1.560085	400	200
-1.499685	400	200
-1.500444	400	200
-1.492518	400	200
-1.498933	400	200
-1.498711	400	200
-1.499646	400	200
-1.499503	400	200
-1.499431	400	200
-1.524746	400	200
-1.497963	400	200
-1.501879	400	200
-1.49932	400	200
-1.497354	400	200
-1.504704	400	200
-1.49888	400	200
-1.555372	400	200
-1.500461	400	200
-1.499468	400	200
-1.499718	400	200
-1.499441	400	200
-1.522594	400	200
-1.496139	400	200
-1.503705	400	200
-1.556618	400	200
-1.505072	400	200
-1.510332	400	200
-1.547577	400	200
-1.51347	400	200
-1.516535	400	200
-1.499577	400	200
-1.498949	400	200
-1.543787	400	200
-1.499996	400	200
-1.518873	400	200
-1.498304	400	200
-1.511056	400	200
-1.502307	400	200
-1.551594	400	200
-1.496174	400	200
-1.499638	400	200
-1.541872	400	200
-1.499097	400	200
-1.53933	400	200
-1.545046	400	200
-1.50265	400	200
-1.526927	400	200
-1.499828	400	200
-1.500101	400	200
-1.554719	400	200
-1.500906	400	200
-1.501785	400	200
-1.499197	400	200
-1.540174	400	200
-1.499253	400	200
-1.500131	400	200
-1.532096	400	200
-1.498915	400	200
-1.513713	400	200
-1.499577	400	200
-1.497531	400	200
-1.499992	400	200
-1.531993	400	200
-1.515547	400	200
-1.499161	400	200
-1.555606	400	200
-1.540417	400	200
-1.558487	400	200
-1.499767	400	200
-1.498959	400	200
-1.533184	400	200
-1.499096	400	200
-1.525985	400	200
-1.498791	400	200
-1.499306	400	200
-1.501899	400	200
-1.499043	400	200
-1.495159	400	200
-1.498344	400	200
-1.498386	400	200
-1.499408	400	200
-1.532106	400	200
-1.49865	400	200
-1.497443	400	200
-1.524793	400	200
-1.497566	400	200
-1.500231	400	200
-1.498864	400	200
-1.551453	400	200
-1.532743	400	200
-1.501477	400	200
-1.498013	400	200
-1.525228	400	200
-1.499285	400	200
-1.559739	400	200
-1.505211	400	200
-1.544379	400	200
-1.520351	400	200
-1.499359	400	200
-1.499777	400	200
-1.542433	400	200
-1.499611	400	200
-1.51215	400	200
-1.552173	400	200
-1.499169	400	200
-1.499766	400	200
-1.488583	400	200
-1.52319	400	200
-1.526475	400	200
-1.499242	400	200
-1.497818	400	200
-1.552539	400	200
-1.507364	400	200
-1.545137	400	200
-1.4999	400	200
-1.510647	400	200
-1.499279	400	200
-1.536633	400	200
-1.52624	400	200
-1.496956	400	200
-1.498919	400	200
-1.499746	400	200
-1.501232	400	200
-1.495388	400	200
-1.505717	400	200
-1.498896	400	200
-1.538236	400	200
-1.499981	400	200
-1.518289	400	200
-1.53729	400	200
-1.536841	400	200
-1.498681	400	200
-1.500652	400	200
-1.548793	400	200
-1.498387	400	200
-1.496478	400	200
-1.499899	400	200
-1.498697	400	200
-1.560518	400	200
-1.50445	400	200
-1.507551	400	200
-1.499586	400	200
-1.538822	400	200
-1.498445	400	200
-1.497876	400	200
-1.500305	400	200
-1.498801	400	200
-1.498844	400	200
-1.539239	400	200
-1.5224	400	200
-1.49896	400	200
-1.500013	400	200
-1.498097	400	200
-1.543011	400	200
-1.536059	400	200
-1.498948	400	200
-1.497416	400	200
-1.500237	400	200
-1.495892	400	200
-1.499225	400	200
-1.544046	400	200
-1.507479	400	200
-1.497047	400	200
-1.499592	400	200
-1.500285	400	200
-1.555589	400	200
-1.499398	400	200
-1.500525	400	200
-1.499354	400	200
-1.498257	400	200
-1.499176	400	200
-1.498817	400	200
-1.552418	400	200
-1.526074	400	200
-1.560615	400	200
-1.500041	400	200
-1.499146	400	200
-1.49958	400	200
-1.553839	400	200
-1.499905	400	200
-1.498518	400	200
-1.523627	400	200
-1.549182	400	200
-1.50879	400	200
-1.501263	400	200
-1.497763	400	200
-1.547925	400	200
-1.497799	400	200
-1.499603	400	200
-1.500406	400	200
-1.500588	400	200
-1.524433	400	200
-1.542965	400	200
-1.498926	400	200
-1.499585	400	200
-1.498884	400	200
-1.546073	400	200
-1.499471	400	200
-1.529395	400	200
-1.499572	400	200
-1.506735	400	200
-1.500746	400	200
-1.530067	400	200
-1.525118	400	200
-1.497533	400	200
-1.498166	400	200
-1.498763	400	200
-1.505242	400	200
-1.500345	400	200
-1.558174	400	200
-1.499563	400	200
-1.495839	400	200
-1.499469	400	200
-1.499578	400	200
-1.499773	400	200
-1.529176	400	200
-1.514264	400	200
-1.54358	400	200
-1.523405	400	200
-1.500188	400	200
-1.493907	400	200
-1.497737	400	200
-1.536845	400	200
-1.516066	400	200
-1.540959	400	200
-1.541372	400	200
-1.539572	400	200
-1.499351	400	200
-1.539353	400	200
-1.543726	400	200
-1.499458	400	200
-1.542133	400	200
-1.492713	400	200
-1.508702	400	200
-1.539901	400	200
-1.499504	400	200
-1.546037	400	200
-1.519288	400	200
-1.545065	400	200
-1.499772	400	200
-1.497073	400	200
-1.503027	400	200
-1.503426	400	200
-1.499677	400	200
-1.529668	400	200
-1.499245	400	200
-1.500069	400	200
-1.499692	400	200
-1.541721	400	200
-1.498164	400	200
-1.49945	400	200
-1.499232	400	200
-1.500139	400	200
-1.545504	400	200
-1.549663	400	200
-1.500014	400	200
-1.534804	400	200
-1.547888	400	200
-1.505401	400	200
-1.498737	400	200
-1.53112	400	200
-1.49841	400	200
-1.498599	400	200
-1.551682	400	200
-1.499836	400	200
-1.504848	400	200
-1.510882	400	200
-1.499702	400	200
-1.499266	400	200
-1.498284	400	200
-1.498936	400	200
-1.501484	400	200
-1.541644	400	200
-1.499733	400	200
-1.498195	400	200
-1.511906	400	200
-1.499107	400	200
-1.499791	400	200
-1.515342	400	200
-1.499686	400	200
-1.541256	400	200
-1.505031	400	200
-1.500222	400	200
-1.498298	400	200
-1.497645	400	200
-1.493441	400	200
-1.499649	400	200
-1.495969	400	200
-1.499801	400	200
-1.516844	400	200
-1.545819	400	200
-1.518557	400	200
-1.499201	400	200
-1.536754	400	200
-1.557272	400	200
-1.498038	400	200
-1.498897	400	200
-1.52163	400	200
-1.55556	400	200
-1.548697	400	200
-1.498929	400	200
-1.52386	400	200
-1.498379	400	200
-1.562342	400	200
-1.499631	400	200
-1.539139	400	200
-1.54744	400	200
-1.528891	400	200
-1.522254	400	200
-1.516977	400	200
-1.531469	400	200
-1.498398	400	200
-1.498391	400	200
-1.499402	400	200
-1.511863	400	200
-1.554204	400	200
-1.499531	400	200
-1.498369	400	200
-1.551617	400	200
-1.500065	400	200
-1.500585	400	200
-1.499979	400	200
-1.49975	400	200
-1.53811	400	200
-1.517242	400	200
-1.500225	400	200
-1.491314	400	200
-1.499135	400	200
-1.555932	400	200
-1.507251	400	200
-1.524513	400	200
-1.499774	400	200
-1.500412	400	200
-1.498637	400	200
-1.534236	400	200
-1.498418	400	200
-1.504978	400	200
-1.504908	400	200
-1.499837	400	200
-1.55571	400	200
-1.513631	400	200
-1.498549	400	200
-1.496125	400	200
-1.520535	400	200
-1.498775	400	200
-1.508506	400	200
-1.498142	400	200
-1.540523	400	200
-1.557177	400	200
-1.550062	400	200
-1.500376	400	200
-1.530799	400	200
-1.497177	400	200
-1.558835	400	200
-1.554246	400	200
-1.495665	400	200
-1.551611	400	200
-1.500314	400	200
-1.512976	400	200
-1.498655	400	200
-1.542349	400	200
-1.543055	400	200
-1.497742	400	200
-1.5006	400	200
-1.500145	400	200
-1.496577	400	200
-1.499161	400	200
-1.498655	400	200
-1.544533	400	200
-1.499568	400	200
-1.49506	400	200
-1.557675	400	200
-1.554295	400	200
-1.530773	400	200
-1.515219	400	200
-1.55203	400	200
-1.497668	400	200
-1.498699	400	200
-1.548363	400	200
-1.493634	400	200
-1.558118	400	200
-1.498827	400	200
-1.500457	400	200
-1.543044	400	200
-1.533282	400	200
-1.508449	400	200
-1.496202	400	200
-1.539659	400	200
-1.546729	400	200
-1.546777	400	200
-1.502816	400	200
-1.500397	400	200
-1.48817	400	200
-1.521445	400	200
-1.554552	400	200
-1.527959	400	200
-1.495584	400	200
-1.549476	400	200
-1.536547	400	200
-1.531365	400	200
-1.538072	400	200
-1.539833	400	200
-1.498479	400	200
-1.517115	400	200
-1.521938	400	200
-1.498194	400	200
-1.511683	400	200
-1.498861	400	200
-1.497307	400	200
-1.500286	400	200
-1.556003	400	200
-1.498487	400	200
-1.499134	400	200
-1.511528	400	200
-1.498864	400	200
-1.500485	400	200
-1.489622	400	200
-1.531129	400	200
-1.498834	400	200
-1.507189	400	200
-1.505308	400	200
-1.561739	400	200
-1.499544	400	200
-1.557976	400	200
-1.499163	400	200
-1.535286	400	200
-1.504331	400	200
-1.500014	400	200
-1.499055	400	200
-1.502787	400	200
-1.499011	400	200
-1.506117	400	200
-1.499432	400	200
-1.498453	400	200
-1.526451	400	200
-1.498598	400	200
-1.497341	400	200
-1.499116	400	200
-1.498928	400	200
-1.498184	400	200
-1.499537	400	200
-1.499327	400	200
-1.498831	400	200
-1.556549	400	200
-1.49814	400	200
-1.499725	400	200
-1.551247	400	200
-1.491819	400	200
-1.49964	400	200
-1.49919	400	200
-1.549009	400	200
-1.560753	400	200
-1.500047	400	200
-1.498672	400	200
-1.543292	400	200
-1.499918	400	200
-1.49186	400	200
-1.499387	400	200
-1.500556	400	200
-1.49965	400	200
-1.505427	400	200
-1.542464	400	200
-1.519594	400	200
-1.517457	400	200
-1.494763	400	200
-1.546611	400	200
-1.497533	400	200
-1.498543	400	200
-1.499783	400	200
-1.557263	400	200
-1.499427	400	200
-1.499524	400	200
-1.498446	400	200
-1.499848	400	200
-1.553169	400	200
-1.496197	400	200
-1.498588	400	200
-1.548749	400	200
-1.499513	400	200
-1.49772	400	200
-1.531593	400	200
-1.49734	400	200
-1.495278	400	200
-1.499883	400	200
-1.498983	400	200
-1.497524	400	200
-1.49742	400	200
-1.498249	400	200
-1.497673	400	200
-1.540066	400	200
-1.498894	400	200
-1.499666	400	200
-1.555996	400	200
-1.499389	400	200
-1.501879	400	200
-1.546112	400	200
-1.50004	400	200
-1.49901	400	200
-1.499215	400	200
-1.499512	400	200
-1.518364	400	200
-1.493746	400	200
-1.49852	400	200
-1.512089	400	200
-1.54771	400	200
-1.501392	400	200
-1.528303	400	200
-1.50047	400	200
-1.492836	400	200
-1.499594	400	200
-1.499223	400	200
-1.500641	400	200
-1.498471	400	200
-1.495776	400	200
-1.499379	400	200
-1.499504	400	200
-1.558615	400	200
-1.502082	400	200
-1.49886	400	200
-1.512918	400	200
-1.498613	400	200
-1.534844	400	200
-1.517607	400	200
-1.516845	400	200
-1.499112	400	200
-1.540926	400	200
-1.536009	400	200
-1.5481	400	200
-1.532953	400	200
-1.498503	400	200
-1.52401	400	200
-1.498762	400	200
-1.498216	400	200
-1.55487	400	200
-1.499854	400	200
-1.500914	400	200
-1.498454	400	200
-1.500119	400	200
-1.519022	400	200
-1.525258	400	200
-1.49961	400	200
-1.499622	400	200
-1.510613	400	200
-1.510634	400	200
-1.561909	400	200
-1.493616	400	200
-1.55471	400	200
-1.498972	400	200
-1.4973	400	200
-1.526367	400	200
-1.498688	400	200
-1.49966	400	200
-1.496518	400	200
-1.4995	400	200
-1.551821	400	200
-1.504288	400	200
-1.555788	400	200
-1.539574	400	200
-1.528741	400	200
-1.499482	400	200
-1.524992	400	200
-1.548716	400	200
-1.499968	400	200
-1.556297	400	200
-1.500035	400	200
-1.533022	400	200
-1.499123	400	200
-1.499604	400	200
-1.554486	400	200
-1.511855	400	200
-1.538966	400	200
-1.535238	400	200
-1.500047	400	200
-1.498119	400	200
-1.498544	400	200
-1.560785	400	200
-1.525792	400	200
-1.500218	400	200
-1.550295	400	200
-1.499812	400	200
-1.531399	400	200
-1.498198	400	200
-1.550713	400	200
-1.498352	400	200
-1.497268	400	200
-1.49696	400	200
-1.497501	400	200
-1.499373	400	200
-1.497699	400	200
-1.506343	400	200
-1.525045	400	200
-1.541829	400	200
-1.499653	400	200
-1.499913	400	200
-1.499926	400	200
-1.561528	400	200
-1.509238	400	200
-1.501588	400	200
-1.54944	400	200
-1.519997	400	200
-1.499862	400	200
-1.493772	400	200
-1.542953	400	200
-1.539502	400	200
-1.520914	400	200
-1.549621	400	200
-1.499895	400	200
-1.500166	400	200
-1.500979	400	200
-1.510493	400	200
-1.538308	400	200
-1.533792	400	200
-1.499457	400	200
-1.49434	400	200
-1.551207	400	200
-1.498093	400	200
-1.550287	400	200
-1.499248	400	200
-1.500745	400	200
-1.498679	400	200
-1.498657	400	200
-1.499067	400	200
-1.554254	400	200
-1.495683	400	200
-1.537696	400	200
-1.501003	400	200
-1.556344	400	200
-1.499664	400	200
-1.502025	400	200
-1.561166	400	200
-1.49895	400	200
-1.497342	400	200
-1.500171	400	200
-1.54131	400	200
-1.495115	400	200
-1.55677	400	200
-1.530704	400	200
-1.544125	400	200
-1.536152	400	200
-1.496673	400	200
-1.50558	400	200
-1.499149	400	200
-1.560345	400	200
-1.536334	400	200
-1.497726	400	200
-1.499321	400	200
-1.498859	400	200
-1.495953	400	200
-1.506349	400	200
-1.498683	400	200
-1.519795	400	200
-1.519989	400	200
-1.502424	400	200
-1.520456	400	200
-1.49974	400	200
-1.522829	400	200
-1.516544	400	200
-1.49716	400	200
-1.499279	400	200
-1.506025	400	200
-1.533937	400	200
-1.537239	400	200
-1.498736	400	200
-1.549745	400	200
-1.554403	400	200
-1.49904	400	200
-1.535352	400	200
-1.537749	400	200
-1.507088	400	200
-1.535438	400	200
-1.492675	400	200
-1.529133	400	200
-1.500371	400	200
-1.533463	400	200
-1.498576	400	200
-1.522804	400	200
-1.500279	400	200
-1.492137	400	200
-1.540708	400	200
-1.531937	400	200
-1.558271	400	200
-1.537208	400	200
-1.528744	400	200
-1.533865	400	200
-1.516374	400	200
-1.498773	400	200
-1.558101	400	200
-1.500216	400	200
-1.513065	400	200
-1.544016	400	200
-1.489421	400	200
-1.498542	400	200
-1.536534	400	200
-1.51086	400	200
-1.556607	400	200
-1.49982	400	200
-1.500161	400	200
-1.494058	400	200
-1.555892	400	200
-1.549209	400	200
-1.493594	400	200
-1.498413	400	200
-1.49573	400	200
-1.54165	400	200
-1.499583	400	200
-1.551757	400	200
-1.52929	400	200
-1.560189	400	200
-1.498913	400	200
-1.497944	400	200
-1.529211	400	200
-1.499343	400	200
-1.500762	400	200
-1.516858	400	200
-1.499815	400	200
-1.54869	400	200
-1.556606	400	200
-1.499162	400	200
-1.498415	400	200
-1.507321	400	200
-1.499674	400	200
-1.497607	400	200
-1.501861	400	200
-1.498493	400	200
-1.502813	400	200
-1.499207	400	200
-1.497721	400	200
-1.500428	400	200
-1.49983	400	200
-1.503775	400	200
-1.495759	400	200
-1.504312	400	200
-1.508602	400	200
-1.4986	400	200
-1.499984	400	200
-1.499676	400	200
-1.498295	400	200
-1.54156	400	200
-1.492951	400	200
-1.535578	400	200
-1.498954	400	200
-1.500779	400	200
-1.500214	400	200
-1.499119	400	200
-1.550061	400	200
-1.52238	400	200
-1.497621	400	200
-1.50435	400	200
-1.558653	400	200
-1.495481	400	200
-1.49969	400	200
-1.500311	400	200
-1.499488	400	200
-1.492458	400	200
-1.499527	400	200
-1.497457	400	200
-1.494289	400	200
-1.504161	400	200
-1.55419	400	200
-1.493759	400	200
-1.498202	400	200
-1.506702	400	200
-1.500098	400	200
-1.534048	400	200
-1.499328	400	200
-1.499058	400	200
-1.499693	400	200
-1.496154	400	200
-1.545451	400	200
-1.537747	400	200
-1.500689	400	200
-1.536713	400	200
-1.506421	400	200
-1.546384	400	200
-1.54863	400	200
-1.515898	400	200
-1.557557	400	200
-1.548408	400	200
-1.498451	400	200
-1.499441	400	200
-1.518154	400	200
-1.498549	400	200
-1.531484	400	200
-1.498778	400	200
-1.50517	400	200
-1.498703	400	200
-1.496043	400	200
-1.49849	400	200
-1.499196	400	200
-1.499204	400	200
-1.497954	400	200
-1.508389	400	200
-1.532527	400	200
-1.499891	400	200
-1.498261	400	200
-1.49306	400	200
-1.498825	400	200
-1.498879	400	200
-1.555521	400	200
-1.505081	400	200
-1.499602	400	200
-1.498676	400	200
-1.556501	400	200
-1.49964	400	200
-1.54919	400	200
-1.493077	400	200
-1.556745	400	200
-1.530395	400	200
-1.554644	400	200
-1.496823	400	200
-1.499076	400	200
-1.541912	400	200
-1.539998	400	200
-1.546128	400	200
-1.528203	400	200
-1.559567	400	200
-1.499317	400	200
-1.498345	400	200
-1.500048	400	200
-1.531473	400	200
-1.555129	400	200
-1.547661	400	200
-1.498375	400	200
-1.499894	400	200
-1.549726	400	200
-1.510497	400	200
-1.499236	400	200
-1.498381	400	200
-1.544253	400	200
-1.499774	400	200
-1.496917	400	200
-1.537314	400	200
-1.526455	400	200
-1.549085	400	200
-1.511084	400	200
-1.499472	400	200
-1.500949	400	200
-1.498724	400	200
-1.499977	400	200
-1.499795	400	200
-1.54873	400	200
-1.536369	400	200
-1.533049	400	200
-1.546822	400	200
-1.49402	400	200
-1.537317	400	200
-1.523299	400	200
-1.509731	400	200
-1.549639	400	200
-1.499694	400	200
-1.553102	400	200
-1.499632	400	200
-1.499914	400	200
-1.499831	400	200
-1.52712	400	200
-1.501407	400	200
-1.495215	400	200
-1.498934	400	200
-1.521659	400	200
-1.546355	400	200
-1.496994	400	200
-1.497096	400	200
-1.495752	400	200
-1.521596	400	200
-1.518714	400	200
-1.499842	400	200
-1.49818	400	200
-1.499318	400	200
-1.499148	400	200
-1.497554	400	200
-1.499355	400	200
-1.541683	400	200
-1.499855	400	200
-1.534794	400	200
-1.538447	400	200
-1.555266	400	200
-1.492024	400	200
-1.529588	400	200
-1.496922	400	200
-1.512924	400	200
-1.499633	400	200
-1.494922	400	200
-1.497505	400	200
-1.497193	400	200
-1.494228	400	200
-1.498894	400	200
-1.533812	400	200
-1.499356	400	200
-1.498486	400	200
-1.552468	400	200
-1.519859	400	200
-1.50231	400	200
-1.499328	400	200
-1.552986	400	200
-1.501287	400	200
-1.500061	400	200
-1.535488	400	200
-1.498108	400	200
-1.512943	400	200
-1.49963	400	200
-1.547624	400	200
-1.544186	400	200
-1.499469	400	200
-1.495201	400	200
-1.500828	400	200
-1.542545	400	200
-1.500075	400	200
-1.49759	400	200
-1.498917	400	200
-1.498447	400	200
-1.498785	400	200
-1.495847	400	200
-1.494835	400	200
-1.526522	400	200
-1.499733	400	200
-1.498233	400	200
-1.511768	400	200
-1.504648	400	200
-1.496074	400	200
-1.49964	400	200
-1.530281	400	200
-1.497946	400	200
-1.496856	400	200
-1.500639	400	200
-1.503563	400	200
-1.502612	400	200
-1.540977	400	200
-1.533961	400	200
-1.499753	400	200
-1.499453	400	200
-1.545535	400	200
-1.551363	400	200
-1.499998	400	200
-1.514527	400	200
-1.496835	400	200
-1.545873	400	200
-1.500665	400	200
-1.500646	400	200
-1.550096	400	200
-1.497163	400	200
-1.500062	400	200
-1.499665	400	200
-1.49844	400	200
-1.499368	400	200
-1.537544	400	200
-1.499501	400	200
-1.498783	400	200
-1.532874	400	200
-1.512819	400	200
-1.49974	400	200
-1.534577	400	200
-1.498656	400	200
-1.503435	400	200
-1.501099	400	200
-1.498689	400	200
-1.552758	400	200
-1.496784	400	200
-1.550326	400	200
-1.499655	400	200
-1.500553	400	200
-1.549744	400	200
-1.499169	400	200
-1.500566	400	200
-1.50417	400	200
-1.561364	400	200
-1.498103	400	200
-1.49889	400	200
-1.508866	400	200
-1.542317	400	200
-1.498656	400	200
-1.499961	400	200
-1.552413	400	200
-1.49261	400	200
-1.52677	400	200
-1.533027	400	200
-1.498902	400	200
-1.499082	400	200
-1.55867	400	200
-1.498848	400	200
-1.512446	400	200
-1.499553	400	200
-1.511326	400	200
-1.541179	400	200
-1.497917	400	200
-1.513512	400	200
-1.521566	400	200
-1.53985	400	200
-1.539726	400	200
-1.557391	400	200
-1.497849	400	200
-1.499087	400	200
-1.53633	400	200
-1.500525	400	200
-1.499523	400	200
-1.499036	400	200
-1.542577	400	200
-1.54957	400	200
-1.495211	400	200
-1.49559	400	200
-1.497346	400	200
-1.497717	400	200
-1.497697	400	200
-1.552673	400	200
-1.550216	400	200
-1.52426	400	200
-1.497845	400	200
-1.541445	400	200
-1.553707	400	200
-1.539768	400	200
-1.499839	400	200
-1.536173	400	200
-1.528897	400	200
-1.498761	400	200
-1.499393	400	200
-1.496638	400	200
-1.49581	400	200
-1.538043	400	200
-1.498913	400	200
-1.499755	400	200
-1.490289	400	200
-1.499021	400	200
-1.544661	400	200
-1.49977	400	200
-1.498643	400	200
-1.498915	400	200
-1.499333	400	200
-1.527706	400	200
-1.485964	400	200
-1.546776	400	200
-1.50369	400	200
-1.498862	400	200
-1.506646	400	200
-1.538598	400	200
-1.499036	400	200
-1.499744	400	200
-1.498446	400	200
-1.499204	400	200
-1.496898	400	200
-1.555805	400	200
-1.498513	400	200
-1.548177	400	200
-1.499821	400	200
-1.495006	400	200
-1.500013	400	200
-1.496308	400	200
-1.499966	400	200
-1.497193	400	200
-1.51162	400	200
-1.500005	400	200
-1.540871	400	200
-1.534956	400	200
-1.49851	400	200
-1.496611	400	200
-1.49616	400	200
-1.499199	400	200
-1.531433	400	200
-1.498279	400	200
-1.499284	400	200
-1.545574	400	200
-1.499361	400	200
-1.500432	400	200
-1.554088	400	200
-1.49889	400	200
-1.518796	400	200
-1.548667	400	200
-1.529518	400	200
-1.499622	400	200
-1.494294	400	200
-1.499952	400	200
-1.499578	400	200
-1.546437	400	200
-1.502642	400	200
-1.544589	400	200
-1.49969	400	200
-1.504286	400	200
-1.543789	400	200
-1.499814	400	200
-1.49228	400	200
-1.542957	400	200
-1.499514	400	200
-1.561011	400	200
-1.552161	400	200
-1.541642	400	200
-1.512701	400	200
-1.498829	400	200
-1.502581	400	200
-1.497279	400	200
-1.500395	400	200
-1.499587	400	200
-1.498893	400	200
-1.49812	400	200
-1.499379	400	200
-1.494163	400	200
-1.495618	400	200
-1.501171	400	200
-1.484938	400	200
-1.529628	400	200
-1.549294	400	200
-1.54992	400	200
-1.499273	400	200
-1.551567	400	200
-1.504661	400	200
-1.499957	400	200
-1.500169	400	200
-1.506421	400	200
-1.544626	400	200
-1.501017	400	200
-1.530638	400	200
-1.526872	400	200
-1.491881	400	200
-1.499106	400	200
-1.515865	400	200
-1.499799	400	200
-1.554766	400	200
-1.498985	400	200
-1.500323	400	200
-1.499503	400	200
-1.498634	400	200
-1.558924	400	200
-1.546884	400	200
-1.539885	400	200
-1.499786	400	200
-1.553401	400	200
-1.502099	400	200
-1.528464	400	200
-1.487007	400	200
-1.499794	400	200
-1.499088	400	200
-1.499582	400	200
-1.496843	400	200
-1.49927	400	200
-1.500112	400	200
-1.49924	400	200
-1.55809	400	200
-1.498162	400	200
-1.496226	400	200
-1.491085	400	200
-1.498999	400	200
-1.551046	400	200
-1.538254	400	200
-1.499631	400	200
-1.499313	400	200
-1.537953	400	200
-1.528905	400	200
-1.545319	400	200
-1.555773	400	200
-1.504051	400	200
-1.500783	400	200
-1.499414	400	200
-1.528789	400	200
-1.498971	400	200
-1.498932	400	200
-1.513152	400	200
-1.499639	400	200
-1.499511	400	200
-1.53677	400	200
-1.535094	400	200
-1.504222	400	200
-1.502929	400	200
-1.536384	400	200
-1.499397	400	200
-1.499292	400	200
-1.500286	400	200
-1.499754	400	200
-1.500451	400	200
-1.499045	400	200
-1.558414	400	200
-1.499613	400	200
-1.544522	400	200
-1.537185	400	200
-1.524383	400	200
-1.541885	400	200
-1.500577	400	200
-1.499805	400	200
-1.557516	400	200
-1.49885	400	200
-1.520063	400	200
-1.531157	400	200
-1.54381	400	200
-1.489436	400	200
-1.50001	400	200
-1.495325	400	200
-1.52204	400	200
-1.50212	400	200
-1.541802	400	200
-1.49782	400	200
-1.501016	400	200
-1.499231	400	200
-1.524504	400	200
-1.497184	400	200
-1.497928	400	200
-1.499756	400	200
-1.49863	400	200
-1.511108	400	200
-1.551454	400	200
-1.523644	400	200
-1.50094	400	200
-1.499466	400	200
-1.506141	400	200
-1.490342	400	200
-1.508493	400	200
-1.538376	400	200
-1.498766	400	200
-1.49889	400	200
-1.539783	400	200
-1.553929	400	200
-1.491848	400	200
-1.499242	400	200
-1.498525	400	200
-1.528854	400	200
-1.499907	400	200
-1.498296	400	200
-1.500027	400	200
-1.500706	400	200
-1.521862	400	200
-1.499731	400	200
-1.507233	400	200
-1.498333	400	200
-1.499697	400	200
-1.498736	400	200
-1.51294	400	200
-1.499318	400	200
-1.498617	400	200
-1.499707	400	200
-1.49946	400	200
-1.542948	400	200
-1.498352	400	200
-1.500256	400	200
-1.49656	400	200
-1.556281	400	200
-1.496068	400	200
-1.499471	400	200
-1.513714	400	200
-1.525595	400	200
-1.529652	400	200
-1.500846	400	200
-1.498092	400	200
-1.551062	400	200
-1.500986	400	200
-1.498378	400	200
-1.537029	400	200
-1.555745	400	200
-1.50701	400	200
-1.510497	400	200
-1.499639	400	200
-1.546463	400	200
-1.490428	400	200
-1.538709	400	200
-1.497075	400	200
-1.499837	400	200
-1.495677	400	200
-1.499625	400	200
-1.514348	400	200
-1.545715	400	200
-1.49874	400	200
-1.548234	400	200
-1.547379	400	200
-1.502258	400	200
-1.489055	400	200
-1.498909	400	200
-1.537863	400	200
-1.531451	400	200
-1.555547	400	200
-1.530058	400	200
-1.524076	400	200
-1.498948	400	200
-1.500461	400	200
-1.554354	400	200
-1.515788	400	200
-1.545885	400	200
-1.524339	400	200
-1.540308	400	200
-1.498535	400	200
-1.548446	400	200
-1.487817	400	200
-1.549832	400	200
-1.498494	400	200
-1.499328	400	200
-1.547832	400	200
-1.498559	400	200
-1.499422	400	200
-1.557665	400	200
-1.533216	400	200
-1.499708	400	200
-1.498887	400	200
-1.498969	400	200
-1.516234	400	200
-1.53945	400	200
-1.508781	400	200
-1.50403	400	200
-1.555003	400	200
-1.499622	400	200
-1.526885	400	200
-1.499782	400	200
-1.505598	400	200
-1.499225	400	200
-1.499985	400	200
-1.497987	400	200
-1.510905	400	200
-1.499064	400	200
-1.499123	400	200
-1.509587	400	200
-1.523834	400	200
-1.498666	400	200
-1.532178	400	200
-1.489261	400	200
-1.501878	400	200
-1.506965	400	200
-1.504316	400	200
-1.500191	400	200
-1.499092	400	200
-1.50059	400	200
-1.544599	400	200
-1.551328	400	200
-1.494064	400	200
-1.520946	400	200
-1.49911	400	200
-1.499777	400	200
-1.499512	400	200
-1.496571	400	200
-1.552338	400	200
-1.507779	400	200
-1.504314	400	200
-1.556432	400	200
-1.51465	400	200
-1.49691	400	200
-1.545069	400	200
-1.499329	400	200
-1.49858	400	200
-1.502439	400	200
-1.498657	400	200
-1.500923	400	200
-1.499348	400	200
-1.498908	400	200
-1.499177	400	200
-1.517007	400	200
-1.542546	400	200
-1.519182	400	200
-1.495285	400	200
-1.494992	400	200
-1.49839	400	200
-1.497471	400	200
-1.530417	400	200
-1.495899	400	200
