-1.562552	109	31
-1.499971	156	31
-1.500284	129	31
-1.562009	73	31
-1.560773	120	31
-1.562491	130	31
-1.500418	148	31
-1.50047	138	31
-1.500736	121	31
-1.500583	115	31
-1.499966	143	31
-1.500138	142	31
-1.562011	76	31
-1.500094	116	31
-1.560297	141	31
-1.506176	108	31
-1.560996	139	31
-1.561804	121	31
-1.499754	137	31
-1.499695	129	31
-1.500779	143	31
-1.500117	128	31
-1.500624	139	31
-1.500355	174	31
-1.500379	171	31
-1.562675	98	31
-1.500378	130	31
-1.561474	99	31
-1.561934	76	31
-1.562169	94	31
-1.500695	140	31
-1.500422	160	31
-1.561466	142	31
-1.500074	136	31
-1.500905	130	31
-1.562106	104	31
-1.56193	125	31
-1.500178	140	31
-1.562182	151	31
-1.500733	147	31
-1.499071	133	31
-1.499866	153	31
-1.56149	89	31
-1.562117	111	31
-1.511245	107	31
-1.50105	129	31
-1.499711	153	31
-1.499824	124	31
-1.500567	106	31
-1.562359	97	31
-1.500167	124	31
-1.562059	140	31
-1.500312	151	31
-1.558697	130	31
-1.501574	135	31
-1.500322	161	31
-1.500373	131	31
-1.562249	127	31
-1.561504	105	31
-1.499187	160	31
-1.500692	143	31
-1.500154	139	31
-1.500243	141	31
-1.500095	132	31
-1.500718	118	31
-1.562177	148	31
-1.500971	150	31
-1.500405	141	31
-1.561044	137	31
-1.562268	105	31
-1.562447	137	31
-1.499219	158	31
-1.501301	136	31
-1.559902	118	31
-1.505869	143	31
-1.500757	125	31
-1.500477	139	31
-1.561834	98	31
-1.500174	135	31
-1.500133	149	31
-1.499841	143	31
-1.56083	121	31
-1.56084	134	31
-1.500212	137	31
-1.500308	125	31
-1.500091	137	31
-1.56296	143	31
-1.501018	116	31
-1.562188	142	31
-1.499337	162	31
-1.562604	109	31
-1.501178	131	31
-1.562122	122	31
-1.500196	171	31
-1.500373	137	31
-1.50277	143	31
-1.56076	154	31
-1.561841	136	31
-1.499779	142	31
-1.561362	125	31
-1.560161	112	31
-1.499819	130	31
-1.559743	138	31
-1.562098	112	31
-1.561019	98	31
-1.500284	167	31
-1.500692	117	31
-1.523831	130	31
-1.500649	145	31
-1.500446	176	31
-1.560629	80	31
-1.561119	126	31
-1.500947	129	31
-1.562384	116	31
-1.561459	108	31
-1.500272	151	31
-1.500703	149	31
-1.561524	108	31
-1.562319	114	31
-1.562579	139	31
-1.499571	124	31
-1.561948	126	31
-1.499782	188	31
-1.562273	112	31
-1.561539	124	31
-1.500054	149	31
-1.561252	109	31
-1.560776	79	31
-1.501161	129	31
-1.56224	83	31
-1.501004	108	31
-1.562107	92	31
-1.562845	103	31
-1.499919	167	31
-1.562905	125	31
-1.500515	148	31
-1.499797	142	31
-1.500614	131	31
-1.500957	163	31
-1.50062	130	31
-1.500317	141	31
-1.500505	140	31
-1.500831	159	31
-1.500203	117	31
-1.561608	115	31
-1.560703	93	31
-1.500279	132	31
-1.50112	126	31
-1.561735	136	31
-1.560513	118	31
-1.562365	121	31
-1.500749	152	31
-1.561436	128	31
-1.562268	96	31
-1.500741	125	31
-1.500058	133	31
-1.561069	125	31
-1.560417	143	31
-1.500645	160	31
-1.499549	155	31
-1.500628	174	31
-1.501018	132	31
-1.500145	149	31
-1.559662	125	31
-1.562397	103	31
-1.500615	131	31
-1.561974	117	31
-1.500945	129	31
-1.500607	134	31
-1.561602	115	31
-1.499639	130	31
-1.500182	140	31
-1.499978	131	31
-1.560967	131	31
-1.561409	94	31
-1.500248	129	31
-1.560824	132	31
-1.499895	113	31
-1.500121	147	31
-1.561759	153	31
-1.562255	124	31
-1.562374	136	31
-1.561416	114	31
-1.500547	155	31
-1.562456	139	31
-1.561486	139	31
-1.561264	102	31
-1.498536	157	31
-1.561714	98	31
-1.499597	142	31
-1.499711	150	31
-1.500227	140	31
-1.499488	121	31
-1.500491	139	31
-1.560295	143	31
-1.560712	103	31
-1.561	124	31
-1.500391	133	31
-1.562072	113	31
-1.562477	116	31
-1.561937	140	31
-1.562705	107	31
-1.500949	127	31
-1.499546	119	31
-1.500321	152	31
-1.50067	130	31
-1.500248	141	31
-1.561649	109	31
-1.561579	127	31
-1.561742	139	31
-1.500031	125	31
-1.561777	138	31
-1.561957	89	31
-1.500279	122	31
-1.561972	97	31
-1.500554	144	31
-1.561876	117	31
-1.499838	137	31
-1.500729	162	31
-1.500663	112	31
-1.558556	117	31
-1.562428	92	31
-1.561112	137	31
-1.500741	141	31
-1.499333	160	31
-1.562819	105	31
-1.560981	104	31
-1.56164	123	31
-1.500292	135	31
-1.50031	143	31
-1.50019	112	31
-1.562282	159	31
-1.562033	86	31
-1.559718	157	31
-1.500465	119	31
-1.500246	158	31
-1.5003	135	31
-1.56118	158	31
-1.561703	114	31
-1.500511	138	31
-1.499951	133	31
-1.499241	136	31
-1.562733	104	31
-1.500511	142	31
-1.561644	111	31
-1.561123	117	31
-1.56108	115	31
-1.562088	119	31
-1.561808	110	31
-1.56252	75	31
-1.561562	107	31
-1.49953	152	31
-1.562367	113	31
-1.561597	140	31
-1.562162	79	31
-1.50061	143	31
-1.500345	130	31
-1.561626	102	31
-1.500478	133	31
-1.56084	130	31
-1.561425	80	31
-1.561511	100	31
-1.499308	154	31
-1.500091	152	31
-1.500742	130	31
-1.500569	130	31
-1.499627	155	31
-1.500898	171	31
-1.562219	151	31
-1.562119	96	31
-1.560946	131	31
-1.562654	122	31
-1.500957	113	31
-1.499303	137	31
-1.562151	91	31
-1.561022	108	31
-1.562165	118	31
-1.561411	102	31
-1.501116	142	31
-1.499891	121	31
-1.500457	155	31
-1.501047	113	31
-1.561612	117	31
-1.500342	143	31
-1.500083	166	31
-1.500203	114	31
-1.500133	116	31
-1.561743	133	31
-1.500934	143	31
-1.499384	151	31
-1.500044	159	31
-1.499678	141	31
-1.562435	86	31
-1.498619	133	31
-1.500421	140	31
-1.49975	132	31
-1.500192	139	31
-1.500387	126	31
-1.562042	121	31
-1.50106	160	31
-1.500792	120	31
-1.500555	121	31
-1.561416	119	31
-1.561019	128	31
-1.56186	120	31
-1.500528	125	31
-1.560286	141	31
-1.499337	139	31
-1.562833	129	31
-1.500497	129	31
-1.56146	119	31
-1.561751	147	31
-1.500876	131	31
-1.56255	137	31
-1.499842	143	31
-1.560148	146	31
-1.499738	137	31
-1.559219	130	31
-1.499099	175	31
-1.500131	130	31
-1.500294	144	31
-1.559715	122	31
-1.500624	116	31
-1.500227	142	31
-1.500087	136	31
-1.500247	129	31
-1.56161	80	31
-1.498215	131	31
-1.499759	138	31
-1.56172	159	31
-1.561578	164	31
-1.562144	118	31
-1.501358	145	31
-1.500519	160	31
-1.500931	150	31
-1.50062	101	31
-1.500341	121	31
-1.562322	122	31
-1.500149	125	31
-1.562384	95	31
-1.499139	152	31
-1.500233	139	31
-1.499791	152	31
-1.560619	115	31
-1.560352	152	31
-1.561403	137	31
-1.50135	120	31
-1.559762	130	31
-1.499994	135	31
-1.560386	129	31
-1.559804	126	31
-1.500793	113	31
-1.499552	134	31
-1.500192	116	31
-1.560961	144	31
-1.560837	98	31
-1.499092	132	31
-1.561719	80	31
-1.500779	144	31
-1.499765	123	31
-1.56158	120	31
-1.499593	137	31
-1.500389	127	31
-1.56077	148	31
-1.561889	130	31
-1.50023	144	31
-1.560604	101	31
-1.56192	103	31
-1.500139	119	31
-1.501243	136	31
-1.500424	144	31
-1.500884	127	31
-1.561723	124	31
-1.561473	116	31
-1.560607	123	31
-1.499991	154	31
-1.500025	148	31
-1.500831	140	31
-1.499978	132	31
-1.559673	118	31
-1.562151	106	31
-1.500596	143	31
-1.562757	161	31
-1.499269	139	31
-1.52355	83	31
-1.500094	148	31
-1.500741	140	31
-1.501305	147	31
-1.500523	145	31
-1.500053	142	31
-1.56181	119	31
-1.500413	128	31
-1.56254	87	31
-1.49996	143	31
-1.561171	158	31
-1.500032	133	31
-1.561918	102	31
-1.500234	121	31
-1.561624	105	31
-1.499643	135	31
-1.500613	152	31
-1.499898	130	31
-1.500799	140	31
-1.499291	155	31
-1.500485	146	31
-1.500592	123	31
-1.561005	107	31
-1.500716	111	31
-1.558925	139	31
-1.499841	155	31
-1.50066	109	31
-1.500837	132	31
-1.50033	131	31
-1.560919	139	31
-1.500396	134	31
-1.562228	80	31
-1.501115	127	31
-1.500139	134	31
-1.500823	133	31
-1.560914	137	31
-1.500512	124	31
-1.500522	140	31
-1.560002	145	31
-1.499183	149	31
-1.561817	105	31
-1.50069	152	31
-1.500018	126	31
-1.50001	125	31
-1.56041	105	31
-1.500833	133	31
-1.500865	113	31
-1.500609	133	31
-1.500588	127	31
-1.500516	140	31
-1.56112	123	31
-1.500302	132	31
-1.501944	128	31
-1.559723	114	31
-1.561429	108	31
-1.500508	120	31
-1.500521	122	31
-1.500168	138	31
-1.560687	133	31
-1.500506	130	31
-1.500043	121	31
-1.56133	133	31
-1.500093	160	31
-1.500651	128	31
-1.561363	94	31
-1.561288	102	31
-1.500236	148	31
-1.499996	141	31
-1.499286	146	31
-1.562416	134	31
-1.559384	109	31
-1.500842	137	31
-1.562493	98	31
-1.500706	144	31
-1.499994	134	31
-1.501274	122	31
-1.500199	147	31
-1.500322	124	31
-1.50001	134	31
-1.500586	142	31
-1.499653	135	31
-1.500331	144	31
-1.562606	144	31
-1.49965	124	31
-1.50028	148	31
-1.500334	144	31
-1.500106	139	31
-1.56157	142	31
-1.562241	118	31
-1.561761	101	31
-1.500611	145	31
-1.499653	141	31
-1.500609	167	31
-1.562543	113	31
-1.499048	135	31
-1.500232	147	31
-1.500402	138	31
-1.562431	131	31
-1.50071	139	31
-1.500427	163	31
-1.560907	131	31
-1.562524	126	31
-1.561468	140	31
-1.561209	174	31
-1.500749	162	31
-1.500559	132	31
-1.500923	151	31
-1.499375	147	31
-1.501211	135	31
-1.500217	141	31
-1.500715	135	31
-1.499935	128	31
-1.500884	122	31
-1.500711	149	31
-1.500467	119	31
-1.500341	140	31
-1.500938	178	31
-1.500514	128	31
-1.561845	105	31
-1.560845	85	31
-1.50019	136	31
-1.56159	106	31
-1.563216	120	31
-1.501196	153	31
-1.500107	134	31
-1.561875	116	31
-1.500778	134	31
-1.499695	153	31
-1.501259	137	31
-1.561895	113	31
-1.500847	123	31
-1.56261	120	31
-1.562373	94	31
-1.562862	102	31
-1.562294	171	31
-1.500712	150	31
-1.500288	163	31
-1.499789	144	31
-1.500751	156	31
-1.500456	137	31
-1.561979	112	31
-1.500385	147	31
-1.558999	136	31
-1.561886	96	31
-1.50099	145	31
-1.561803	73	31
-1.561575	119	31
-1.500883	140	31
-1.500683	146	31
-1.500489	110	31
-1.562284	126	31
-1.56151	102	31
-1.561241	168	31
-1.559766	134	31
-1.501012	137	31
-1.499958	145	31
-1.500676	117	31
-1.561917	101	31
-1.50021	136	31
-1.500456	145	31
-1.501032	134	31
-1.561236	83	31
-1.500634	137	31
-1.500114	133	31
-1.499663	154	31
-1.56044	143	31
-1.500278	117	31
-1.561808	98	31
-1.562028	116	31
-1.499866	148	31
-1.499498	134	31
-1.562062	112	31
-1.561801	153	31
-1.561115	108	31
-1.562921	112	31
-1.561845	144	31
-1.4998	161	31
-1.561764	140	31
-1.500793	137	31
-1.563387	99	31
-1.49936	153	31
-1.562881	127	31
-1.528404	116	31
-1.561843	92	31
-1.561686	102	31
-1.560516	122	31
-1.562109	123	31
-1.562157	104	31
-1.503381	113	31
-1.50083	134	31
-1.556001	160	31
-1.560871	129	31
-1.500192	151	31
-1.499733	160	31
-1.49936	135	31
-1.561926	76	31
-1.500215	150	31
-1.56141	122	31
-1.499735	142	31
-1.499859	142	31
-1.501655	128	31
-1.500634	131	31
-1.561081	111	31
-1.120451	128	31
-1.499722	140	31
-1.500386	134	31
-1.50035	138	31
-1.501608	153	31
-1.499935	163	31
-1.499852	136	31
-1.499918	135	31
-1.562718	111	31
-1.561672	92	31
-1.500205	135	31
-1.561015	139	31
-1.500896	152	31
-1.49961	128	31
-1.561586	82	31
-1.499074	143	31
-1.50003	131	31
-1.501164	127	31
-1.500757	128	31
-1.561957	97	31
-1.500762	168	31
-1.562195	107	31
-1.500579	130	31
-1.540225	167	31
-1.561863	125	31
-1.500936	134	31
-1.500206	135	31
-1.561352	133	31
-1.499702	146	31
-1.559681	152	31
-1.561357	148	31
-1.532789	99	31
-1.562121	135	31
-1.5622	144	31
-1.561619	119	31
-1.500902	118	31
-1.500334	133	31
-1.500793	122	31
-1.561909	95	31
-1.561878	120	31
-1.501177	122	31
-1.561073	90	31
-1.562072	99	31
-1.499644	157	31
-1.562485	114	31
-1.561995	123	31
-1.500196	150	31
-1.500862	178	31
-1.560776	131	31
-1.56115	145	31
-1.562312	98	31
-1.56141	123	31
-1.501001	123	31
-1.500564	154	31
-1.560063	114	31
-1.501101	137	31
-1.511617	106	31
-1.500881	134	31
-1.500681	157	31
-1.498535	157	31
-1.500258	115	31
-1.49987	142	31
-1.500809	137	31
-1.500283	153	31
-1.560156	135	31
-1.56144	97	31
-1.562085	140	31
-1.562024	143	31
-1.56115	133	31
-1.561903	137	31
-1.501086	121	31
-1.500284	126	31
-1.561433	132	31
-1.500746	142	31
-1.5003	130	31
-1.500164	136	31
-1.499884	155	31
-1.562437	91	31
-1.561018	78	31
-1.561652	124	31
-1.562581	115	31
-1.500552	130	31
-1.500266	118	31
-1.500506	125	31
-1.499994	127	31
-1.499975	136	31
-1.500375	125	31
-1.500386	134	31
-1.560917	116	31
-1.500677	106	31
-1.56196	110	31
-1.561028	134	31
-1.500326	141	31
-1.562206	120	31
-1.500203	149	31
-1.56043	134	31
-1.50107	151	31
-1.500735	151	31
-1.5614	127	31
-1.561828	107	31
-1.500343	145	31
-1.500641	151	31
-1.562394	111	31
-1.561702	111	31
-1.562238	82	31
-1.561206	129	31
-1.499827	114	31
-1.562575	129	31
-1.561786	148	31
-1.560593	122	31
-1.499905	150	31
-1.500591	179	31
-1.562067	129	31
-1.562273	67	31
-1.561365	141	31
-1.500388	147	31
-1.500279	134	31
-1.544771	148	31
-1.562129	99	31
-1.501277	151	31
-1.500647	126	31
-1.562546	114	31
-1.561545	122	31
-1.56235	108	31
-1.562018	124	31
-1.50068	132	31
-1.562687	83	31
-1.500622	115	31
-1.499572	141	31
-1.561962	109	31
-1.562444	104	31
-1.562218	115	31
-1.50195	128	31
-1.56301	107	31
-1.561851	137	31
-1.560294	93	31
-1.501075	134	31
-1.562328	104	31
-1.562211	120	31
-1.499625	152	31
-1.500796	147	31
-1.499952	133	31
-1.500104	117	31
-1.500626	157	31
-1.562348	123	31
-1.559893	150	31
-1.500803	137	31
-1.561316	126	31
-1.500044	157	31
-1.500484	137	31
-1.500042	130	31
-1.50005	115	31
-1.499333	125	31
-1.562342	156	31
-1.561916	83	31
-1.50011	132	31
-1.561402	141	31
-1.563057	96	31
-1.499959	139	31
-1.500804	135	31
-1.562516	135	31
-1.500429	159	31
-1.558653	111	31
-1.500515	161	31
-1.500161	129	31
-1.5004	135	31
-1.561401	117	31
-1.560573	128	31
-1.500757	128	31
-1.561879	121	31
-1.561858	87	31
-1.562493	98	31
-1.50062	150	31
-1.499323	145	31
-1.500776	135	31
-1.562043	143	31
-1.500097	151	31
-1.560682	110	31
-1.499132	132	31
-1.499586	133	31
-1.559542	117	31
-1.561744	97	31
-1.561844	135	31
-1.500643	139	31
-1.500777	153	31
-1.498921	120	31
-1.500964	140	31
-1.49989	119	31
-1.49855	138	31
-1.562553	107	31
-1.561317	148	31
-1.499485	146	31
-1.50065	149	31
-1.500586	121	31
-1.50013	153	31
-1.500464	185	31
-1.562366	113	31
-1.50382	150	31
-1.499327	136	31
-1.50016	135	31
-1.500639	130	31
-1.500669	145	31
-1.501168	152	31
-1.500052	130	31
-1.499705	134	31
-1.500261	141	31
-1.562634	93	31
-1.561907	142	31
-1.498985	141	31
-1.561577	113	31
-1.49982	161	31
-1.500794	122	31
-1.500746	146	31
-1.562995	86	31
-1.561195	144	31
-1.562055	105	31
-1.500834	144	31
-1.498752	172	31
-1.561814	121	31
-1.500515	159	31
-1.561283	135	31
-1.561908	118	31
-1.501047	134	31
-1.500265	140	31
-1.561921	134	31
-1.500694	159	31
-1.56208	124	31
-1.500849	149	31
-1.500272	121	31
-1.561247	113	31
-1.561573	125	31
-1.500257	116	31
-1.500146	144	31
-1.500399	163	31
-1.56194	112	31
-1.500493	127	31
-1.499966	129	31
-1.500945	127	31
-1.500456	167	31
-1.562146	127	31
-1.500123	162	31
-1.500236	138	31
-1.499774	135	31
-1.50044	134	31
-1.561746	126	31
-1.560831	88	31
-1.561376	136	31
-1.500644	131	31
-1.562636	114	31
-1.561088	108	31
-1.501346	136	31
-1.50007	144	31
-1.560991	109	31
-1.562214	92	31
-1.562497	94	31
-1.500479	133	31
-1.499648	135	31
-1.499881	151	31
-1.499816	144	31
-1.562694	107	31
-1.500298	120	31
-1.500384	151	31
-1.562275	117	31
-1.500977	141	31
-1.562192	145	31
-1.499848	165	31
-1.500626	136	31
-1.562586	89	31
-1.500774	131	31
-1.56253	116	31
-1.500747	140	31
-1.561884	111	31
-1.561018	152	31
-1.500445	131	31
-1.561163	104	31
-1.500573	148	31
-1.500627	120	31
-1.560438	118	31
-1.500083	137	31
-1.500436	142	31
-1.500418	154	31
-1.50064	131	31
-1.561889	113	31
-1.500775	143	31
-1.561278	121	31
-1.500074	135	31
-1.562289	93	31
-1.500467	130	31
-1.501252	142	31
-1.498863	141	31
-1.50039	147	31
-1.500539	132	31
-1.499444	141	31
-1.499522	113	31
-1.500603	125	31
-1.500097	127	31
-1.562331	116	31
-1.500701	136	31
-1.500638	117	31
-1.500659	131	31
-1.499828	147	31
-1.501199	159	31
-1.562078	127	31
-1.502692	142	31
-1.501187	117	31
-1.500442	125	31
-1.499456	177	31
-1.56269	108	31
-1.500908	136	31
-1.499654	151	31
-1.562303	95	31
-1.50288	134	31
-1.561609	146	31
-1.560826	112	31
-1.500761	142	31
-1.500879	139	31
-1.500267	155	31
-1.500823	112	31
-1.502498	151	31
-1.500896	128	31
-1.499715	142	31
-1.560637	141	31
-1.562008	101	31
-1.562154	98	31
-1.499572	134	31
-1.562582	141	31
-1.561898	134	31
-1.499127	155	31
-1.500251	151	31
-1.562393	106	31
-1.515902	135	31
-1.561678	103	31
-1.500566	127	31
-1.49988	150	31
-1.500006	136	31
-1.559176	117	31
-1.561859	117	31
-1.562088	98	31
-1.56124	141	31
-1.50067	149	31
-1.500419	122	31
-1.500233	132	31
-1.499267	141	31
-1.499616	130	31
-1.500497	158	31
-1.500454	155	31
-1.560418	82	31
-1.562244	85	31
-1.56125	125	31
-1.562305	98	31
-1.500316	134	31
-1.500783	131	31
-1.561742	119	31
-1.500342	126	31
-1.500614	135	31
-1.562189	120	31
-1.560987	114	31
-1.562037	121	31
-1.500266	118	31
-1.561016	116	31
-1.562845	91	31
-1.562952	139	31
-1.501248	141	31
-1.500382	140	31
-1.499993	128	31
-1.501113	134	31
-1.500567	143	31
-1.500731	151	31
-1.501618	136	31
-1.499958	129	31
-1.50037	147	31
-1.562948	119	31
-1.56051	158	31
-1.562399	113	31
-1.562417	95	31
-1.560748	97	31
-1.501008	140	31
-1.562236	122	31
-1.560768	125	31
-1.500333	139	31
-1.500756	143	31
-1.500382	147	31
-1.560845	124	31
-1.562101	121	31
-1.49985	157	31
-1.561414	129	31
-1.561913	119	31
-1.55928	103	31
-1.49907	146	31
-1.50096	136	31
-1.562518	100	31
-1.500805	155	31
-1.500662	130	31
-1.562819	87	31
-1.499865	142	31
-1.560818	155	31
-1.501004	137	31
-1.500598	130	31
-1.500618	145	31
-1.500315	153	31
-1.561919	136	31
-1.500483	171	31
-1.500072	126	31
-1.562435	79	31
-1.56195	127	31
-1.562228	92	31
-1.499844	136	31
-1.500606	128	31
-1.499617	149	31
-1.500451	126	31
-1.562393	125	31
-1.500668	152	31
-1.500452	115	31
-1.499736	167	31
-1.562202	147	31
-1.500902	137	31
-1.500551	121	31
-1.500969	141	31
-1.500419	131	31
-1.5009	133	31
-1.499609	156	31
-1.561901	108	31
-1.501575	160	31
-1.500648	146	31
-1.500216	156	31
-1.561632	102	31
-1.562209	137	31
-1.500043	141	31
-1.562381	109	31
-1.561081	114	31
-1.56097	142	31
-1.500431	118	31
-1.500163	111	31
-1.560998	131	31
-1.500164	146	31
-1.561608	87	31
-1.499892	152	31
-1.562266	112	31
-1.500742	131	31
-1.562004	90	31
-1.499668	149	31
-1.562439	136	31
-1.499473	149	31
-1.500635	151	31
-1.562229	91	31
-1.561019	126	31
-1.562132	136	31
-1.500388	140	31
-1.561582	93	31
-1.561157	125	31
-1.499974	130	31
-1.500911	141	31
-1.500642	147	31
-1.562324	108	31
-1.500183	136	31
-1.562574	114	31
-1.500377	141	31
-1.562126	101	31
-1.561506	153	31
-1.56198	87	31
-1.500179	128	31
-1.501293	145	31
-1.562781	103	31
-1.499986	140	31
-1.500767	148	31
-1.56205	106	31
-1.500098	131	31
-1.500428	137	31
-1.560576	83	31
-1.56187	112	31
-1.500223	114	31
-1.49948	137	31
-1.502396	146	31
-1.499188	164	31
-1.56233	136	31
-1.499741	110	31
-1.50053	139	31
-1.56136	112	31
-1.500487	119	31
-1.499336	147	31
-1.500911	146	31
-1.500718	127	31
-1.561824	129	31
-1.560972	97	31
-1.500533	136	31
-1.562002	64	31
-1.500515	118	31
-1.500425	121	31
-1.562557	100	31
-1.561676	107	31
-1.5616	119	31
-1.500039	139	31
-1.561875	144	31
-1.49974	127	31
-1.559407	115	31
-1.500289	147	31
-1.500764	139	31
-1.500327	119	31
-1.499982	113	31
-1.562096	138	31
-1.499598	149	31
-1.500514	132	31
-1.499955	161	31
-1.499759	123	31
-1.50031	137	31
-1.500052	150	31
-1.501251	164	31
-1.502105	125	31
-1.562248	102	31
-1.50069	138	31
-1.500231	142	31
-1.560812	112	31
-1.499315	139	31
-1.499361	140	31
-1.50126	153	31
-1.560247	73	31
-1.499077	147	31
-1.500055	146	31
-1.49948	143	31
-1.500196	144	31
-1.500378	112	31
-1.560891	116	31
-1.561723	106	31
-1.561921	132	31
-1.561177	135	31
-1.500489	132	31
-1.500824	115	31
-1.50018	150	31
-1.561811	103	31
-1.561461	124	31
-1.500572	153	31
-1.562175	123	31
-1.562349	129	31
-1.562203	139	31
-1.500609	146	31
-1.500089	127	31
-1.50024	139	31
-1.561627	131	31
-1.499414	168	31
-1.500808	135	31
-1.499779	145	31
-1.500891	131	31
-1.561448	118	31
-1.500651	135	31
-1.500411	145	31
-1.499323	134	31
-1.56079	124	31
-1.499106	147	31
-1.500544	138	31
-1.56295	117	31
-1.562083	108	31
-1.562068	99	31
-1.562248	130	31
-1.562064	87	31
-1.562807	120	31
-1.499684	171	31
-1.561809	104	31
-1.500245	178	31
-1.500052	128	31
-1.561852	127	31
-1.500174	136	31
-1.500731	146	31
-1.561283	144	31
-1.561587	155	31
-1.499513	174	31
-1.56192	95	31
-1.5013	145	31
-1.562234	111	31
-1.50004	133	31
-1.500301	139	31
-1.563746	107	31
-1.561057	86	31
-1.501118	135	31
-1.561495	71	31
-1.499888	139	31
-1.500436	129	31
-1.499412	128	31
-1.562145	85	31
-1.562257	100	31
-1.561518	138	31
-1.561708	109	31
-1.56258	68	31
-1.561648	114	31
-1.562218	100	31
-1.562956	102	31
-1.562092	111	31
-1.561823	126	31
-1.500366	128	31
-1.500338	126	31
-1.500597	149	31
-1.499608	140	31
-1.562949	103	31
-1.560641	118	31
-1.562219	138	31
-1.562061	121	31
-1.500665	163	31
-1.561461	95	31
-1.500326	133	31
-1.499909	139	31
-1.50002	149	31
-1.5622	108	31
-1.561348	126	31
-1.561105	141	31
-1.561425	138	31
-1.500833	112	31
-1.560988	148	31
-1.500239	157	31
-1.501279	119	31
-1.562224	83	31
-1.561653	138	31
-1.50084	149	31
-1.560836	149	31
-1.562242	69	31
-1.562563	90	31
-1.56194	83	31
-1.500524	133	31
-1.499924	138	31
-1.56126	134	31
-1.500736	127	31
-1.562242	128	31
-1.499899	146	31
-1.500987	134	31
-1.500746	118	31
-1.561413	144	31
-1.561853	92	31
-1.500009	129	31
-1.499395	194	31
-1.501136	124	31
-1.500356	160	31
-1.562756	107	31
-1.499718	155	31
-1.49976	126	31
-1.499754	130	31
-1.562245	118	31
-1.500469	134	31
-1.49997	108	31
-1.500743	121	31
-1.50047	160	31
-1.500902	164	31
-1.500044	113	31
-1.561789	102	31
-1.500342	127	31
-1.562116	142	31
-1.500651	124	31
-1.500561	130	31
-1.524043	82	31
-1.499033	127	31
-1.561782	112	31
-1.500175	147	31
-1.499665	162	31
-1.562176	145	31
-1.561911	117	31
-1.500054	134	31
-1.500674	148	31
-1.562172	127	31
-1.55917	111	31
-1.56239	125	31
-1.498436	145	31
-1.499993	114	31
-1.500866	160	31
-1.499729	119	31
-1.56216	108	31
-1.560814	106	31
-1.560565	119	31
-1.500913	137	31
-1.499558	116	31
-1.562872	115	31
-1.562566	89	31
-1.561745	139	31
-1.500627	148	31
-1.49901	159	31
-1.49966	150	31
-1.499736	139	31
-1.561074	114	31
-1.562357	117	31
-1.561776	115	31
-1.562717	92	31
-1.500097	128	31
-1.5611	123	31
-1.49956	148	31
-1.501387	133	31
-1.562575	138	31
-1.501008	144	31
-1.562446	112	31
-1.563385	122	31
-1.562368	123	31
-1.561386	104	31
-1.562025	119	31
-1.499955	156	31
-1.499739	139	31
-1.561479	122	31
-1.499706	177	31
-1.500424	145	31
-1.559827	146	31
-1.499854	139	31
-1.499487	144	31
-1.561849	131	31
-1.500106	123	31
-1.500158	138	31
-1.562259	101	31
-1.561429	120	31
-1.50003	132	31
-1.561903	115	31
-1.500214	148	31
-1.499646	132	31
-1.561974	96	31
-1.499882	139	31
-1.500818	152	31
-1.559216	149	31
-1.561972	108	31
-1.561432	91	31
-1.50041	122	31
-1.560514	133	31
-1.500505	117	31
-1.499594	148	31
-1.500814	126	31
-1.500321	155	31
-1.500295	129	31
-1.562266	80	31
-1.50066	140	31
-1.500724	128	31
-1.56152	122	31
-1.561547	131	31
-1.500395	118	31
-1.499008	138	31
-1.49948	129	31
-1.561389	138	31
-1.500755	131	31
-1.500854	145	31
-1.500788	117	31
-1.500122	149	31
-1.500108	139	31
-1.500315	142	31
-1.499668	141	31
-1.499119	143	31
-1.561781	105	31
-1.561139	80	31
-1.499607	166	31
-1.500866	154	31
-1.561828	106	31
-1.56155	112	31
-1.499579	141	31
-1.561585	85	31
-1.499426	135	31
-1.562336	125	31
-1.559823	93	31
-1.560911	127	31
-1.498076	145	31
-1.561311	105	31
-1.561846	127	31
-1.500957	129	31
-1.562239	148	31
-1.562477	124	31
-1.563367	122	31
-1.49926	147	31
-1.562362	108	31
-1.499602	164	31
-1.500747	129	31
-1.500557	127	31
-1.500925	143	31
-1.500141	142	31
-1.499917	158	31
-1.500892	133	31
-1.50063	153	31
-1.500184	163	31
-1.499636	151	31
-1.500125	148	31
-1.501241	142	31
-1.562089	101	31
-1.561266	83	31
-1.501157	142	31
-1.561656	93	31
-1.499537	128	31
-1.500195	150	31
-1.500457	148	31
-1.500645	130	31
-1.499945	149	31
-1.561417	117	31
-1.499674	150	31
-1.499695	139	31
-1.501038	134	31
-1.500212	156	31
-1.501233	126	31
-1.562307	132	31
-1.561356	118	31
-1.559344	131	31
-1.561215	137	31
-1.561788	128	31
-1.501261	158	31
-1.516014	96	31
-1.56205	129	31
-1.56128	124	31
-1.500401	140	31
-1.561676	102	31
-1.500391	117	31
-1.562037	102	31
-1.55933	118	31
-1.49998	125	31
-1.562572	129	31
-1.500687	129	31
-1.500314	113	31
-1.562266	109	31
-1.501288	139	31
-1.562617	147	31
-1.499882	138	31
-1.500575	140	31
-1.562515	107	31
-1.500333	130	31
-1.499857	137	31
-1.500164	153	31
-1.500257	129	31
-1.499974	169	31
-1.50045	137	31
-1.500252	101	31
-1.499771	132	31
-1.499299	159	31
-1.50014	146	31
-1.562115	140	31
-1.501751	135	31
-1.499635	137	31
-1.561464	107	31
-1.563076	116	31
-1.500556	121	31
-1.500455	133	31
-1.500251	127	31
-1.5623	95	31
-1.499156	140	31
-1.499916	138	31
-1.501208	142	31
-1.500063	164	31
-1.500771	159	31
-1.500645	136	31
-1.56174	128	31
-1.500895	117	31
-1.500473	158	31
-1.562376	106	31
-1.562865	134	31
-1.500708	144	31
-1.50048	153	31
-1.56244	91	31
-1.56099	95	31
-1.500821	138	31
-1.562043	61	31
-1.50052	154	31
-1.560595	127	31
-1.501219	146	31
-1.562383	116	31
-1.561291	157	31
-1.501148	149	31
-1.500499	155	31
-1.499896	129	31
-1.500744	150	31
-1.560923	114	31
-1.50022	138	31
-1.499728	132	31
-1.513384	113	31
-1.501003	163	31
-1.500295	124	31
-1.561627	98	31
-1.562224	97	31
-1.559933	134	31
-1.561931	89	31
-1.50047	153	31
-1.500421	161	31
-1.556887	118	31
-1.4997	156	31
-1.562976	94	31
-1.561647	101	31
-1.50032	116	31
-1.503768	139	31
-1.561815	142	31
-1.499664	140	31
-1.500822	121	31
-1.503217	141	31
-1.560159	133	31
-1.500017	151	31
-1.501204	150	31
-1.562649	104	31
-1.561561	138	31
-1.500102	125	31
-1.500636	145	31
-1.500784	123	31
-1.500245	134	31
-1.500127	118	31
-1.562482	156	31
-1.500905	155	31
-1.500068	127	31
-1.561711	81	31
-1.500407	139	31
-1.500556	153	31
-1.500949	140	31
-1.500469	132	31
-1.562632	105	31
-1.56237	115	31
-1.500816	134	31
-1.499993	137	31
-1.49991	116	31
-1.562565	120	31
-1.562519	111	31
-1.500991	117	31
-1.559555	144	31
-1.562628	88	31
-1.499829	133	31
-1.500354	126	31
-1.500205	144	31
-1.56118	122	31
-1.562114	121	31
-1.560977	136	31
-1.560152	126	31
-1.500807	141	31
-1.562454	110	31
-1.561917	103	31
-1.562449	135	31
-1.500082	143	31
-1.561779	104	31
-1.499902	156	31
-1.561117	133	31
-1.50043	113	31
-1.562273	101	31
-1.562367	112	31
-1.56152	116	31
-1.500586	137	31
-1.499362	122	31
-1.499739	133	31
-1.500335	154	31
-1.560611	131	31
-1.563365	115	31
-1.561762	117	31
-1.49995	131	31
-1.56058	118	31
-1.499559	130	31
-1.561607	87	31
-1.562584	131	31
-1.561372	105	31
-1.499695	142	31
-1.500823	130	31
-1.500287	121	31
-1.500311	151	31
-1.50023	122	31
-1.525558	145	31
-1.49931	125	31
-1.500931	127	31
-1.50125	112	31
-1.561442	141	31
-1.500306	138	31
-1.51347	114	31
-1.499692	163	31
-1.500838	149	31
-1.499725	134	31
-1.562543	167	31
-1.500387	127	31
-1.559246	123	31
-1.561263	136	31
-1.561849	143	31
-1.500943	156	31
-1.562209	129	31
-1.500419	165	31
-1.560797	132	31
-1.561025	143	31
-1.500544	133	31
-1.500072	117	31
-1.561892	82	31
-1.561133	100	31
-1.500308	138	31
-1.500336	154	31
-1.50077	141	31
-1.499761	129	31
-1.500185	142	31
-1.562454	111	31
-1.500264	135	31
-1.560533	147	31
-1.562399	95	31
-1.562115	121	31
-1.500516	112	31
-1.561976	114	31
-1.500566	127	31
-1.500588	137	31
-1.560025	126	31
-1.561808	103	31
-1.561776	114	31
-1.561374	119	31
-1.50073	141	31
-1.562342	152	31
-1.500714	148	31
-1.500232	127	31
-1.561274	113	31
-1.528434	128	31
-1.500815	133	31
-1.499734	120	31
-1.500703	150	31
-1.500786	141	31
-1.561664	112	31
-1.560437	130	31
-1.498923	162	31
-1.562012	114	31
-1.562899	114	31
-1.500703	136	31
-1.50087	126	31
-1.499605	122	31
-1.500465	124	31
-1.561858	91	31
-1.500683	129	31
-1.500368	148	31
-1.500447	125	31
-1.560598	131	31
-1.499737	130	31
-1.500705	137	31
-1.499371	128	31
-1.560724	136	31
-1.561262	113	31
-1.500476	110	31
-1.562392	137	31
-1.500049	131	31
-1.500968	135	31
-1.561002	126	31
-1.500144	145	31
-1.500712	143	31
-1.500512	154	31
-1.500767	127	31
-1.561313	125	31
-1.501243	140	31
-1.500509	128	31
-1.500575	150	31
-1.563206	121	31
-1.500506	150	31
-1.501065	163	31
-1.500902	140	31
-1.500274	137	31
-1.501408	138	31
-1.500412	122	31
-1.49892	146	31
-1.499979	151	31
-1.561535	116	31
-1.500658	119	31
-1.499455	151	31
-1.562138	150	31
-1.560134	120	31
-1.500683	141	31
-1.562375	116	31
-1.501343	159	31
-1.562466	118	31
-1.56147	129	31
-1.560284	172	31
-1.500134	117	31
-1.562546	135	31
-1.562314	116	31
-1.561028	117	31
-1.56101	126	31
-1.500633	113	31
-1.499743	158	31
-1.561776	95	31
-1.562231	104	31
-1.500359	139	31
-1.560707	129	31
-1.50081	141	31
-1.500851	144	31
-1.555064	158	31
-1.500066	149	31
-1.562604	116	31
-1.499953	139	31
-1.561729	111	31
-1.562728	116	31
-1.561245	118	31
-1.500387	132	31
-1.500957	137	31
-1.562429	114	31
-1.500742	122	31
-1.561773	122	31
-1.560743	134	31
-1.560844	130	31
-1.500074	117	31
-1.562306	88	31
-1.561395	133	31
-1.499605	136	31
-1.561963	92	31
-1.561881	96	31
-1.500023	133	31
-1.561874	83	31
-1.500628	138	31
-1.498796	144	31
-1.499843	173	31
-1.562855	99	31
-1.499933	145	31
-1.500109	128	31
-1.560843	89	31
-1.500039	118	31
-1.500691	136	31
-1.56274	72	31
-1.500483	137	31
-1.500797	138	31
-1.562032	120	31
-1.56189	92	31
-1.500185	148	31
-1.561954	121	31
-1.560808	144	31
-1.562766	151	31
-1.499878	142	31
-1.500344	139	31
-1.561248	109	31
-1.562152	133	31
-1.500453	144	31
-1.501188	169	31
-1.500894	134	31
-1.499379	157	31
-1.561648	119	31
-1.557081	156	31
-1.50037	166	31
-1.500302	138	31
-1.499894	173	31
-1.562268	131	31
-1.561302	128	31
-1.56161	114	31
-1.500705	121	31
-1.500352	132	31
-1.50045	120	31
-1.50014	133	31
-1.561691	105	31
-1.562064	111	31
-1.562026	145	31
-1.561	117	31
-1.55918	137	31
-1.560704	72	31
-1.500622	130	31
-1.499459	159	31
-1.562638	120	31
-1.560118	133	31
-1.561962	112	31
-1.500381	134	31
-1.500135	141	31
-1.563243	121	31
-1.562496	74	31
-1.562541	114	31
-1.560378	133	31
-1.499831	134	31
-1.561129	127	31
-1.529491	93	31
-1.501169	155	31
-1.561971	152	31
-1.562383	122	31
-1.500196	116	31
-1.561435	155	31
-1.500787	162	31
-1.562476	97	31
-1.561639	110	31
-1.499569	126	31
-1.500896	127	31
-1.500389	155	31
-1.500037	145	31
-1.500316	139	31
-1.500802	137	31
-1.561795	105	31
-1.563183	93	31
-1.56216	119	31
-1.500185	130	31
-1.562131	153	31
-1.500018	162	31
-1.56094	111	31
-1.500451	141	31
-1.500699	120	31
-1.563328	109	31
-1.500925	147	31
-1.560878	100	31
-1.499761	142	31
-1.500486	127	31
-1.501003	124	31
-1.561975	119	31
-1.501262	120	31
-1.560338	103	31
-1.561405	124	31
-1.562444	100	31
-1.50047	152	31
-1.499712	166	31
-1.500741	143	31
-1.500468	141	31
-1.50005	178	31
-1.562059	88	31
-1.562359	132	31
-1.561267	79	31
-1.562051	109	31
-1.562535	121	31
-1.56209	81	31
-1.500793	145	31
-1.501336	134	31
-1.500076	142	31
-1.561992	132	31
-1.500152	126	31
-1.560192	146	31
-1.500658	149	31
-1.500264	146	31
-1.500149	128	31
-1.562296	139	31
-1.562179	101	31
-1.49992	140	31
-1.499668	140	31
-1.500744	153	31
-1.562226	97	31
-1.500834	153	31
-1.500086	118	31
-1.500074	129	31
-1.50052	168	31
-1.560366	103	31
-1.500603	131	31
-1.500702	135	31
-1.561937	139	31
-1.562245	129	31
-1.500282	150	31
-1.500418	127	31
-1.500221	155	31
-1.501817	142	31
-1.500367	122	31
-1.561714	86	31
-1.500178	149	31
-1.562036	113	31
-1.500967	118	31
-1.500771	109	31
-1.561387	97	31
-1.500708	143	31
-1.500616	150	31
-1.560516	132	31
-1.500264	165	31
-1.500645	145	31
-1.562363	119	31
-1.500212	141	31
-1.500617	125	31
-1.501028	133	31
-1.499998	147	31
-1.561428	135	31
-1.500535	132	31
-1.561466	147	31
-1.500661	145	31
-1.499958	188	31
-1.500385	135	31
-1.499616	131	31
-1.500399	133	31
-1.499957	135	31
-1.499935	138	31
-1.499016	166	31
-1.562506	114	31
-1.56058	130	31
-1.561393	115	31
-1.561781	128	31
-1.55681	97	31
-1.501298	106	31
-1.502285	144	31
-1.500543	112	31
-1.500087	114	31
-1.561364	96	31
-1.500961	142	31
-1.501279	124	31
-1.514303	106	31
-1.5611	107	31
-1.500586	135	31
-1.500202	155	31
-1.500488	150	31
-1.562354	120	31
-1.561268	157	31
-1.562019	104	31
-1.5618	98	31
-1.561585	110	31
-1.561337	117	31
-1.499674	154	31
-1.560488	82	31
-1.499926	125	31
-1.500823	132	31
-1.499841	164	31
-1.504146	112	31
-1.500125	140	31
-1.500439	125	31
-1.500587	122	31
-1.5599	138	31
-1.56218	128	31
-1.561957	151	31
-1.500487	156	31
-1.499698	152	31
-1.501213	139	31
-1.561112	115	31
-1.561927	133	31
-1.500112	138	31
-1.500911	114	31
-1.500023	176	31
-1.561636	132	31
-1.500143	161	31
-1.56131	105	31
-1.500468	135	31
-1.499227	146	31
-1.500636	130	31
-1.500566	132	31
-1.562005	102	31
-1.500974	152	31
-1.4999	136	31
-1.49937	148	31
-1.49998	115	31
-1.500798	112	31
-1.500101	116	31
-1.4996	131	31
-1.562071	148	31
-1.560578	143	31
-1.500426	149	31
-1.561378	150	31
-1.561271	114	31
-1.561349	106	31
-1.562128	106	31
-1.562242	123	31
-1.500683	158	31
-1.56221	141	31
-1.499386	174	31
-1.562077	105	31
-1.562272	76	31
-1.499872	99	31
-1.501103	160	31
-1.561922	104	31
-1.562997	122	31
-1.500418	152	31
-1.56238	119	31
-1.500543	131	31
-1.561395	136	31
-1.500715	123	31
-1.561493	138	31
-1.561782	110	31
-1.500472	177	31
-1.500855	144	31
-1.562967	131	31
-1.56259	120	31
-1.562374	88	31
-1.500879	142	31
-1.563062	79	31
-1.561594	127	31
-1.499753	133	31
-1.562884	127	31
-1.561572	89	31
-1.56174	96	31
-1.500862	139	31
-1.501493	131	31
-1.500596	120	31
-1.501048	115	31
-1.560849	77	31
-1.56108	117	31
-1.500086	132	31
-1.56161	114	31
-1.50003	132	31
-1.50072	128	31
-1.500163	171	31
-1.500731	145	31
-1.501221	126	31
-1.500608	123	31
-1.558388	105	31
-1.499415	153	31
-1.562444	119	31
-1.562355	113	31
-1.562503	120	31
-1.500018	136	31
-1.562638	91	31
-1.500637	144	31
-1.500465	138	31
-1.500615	141	31
-1.562293	141	31
-1.500952	120	31
-1.499906	137	31
-1.500043	126	31
-1.500645	174	31
-1.540288	94	31
-1.499786	121	31
-1.499923	151	31
-1.561931	142	31
-1.500966	111	31
-1.500353	144	31
-1.49985	138	31
-1.561693	115	31
-1.561147	138	31
-1.500798	133	31
-1.561197	133	31
-1.500377	127	31
-1.561755	120	31
-1.500914	154	31
-1.561417	146	31
-1.501153	132	31
-1.499951	127	31
-1.500111	130	31
-1.502315	115	31
-1.560123	104	31
-1.499512	130	31
-1.500508	140	31
-1.5596	101	31
-1.562017	107	31
-1.500028	147	31
-1.562792	129	31
-1.500249	141	31
-1.50046	144	31
-1.499884	123	31
-1.499758	143	31
-1.499978	168	31
-1.560975	104	31
-1.562403	122	31
-1.504469	140	31
-1.500821	143	31
-1.499539	137	31
-1.499539	157	31
-1.555879	134	31
-1.562327	139	31
-1.499251	163	31
-1.562599	137	31
-1.561868	95	31
-1.500443	141	31
-1.529334	102	31
-1.501782	114	31
-1.562478	130	31
-1.561359	144	31
-1.500624	135	31
-1.562338	110	31
-1.561463	155	31
-1.499907	146	31
-1.527667	135	31
-1.499669	121	31
-1.562344	116	31
-1.500811	146	31
-1.561711	118	31
-1.56161	126	31
-1.500463	143	31
-1.562659	147	31
-1.561682	121	31
-1.562157	89	31
-1.500248	122	31
-1.499135	151	31
-1.500055	122	31
-1.500152	149	31
-1.561308	100	31
-1.501255	139	31
-1.500477	129	31
-1.500892	132	31
-1.500282	146	31
-1.500004	142	31
-1.561777	102	31
-1.499992	140	31
-1.500195	145	31
-1.5004	136	31
-1.500256	137	31
-1.500935	129	31
-1.561548	114	31
-1.500671	145	31
-1.562114	134	31
-1.500643	125	31
-1.500253	135	31
-1.49985	131	31
-1.499798	155	31
-1.56277	105	31
-1.561609	120	31
-1.500269	146	31
-1.50076	137	31
-1.499764	160	31
-1.501026	135	31
-1.561271	109	31
-1.562224	122	31
-1.500255	142	31
-1.499832	141	31
-1.500189	162	31
-1.501311	143	31
-1.561331	117	31
-1.500512	172	31
-1.562806	104	31
-1.500322	154	31
-1.500281	140	31
-1.562195	122	31
-1.501462	144	31
-1.500586	118	31
-1.56243	92	31
-1.500509	140	31
-1.500343	116	31
-1.500816	142	31
-1.499654	131	31
-1.56221	153	31
-1.500302	128	31
-1.501295	154	31
-1.562669	100	31
-1.500553	134	31
-1.498808	140	31
-1.499845	149	31
-1.500581	131	31
-1.499611	125	31
-1.560098	145	31
-1.560246	130	31
-1.561655	107	31
-1.561767	130	31
-1.500545	163	31
-1.500651	156	31
-1.562384	103	31
-1.56158	140	31
-1.499516	146	31
-1.500158	141	31
-1.560896	140	31
-1.561258	118	31
-1.500682	130	31
-1.500318	114	31
-1.499976	125	31
-1.56191	121	31
-1.501935	143	31
-1.500447	159	31
-1.500557	171	31
-1.561755	117	31
-1.500284	122	31
-1.56242	121	31
-1.563145	112	31
-1.500783	125	31
-1.499624	159	31
-1.500177	139	31
-1.562709	109	31
-1.56189	124	31
-1.499652	131	31
-1.562209	119	31
-1.500731	147	31
-1.560621	149	31
-1.560107	125	31
-1.500787	145	31
-1.56209	115	31
-1.500723	134	31
-1.500522	122	31
-1.562567	130	31
-1.500992	156	31
-1.562613	101	31
-1.500335	151	31
-1.562186	132	31
-1.562208	117	31
-1.562502	107	31
-1.500353	136	31
-1.500613	153	31
-1.500459	129	31
-1.56057	138	31
-1.500039	144	31
-1.500798	121	31
-1.562803	129	31
-1.500138	125	31
-1.500973	122	31
-1.500934	133	31
-1.562422	118	31
-1.499936	130	31
-1.560943	110	31
-1.561994	107	31
-1.561565	115	31
-1.500458	131	31
-1.561712	137	31
-1.500514	149	31
-1.500458	127	31
-1.562413	111	31
-1.561357	141	31
-1.499926	126	31
-1.562158	120	31
-1.500307	109	31
-1.499761	150	31
-1.5003	119	31
-1.560915	146	31
-1.56239	103	31
-1.499788	154	31
-1.499937	130	31
-1.562156	139	31
-1.501025	159	31
-1.502325	130	31
-1.50012	129	31
-1.500384	138	31
-1.500764	154	31
-1.500556	154	31
-1.500763	135	31
-1.500456	125	31
-1.500725	155	31
-1.56196	107	31
-1.501229	142	31
-1.560799	122	31
-1.498703	144	31
-1.500262	122	31
-1.560485	108	31
-1.500643	142	31
-1.561803	101	31
-1.500674	142	31
-1.500638	123	31
-1.561171	122	31
-1.56107	117	31
-1.500553	150	31
-1.500352	136	31
-1.500049	161	31
-1.561738	66	31
-1.499739	143	31
-1.56279	85	31
-1.562726	92	31
-1.499761	136	31
-1.499527	152	31
-1.500997	114	31
-1.501154	120	31
-1.500471	143	31
-1.561588	104	31
-1.500024	136	31
-1.500406	143	31
-1.500624	131	31
-1.562035	98	31
-1.500729	133	31
-1.562657	69	31
-1.500758	146	31
-1.500189	140	31
-1.560617	139	31
-1.500958	151	31
-1.561234	106	31
-1.562139	116	31
-1.500147	131	31
-1.561531	130	31
-1.561552	139	31
-1.500548	136	31
-1.562174	91	31
-1.500617	138	31
-1.500745	126	31
-1.560473	121	31
-1.49915	158	31
-1.561053	119	31
-1.562488	111	31
-1.501063	145	31
-1.500857	127	31
-1.500825	127	31
-1.500792	132	31
-1.500684	120	31
-1.560732	87	31
-1.561695	138	31
-1.562154	120	31
-1.56146	117	31
-1.559556	121	31
-1.56194	141	31
-1.561743	92	31
-1.500336	121	31
-1.561981	114	31
-1.500854	142	31
-1.56103	128	31
-1.501147	156	31
-1.562446	128	31
-1.56216	129	31
-1.499858	127	31
-1.501225	133	31
-1.560924	122	31
-1.500296	140	31
-1.50035	146	31
-1.500427	151	31
-1.501174	121	31
-1.500219	138	31
-1.500536	134	31
-1.500511	127	31
-1.500023	152	31
-1.562437	116	31
-1.499688	164	31
-1.500916	115	31
-1.561552	133	31
-1.562327	156	31
-1.500685	149	31
-1.560782	110	31
-1.562365	98	31
-1.501268	119	31
-1.562429	142	31
-1.50058	138	31
-1.500107	112	31
-1.561318	101	31
-1.562637	122	31
-1.500308	118	31
-1.560259	101	31
-1.561345	120	31
-1.499966	145	31
-1.562269	88	31
-1.499465	137	31
-1.500793	161	31
-1.500242	161	31
-1.499736	136	31
-1.563026	120	31
-1.500758	143	31
-1.500632	159	31
-1.500774	126	31
-1.499626	141	31
-1.562428	129	31
-1.499554	135	31
-1.500502	117	31
-1.49916	119	31
-1.561528	153	31
-1.560071	99	31
-1.500747	136	31
-1.562346	99	31
-1.501134	135	31
-1.49919	125	31
-1.500163	138	31
-1.50531	126	31
-1.561577	124	31
-1.500309	145	31
-1.500758	133	31
-1.499817	146	31
-1.500336	139	31
-1.499327	143	31
-1.558577	116	31
-1.561909	129	31
-1.561942	114	31
-1.561488	126	31
-1.501092	140	31
-1.499788	129	31
-1.500155	157	31
-1.501295	140	31
-1.500001	154	31
-1.500278	138	31
-1.499933	134	31
-1.500773	124	31
-1.500211	120	31
-1.500565	140	31
-1.502976	127	31
-1.562287	125	31
-1.500258	127	31
-1.561939	127	31
-1.499611	129	31
-1.500058	131	31
-1.500047	153	31
-1.500229	143	31
-1.500898	166	31
-1.500287	137	31
-1.514083	122	31
-1.500649	128	31
-1.499838	118	31
-1.500721	126	31
-1.500587	150	31
-1.561407	138	31
-1.56227	140	31
-1.500569	173	31
-1.561145	118	31
-1.562592	88	31
-1.561706	137	31
-1.49934	126	31
-1.50015	152	31
-1.562562	99	31
-1.561984	122	31
-1.562117	150	31
-1.561694	123	31
-1.561576	123	31
-1.561503	64	31
-1.500181	149	31
-1.500702	147	31
-1.500947	149	31
-1.561861	115	31
-1.500718	135	31
-1.500775	103	31
-1.559875	107	31
-1.500239	134	31
-1.499675	134	31
-1.559653	125	31
-1.500403	166	31
-1.499784	136	31
-1.499877	118	31
-1.500816	127	31
-1.499842	109	31
-1.562155	159	31
-1.499367	150	31
-1.562257	105	31
-1.500197	143	31
-1.562306	82	31
-1.501126	144	31
-1.499379	153	31
-1.499295	116	31
-1.561322	123	31
-1.562267	100	31
-1.50037	139	31
-1.499747	111	31
-1.499689	174	31
-1.562419	121	31
-1.499685	140	31
-1.500641	133	31
-1.501084	124	31
-1.560874	131	31
-1.562045	103	31
-1.500868	153	31
-1.50052	154	31
-1.500354	123	31
-1.500899	164	31
-1.50085	117	31
-1.561687	106	31
-1.500176	134	31
-1.500171	134	31
-1.500319	143	31
-1.561823	95	31
-1.561995	146	31
-1.561731	142	31
-1.500909	137	31
-1.500272	160	31
-1.499947	169	31
-1.561462	154	31
-1.500842	133	31
-1.499643	135	31
-1.560398	76	31
-1.562027	105	31
-1.500764	141	31
-1.561146	122	31
-1.500903	128	31
-1.500235	159	31
-1.561573	142	31
-1.560998	140	31
-1.500155	155	31
-1.500948	151	31
-1.500713	124	31
-1.50068	146	31
-1.500692	117	31
-1.501144	132	31
-1.562059	87	31
-1.546441	120	31
-1.50001	155	31
-1.561266	136	31
-1.562631	90	31
-1.500453	146	31
-1.499046	130	31
-1.500098	152	31
-1.500812	135	31
-1.500886	127	31
-1.500922	135	31
-1.562097	105	31
-1.561789	111	31
-1.500395	135	31
-1.561123	107	31
-1.499446	135	31
-1.499694	129	31
-1.499902	130	31
-1.562905	110	31
-1.500535	126	31
-1.562869	126	31
-1.499796	129	31
-1.56127	121	31
-1.560646	115	31
-1.500406	118	31
-1.560631	122	31
-1.56206	140	31
-1.56211	145	31
-1.501256	135	31
-1.499934	130	31
-1.499947	126	31
-1.561263	139	31
-1.499683	131	31
-1.561878	124	31
-1.500995	145	31
-1.500938	143	31
-1.562421	110	31
-1.500911	137	31
-1.499934	146	31
-1.561062	154	31
-1.562335	111	31
-1.500211	128	31
-1.50063	146	31
-1.500365	115	31
-1.50022	118	31
-1.561447	116	31
-1.499218	148	31
-1.56145	124	31
-1.499585	132	31
-1.560917	130	31
-1.500221	141	31
-1.499952	121	31
-1.500272	144	31
-1.50042	147	31
-1.561689	120	31
-1.561296	124	31
-1.500435	152	31
-1.560361	125	31
-1.500117	134	31
-1.500894	139	31
-1.499879	124	31
-1.501231	158	31
-1.502562	131	31
-1.500348	140	31
-1.500397	137	31
-1.501141	129	31
-1.500187	155	31
-1.50091	133	31
-1.561575	107	31
-1.561803	130	31
-1.562449	139	31
-1.56226	106	31
-1.500308	121	31
-1.562969	118	31
-1.562456	99	31
-1.562565	113	31
-1.562235	112	31
-1.561917	103	31
-1.56204	148	31
-1.500863	163	31
-1.561671	135	31
-1.500049	142	31
-1.499994	157	31
-1.561839	111	31
-1.500062	136	31
-1.561696	130	31
-1.501156	110	31
-1.499509	145	31
-1.562561	130	31
-1.56272	130	31
-1.56241	105	31
-1.500201	141	31
-1.520224	79	31
-1.499787	138	31
-1.500341	116	31
-1.500919	116	31
-1.562084	106	31
-1.56159	122	31
-1.50072	137	31
-1.501048	155	31
-1.561505	143	31
-1.500152	151	31
-1.500728	117	31
-1.500756	132	31
-1.499062	137	31
-1.500304	127	31
-1.561802	134	31
-1.50057	137	31
-1.560956	98	31
-1.50018	121	31
-1.560575	104	31
-1.500062	155	31
-1.50036	158	31
-1.56042	128	31
-1.56147	120	31
-1.56074	138	31
-1.500463	133	31
-1.501055	157	31
-1.5004	133	31
-1.500762	140	31
-1.562013	123	31
-1.561727	76	31
-1.500504	136	31
-1.501236	157	31
-1.500447	138	31
-1.499821	144	31
-1.500876	143	31
-1.499261	160	31
-1.561225	140	31
-1.50045	128	31
-1.562158	114	31
-1.561526	116	31
-1.500473	155	31
-1.500362	121	31
-1.500309	157	31
-1.562295	129	31
-1.561229	149	31
-1.500546	133	31
-1.499857	154	31
-1.561145	135	31
-1.49933	122	31
-1.562325	142	31
-1.562938	104	31
-1.500501	156	31
-1.501064	105	31
-1.561713	102	31
-1.500289	132	31
-1.561532	118	31
-1.562304	123	31
-1.561807	127	31
-1.500237	135	31
-1.501014	132	31
-1.500941	148	31
-1.562512	125	31
-1.500095	131	31
-1.499886	128	31
-1.500327	140	31
-1.562977	112	31
-1.499903	143	31
-1.560958	135	31
-1.500107	150	31
-1.562293	140	31
-1.50035	122	31
-1.500633	152	31
-1.500365	165	31
-1.500383	140	31
-1.561811	148	31
-1.500455	126	31
-1.562054	104	31
-1.561703	104	31
-1.501037	146	31
-1.499988	158	31
-1.498902	130	31
-1.49965	144	31
-1.499769	139	31
-1.500714	148	31
-1.499852	148	31
-1.500535	145	31
-1.500815	122	31
-1.561732	128	31
-1.562047	121	31
-1.499721	130	31
-1.561986	94	31
-1.499104	148	31
-1.500602	134	31
-1.499815	109	31
-1.561319	121	31
-1.50086	137	31
-1.561879	65	31
-1.562039	99	31
-1.499725	138	31
-1.500443	115	31
-1.500784	148	31
-1.499856	135	31
-1.499249	160	31
-1.559267	120	31
-1.500601	113	31
-1.49944	148	31
-1.500809	165	31
-1.562149	85	31
-1.561262	142	31
-1.561323	96	31
-1.500724	150	31
-1.562161	117	31
-1.561918	118	31
-1.5006	119	31
-1.560966	118	31
-1.500525	143	31
-1.500037	137	31
-1.561758	84	31
-1.562009	155	31
-1.500997	146	31
-1.501572	156	31
-1.499907	158	31
-1.500524	123	31
-1.500593	135	31
-1.500548	160	31
-1.562128	86	31
-1.499894	98	31
-1.50053	154	31
-1.500624	138	31
-1.562068	84	31
-1.501517	138	31
-1.56201	93	31
-1.56231	124	31
-1.500212	133	31
-1.500362	187	31
-1.500685	117	31
-1.562336	84	31
-1.56113	124	31
-1.500708	151	31
-1.562188	115	31
-1.500969	119	31
-1.561206	123	31
-1.500932	115	31
-1.50077	123	31
-1.500668	137	31
-1.560679	135	31
-1.50067	119	31
-1.500508	149	31
-1.561544	120	31
-1.499601	146	31
-1.500048	145	31
-1.500228	149	31
-1.500406	157	31
-1.499962	117	31
-1.500126	123	31
-1.5611	123	31
-1.561759	130	31
-1.560965	101	31
-1.499541	160	31
-1.500555	131	31
-1.500075	126	31
-1.562568	86	31
-1.500188	140	31
-1.561896	102	31
-1.56238	133	31
-1.500819	164	31
-1.561016	160	31
-1.499662	155	31
-1.500834	125	31
-1.561134	126	31
-1.500253	147	31
-1.561154	123	31
-1.501111	119	31
-1.500616	145	31
-1.500551	152	31
-1.5007	152	31
-1.499124	140	31
-1.500419	131	31
-1.501024	129	31
-1.500259	168	31
-1.500498	136	31
-1.561826	101	31
-1.562773	106	31
-1.499461	144	31
-1.500198	111	31
-1.562651	174	31
-1.562223	74	31
-1.499966	148	31
-1.562113	131	31
-1.562219	90	31
-1.56255	132	31
-1.500265	162	31
-1.500475	131	31
-1.5621	121	31
-1.500925	136	31
-1.561931	125	31
-1.56288	76	31
-1.500212	141	31
-1.499966	141	31
-1.562119	107	31
-1.562893	116	31
-1.500285	125	31
-1.50062	139	31
-1.50017	122	31
-1.562179	117	31
-1.56179	125	31
-1.499929	103	31
-1.562258	124	31
-1.500682	133	31
-1.500831	137	31
-1.500569	135	31
-1.561955	127	31
-1.50055	117	31
-1.561625	143	31
-1.500087	136	31
-1.499658	160	31
-1.499729	142	31
-1.561634	139	31
-1.500991	118	31
-1.561167	102	31
-1.561278	96	31
-1.500772	148	31
-1.561058	128	31
-1.561478	131	31
-1.500585	122	31
-1.500077	148	31
-1.500202	143	31
-1.562208	122	31
-1.500164	138	31
-1.500301	123	31
-1.561562	101	31
-1.500195	127	31
-1.500519	141	31
-1.499417	122	31
-1.500033	124	31
-1.561177	140	31
-1.561737	98	31
-1.561618	116	31
-1.553144	94	31
-1.562139	81	31
-1.561744	123	31
-1.500559	139	31
-1.56039	126	31
-1.500887	124	31
-1.499549	143	31
-1.500447	132	31
-1.562439	113	31
-1.501103	128	31
-1.500046	141	31
-1.499726	145	31
-1.50024	151	31
-1.499907	125	31
-1.501111	141	31
-1.500687	141	31
-1.562235	133	31
-1.500125	150	31
-1.500374	123	31
-1.501108	123	31
-1.500467	128	31
-1.562436	87	31
-1.562878	92	31
-1.499622	119	31
-1.500266	128	31
-1.500294	143	31
-1.500076	134	31
-1.56158	133	31
-1.499971	149	31
-1.562744	87	31
-1.562072	110	31
-1.499889	137	31
-1.561402	94	31
-1.56163	120	31
-1.55863	141	31
-1.500761	153	31
-1.500228	138	31
-1.559815	139	31
-1.562198	126	31
-1.561741	129	31
-1.499928	135	31
-1.500881	115	31
-1.561776	91	31
-1.499625	128	31
-1.500521	123	31
-1.501066	124	31
-1.562439	118	31
-1.560701	127	31
-1.562219	125	31
-1.502659	142	31
-1.500696	146	31
-1.562153	132	31
-1.501002	121	31
-1.500179	138	31
-1.500203	134	31
-1.500853	122	31
-1.552362	74	31
-1.500833	128	31
-1.500603	116	31
-1.56148	110	31
-1.562529	84	31
-1.499863	153	31
-1.500496	122	31
-1.561323	151	31
-1.500803	130	31
-1.561713	95	31
-1.500404	150	31
-1.499735	122	31
-1.561617	110	31
-1.562647	96	31
-1.562382	81	31
-1.500198	137	31
-1.499581	131	31
-1.499587	144	31
-1.500947	119	31
-1.501038	156	31
-1.56237	122	31
-1.499753	161	31
-1.500681	119	31
-1.500114	143	31
-1.560885	132	31
-1.501343	138	31
-1.500993	131	31
-1.500404	124	31
-1.562742	133	31
-1.559488	120	31
-1.500436	139	31
-1.500311	153	31
-1.562408	72	31
-1.501257	131	31
-1.501196	119	31
-1.501161	145	31
-1.500393	152	31
-1.50066	109	31
-1.560962	129	31
-1.499803	146	31
-1.500849	131	31
-1.561798	112	31
-1.562183	127	31
-1.500512	116	31
-1.500591	173	31
-1.562262	140	31
-1.562621	102	31
-1.500208	118	31
-1.499492	130	31
-1.499747	157	31
-1.501048	124	31
-1.501353	130	31
-1.500372	161	31
-1.561261	124	31
-1.500868	140	31
-1.562151	140	31
-1.561349	117	31
-1.49996	147	31
-1.562692	104	31
-1.501106	138	31
-1.499898	126	31
-1.561459	139	31
-1.49925	155	31
-1.501294	135	31
-1.500138	137	31
-1.499612	140	31
-1.56213	83	31
-1.562321	93	31
-1.500584	144	31
-1.501137	132	31
-1.501265	150	31
-1.50096	140	31
-1.560422	108	31
-1.562098	109	31
-1.500002	138	31
-1.5012	130	31
-1.500143	152	31
-1.561878	119	31
-1.562059	116	31
-1.500805	119	31
-1.499961	127	31
-1.500712	135	31
-1.562423	114	31
-1.562232	138	31
-1.500084	145	31
-1.561703	112	31
-1.501051	154	31
-1.562474	132	31
-1.505513	106	31
-1.562588	108	31
-1.562388	69	31
-1.500454	134	31
-1.562469	117	31
-1.562457	138	31
-1.499176	120	31
-1.500119	135	31
-1.499803	146	31
-1.498922	142	31
-1.499662	106	31
-1.561834	133	31
-1.561486	119	31
-1.560405	81	31
-1.500647	143	31
-1.561654	102	31
-1.501218	143	31
-1.500811	117	31
-1.500364	145	31
-1.500147	143	31
-1.560585	98	31
-1.561815	112	31
-1.500203	130	31
-1.561828	122	31
-1.561632	105	31
-1.561969	104	31
-1.561272	123	31
-1.561827	139	31
-1.499991	157	31
-1.561562	159	31
-1.501037	139	31
-1.49994	109	31
-1.560924	138	31
-1.561324	140	31
-1.500937	141	31
-1.500015	142	31
-1.561744	113	31
-1.500652	137	31
-1.500602	127	31
-1.4999	138	31
-1.560422	92	31
-1.562465	85	31
-1.561551	134	31
-1.500243	127	31
-1.500606	138	31
-1.500473	183	31
-1.562026	107	31
-1.500698	118	31
-1.56102	93	31
-1.499443	130	31
-1.500698	104	31
-1.500544	173	31
-1.499567	145	31
-1.501487	142	31
-1.50052	124	31
-1.562233	111	31
-1.500833	122	31
-1.50039	148	31
-1.500064	150	31
-1.499605	160	31
-1.562655	104	31
-1.562016	105	31
-1.561158	137	31
-1.503535	127	31
-1.562824	112	31
-1.500389	123	31
-1.501383	161	31
-1.500783	127	31
-1.500339	135	31
-1.50032	127	31
-1.561425	117	31
-1.561587	117	31
-1.563009	143	31
-1.561276	122	31
-1.50029	155	31
-1.56244	89	31
-1.562664	99	31
-1.499934	141	31
-1.561969	95	31
-1.500842	151	31
-1.561355	123	31
-1.499895	139	31
-1.500323	135	31
-1.562078	121	31
-1.501499	136	31
-1.562979	96	31
-1.500227	131	31
-1.500314	150	31
-1.500593	111	31
-1.50017	133	31
-1.500858	163	31
-1.500487	132	31
-1.500534	126	31
-1.500746	146	31
-1.561261	94	31
-1.499678	144	31
-1.560155	133	31
-1.50048	147	31
-1.559488	133	31
-1.562026	105	31
-1.500569	122	31
-1.500813	142	31
-1.500418	127	31
-1.50009	139	31
-1.561566	113	31
-1.500283	119	31
-1.018547	135	31
-1.561755	140	31
-1.562201	122	31
-1.500218	127	31
-1.5002	181	31
-1.499876	120	31
-1.500569	129	31
-1.560338	105	31
-1.560961	127	31
-1.562146	131	31
-1.499511	107	31
-1.561887	142	31
-1.56108	97	31
-1.5008	143	31
-1.56232	111	31
-1.499953	132	31
-1.50084	133	31
-1.499256	151	31
-1.561939	97	31
-1.501138	136	31
-1.500569	144	31
-1.501101	132	31
-1.500419	130	31
-1.561663	142	31
-1.500324	144	31
-1.561931	108	31
-1.499951	164	31
-1.561978	131	31
-1.500931	166	31
-1.561702	145	31
-1.562267	70	31
-1.500385	127	31
-1.500865	170	31
-1.560743	109	31
-1.500537	115	31
-1.500156	138	31
-1.561156	120	31
-1.56177	118	31
-1.561383	136	31
-1.561384	110	31
-1.500951	143	31
-1.499829	136	31
-1.562545	96	31
-1.500491	135	31
-1.560268	134	31
-1.500918	142	31
-1.561756	132	31
-1.499168	158	31
-1.562474	131	31
-1.499966	150	31
-1.524258	108	31
-1.561221	141	31
-1.499313	145	31
-1.499771	149	31
-1.500526	120	31
-1.50022	124	31
-1.500172	142	31
-1.562132	119	31
-1.561561	113	31
-1.561353	125	31
-1.561892	125	31
-1.561534	133	31
-1.500668	134	31
-1.562374	134	31
-1.561941	121	31
-1.500382	125	31
-1.500894	119	31
-1.56162	119	31
-1.500659	139	31
-1.562223	123	31
-1.559644	151	31
-1.498964	150	31
-1.500078	130	31
-1.50077	143	31
-1.500413	152	31
-1.561512	106	31
-1.500289	151	31
-1.4996	145	31
-1.500465	121	31
-1.563072	109	31
-1.56245	101	31
-1.500087	134	31
-1.500738	128	31
-1.499972	145	31
-1.500836	162	31
-1.500806	117	31
-1.562467	127	31
-1.500331	135	31
-1.500474	139	31
-1.562139	133	31
-1.561946	115	31
-1.5001	137	31
-1.501193	155	31
-1.50014	151	31
-1.561813	113	31
-1.551944	135	31
-1.500378	140	31
-1.561551	139	31
-1.562201	62	31
-1.501034	122	31
-1.554447	116	31
-1.561834	145	31
-1.501004	129	31
-1.500775	139	31
-1.500262	129	31
-1.500233	167	31
-1.500328	106	31
-1.561839	138	31
-1.562151	107	31
-1.562885	145	31
-1.561333	106	31
-1.500581	127	31
-1.500377	119	31
-1.500443	130	31
-1.50083	112	31
-1.500062	111	31
-1.554914	136	31
-1.500451	111	31
-1.499875	142	31
-1.5008	130	31
-1.561912	85	31
-1.500654	126	31
-1.561519	105	31
-1.561993	109	31
-1.499081	147	31
-1.562011	106	31
-1.500981	141	31
-1.500277	122	31
-1.500009	149	31
-1.562311	82	31
-1.500009	159	31
-1.561107	124	31
-1.560707	123	31
-1.500088	130	31
-1.561926	102	31
-1.561866	120	31
-1.500588	130	31
-1.561947	132	31
-1.500623	123	31
-1.562748	135	31
-1.561429	113	31
-1.50058	136	31
-1.562224	114	31
-1.500781	135	31
-1.561725	129	31
-1.499703	139	31
-1.499375	138	31
-1.562533	93	31
-1.500254	152	31
-1.500237	147	31
-1.500386	130	31
-1.500906	123	31
-1.562148	104	31
-1.500672	135	31
-1.500652	142	31
-1.500602	137	31
-1.499701	144	31
-1.560721	133	31
-1.500519	126	31
-1.5007	138	31
-1.561877	150	31
-1.562827	128	31
-1.500401	140	31
-1.500307	143	31
-1.50044	137	31
-1.501107	141	31
-1.499739	154	31
-1.500455	128	31
-1.499856	142	31
-1.555369	132	31
-1.499302	143	31
-1.500592	136	31
-1.561926	100	31
-1.499573	131	31
-1.561767	94	31
-1.500641	118	31
-1.499495	128	31
-1.501194	131	31
-1.499623	144	31
-1.561936	127	31
-1.560411	133	31
-1.500127	132	31
-1.500344	135	31
-1.500594	144	31
-1.500331	118	31
-1.500373	123	31
-1.561477	138	31
-1.498945	113	31
-1.501029	160	31
-1.504693	148	31
-1.50019	150	31
-1.562733	103	31
-1.501091	132	31
-1.563225	133	31
-1.501061	170	31
-1.561725	91	31
-1.562502	125	31
-1.562888	113	31
-1.558544	119	31
-1.500202	136	31
-1.561737	112	31
-1.500644	150	31
-1.500294	138	31
-1.501107	134	31
-1.499938	145	31
-1.50075	120	31
-1.560955	144	31
-1.561154	73	31
-1.562048	126	31
-1.561401	116	31
-1.50019	152	31
-1.500069	131	31
-1.500116	120	31
-1.562538	97	31
-1.500784	129	31
-1.56177	92	31
-1.501113	159	31
-1.56259	86	31
-1.560697	99	31
-1.561513	62	31
-1.562198	117	31
-1.56207	135	31
-1.560797	92	31
-1.500893	145	31
-1.562273	156	31
-1.501073	133	31
-1.500243	144	31
-1.500455	126	31
-1.56242	134	31
-1.562383	141	31
-1.500765	148	31
-1.560615	138	31
-1.562807	115	31
-1.499483	157	31
-1.500257	153	31
-1.500568	124	31
-1.561903	128	31
-1.500557	130	31
-1.500142	139	31
-1.561767	121	31
-1.500699	132	31
-1.500178	141	31
-1.500922	145	31
-1.500009	130	31
-1.499599	122	31
-1.500956	157	31
-1.499392	150	31
-1.500092	133	31
-1.560737	118	31
-1.500504	145	31
-1.562183	106	31
-1.500302	144	31
-1.500261	139	31
-1.500323	139	31
-1.500478	139	31
-1.562264	127	31
-1.500761	178	31
-1.559914	141	31
-1.499876	133	31
-1.561888	118	31
-1.500632	160	31
-1.500891	140	31
-1.500951	135	31
-1.562199	131	31
-1.561246	69	31
-1.562048	101	31
-1.561667	102	31
-1.500075	156	31
-1.562688	103	31
-1.499795	127	31
-1.562188	100	31
-1.500344	146	31
-1.562168	124	31
-1.500307	128	31
-1.561647	93	31
-1.499633	142	31
-1.499613	141	31
-1.500739	152	31
-1.561712	142	31
-1.561717	77	31
-1.561	151	31
-1.5003	121	31
-1.500413	139	31
-1.561076	139	31
-1.561261	139	31
-1.562133	94	31
-1.562011	112	31
-1.561739	136	31
-1.501064	139	31
-1.500022	130	31
-1.50039	143	31
-1.561289	143	31
-1.561994	123	31
-1.499625	134	31
-1.499404	172	31
-1.561948	125	31
-1.561631	119	31
-1.501	142	31
-1.500809	145	31
-1.499393	133	31
-1.499421	135	31
-1.500324	150	31
-1.500585	120	31
-1.500508	119	31
-1.498568	139	31
-1.499513	150	31
-1.500665	124	31
-1.562934	128	31
-1.56208	130	31
-1.561591	60	31
-1.500794	132	31
-1.499655	165	31
-1.499935	132	31
-1.500916	120	31
-1.499339	145	31
-1.499731	133	31
-1.562409	125	31
-1.500393	147	31
-1.562208	103	31
-1.499904	137	31
-1.562103	120	31
-1.50037	125	31
-1.562553	134	31
-1.562633	120	31
-1.499359	137	31
-1.500221	146	31
-1.562013	141	31
-1.500135	133	31
-1.562122	79	31
-1.500557	144	31
-1.500799	147	31
-1.561139	136	31
-1.501143	137	31
-1.561917	128	31
-1.500553	117	31
-1.501153	150	31
-1.562616	127	31
-1.562142	81	31
-1.500609	155	31
-1.500021	122	31
-1.498563	135	31
-1.499964	148	31
-1.560985	135	31
-1.499475	137	31
-1.561196	116	31
-1.500528	156	31
-1.561793	113	31
-1.560416	133	31
-1.500404	143	31
-1.562239	119	31
-1.49984	146	31
-1.500976	127	31
-1.561739	137	31
-1.560843	125	31
-1.562309	117	31
-1.499698	134	31
-1.5612	118	31
-1.562163	126	31
-1.561999	114	31
-1.500379	122	31
-1.500341	116	31
-1.500351	152	31
-1.561934	132	31
-1.501046	165	31
-1.562483	132	31
-1.49995	155	31
-1.500595	156	31
-1.502611	144	31
-1.501126	142	31
-1.56209	151	31
-1.562052	127	31
-1.500857	135	31
-1.500049	130	31
-1.561103	125	31
-1.56171	121	31
-1.500015	148	31
-1.500565	132	31
-1.500867	145	31
-1.499214	150	31
-1.500564	149	31
-1.561958	143	31
-1.562474	116	31
-1.56107	134	31
-1.56161	158	31
-1.50039	128	31
-1.499659	160	31
-1.561516	77	31
-1.500798	158	31
-1.562734	119	31
-1.500224	123	31
-1.56237	132	31
-1.563078	110	31
-1.560557	138	31
-1.562061	101	31
-1.499796	135	31
-1.561434	122	31
-1.500533	124	31
-1.500771	145	31
-1.500211	139	31
-1.499908	135	31
-1.500919	122	31
-1.561969	123	31
-1.561399	84	31
-1.50071	129	31
-1.50044	145	31
-1.500188	129	31
-1.561106	157	31
-1.561382	123	31
-1.562183	88	31
-1.561902	119	31
-1.500182	144	31
-1.561214	139	31
-1.561257	133	31
-1.49944	144	31
-1.561791	119	31
-1.561707	119	31
-1.49958	161	31
-1.500534	164	31
-1.499234	134	31
-1.500901	123	31
-1.561893	92	31
-1.499864	131	31
-1.500733	143	31
-1.500024	157	31
-1.500683	173	31
-1.562016	118	31
-1.500266	136	31
-1.50017	146	31
-1.500466	144	31
-1.500388	133	31
-1.500412	130	31
-1.562699	136	31
-1.499451	136	31
-1.499496	145	31
-1.500285	128	31
-1.499494	140	31
-1.50031	146	31
-1.561336	134	31
-1.501074	148	31
-1.561396	134	31
-1.562683	144	31
-1.500786	130	31
-1.562139	122	31
-1.50091	121	31
-1.562154	104	31
-1.562077	117	31
-1.562329	117	31
-1.560537	133	31
-1.562126	135	31
-1.500826	116	31
-1.499697	125	31
-1.501056	121	31
-1.500037	109	31
-1.562214	108	31
-1.556106	94	31
-1.499944	148	31
-1.561198	129	31
-1.561125	136	31
-1.499505	165	31
-1.50042	158	31
-1.500607	132	31
-1.500767	119	31
-1.561345	130	31
-1.559983	125	31
-1.558241	167	31
-1.500546	119	31
-1.557909	159	31
-1.561729	112	31
-1.561471	115	31
-1.500325	145	31
-1.500451	146	31
-1.500091	132	31
-1.562031	146	31
-1.50097	140	31
-1.56268	113	31
-1.500448	120	31
-1.561802	122	31
-1.501171	146	31
-1.500135	153	31
-1.49977	176	31
-1.49985	156	31
-1.562077	127	31
-1.560085	95	31
-1.50007	129	31
-1.500652	130	31
-1.562297	107	31
-1.500813	118	31
-1.500844	116	31
-1.500578	112	31
-1.500013	146	31
-1.500191	130	31
-1.500591	121	31
-1.525054	110	31
-1.50017	132	31
-1.56056	99	31
-1.501352	128	31
-1.500688	148	31
-1.500905	139	31
-1.558851	142	31
-1.562256	103	31
-1.500709	119	31
-1.561316	141	31
-1.56264	119	31
-1.561338	101	31
-1.500786	120	31
-1.501031	142	31
-1.516797	98	31
-1.563113	93	31
-1.5002	121	31
-1.561222	126	31
-1.560031	136	31
-1.499569	155	31
-1.50045	134	31
-1.555651	79	31
-1.562289	123	31
-1.501303	144	31
-1.500502	149	31
-1.500323	140	31
-1.562149	111	31
-1.500321	121	31
-1.561261	137	31
-1.499659	156	31
-1.561495	97	31
-1.500527	136	31
-1.501092	144	31
-1.499807	136	31
-1.500427	148	31
-1.501239	147	31
-1.500052	135	31
-1.499855	143	31
-1.500617	116	31
-1.500466	130	31
-1.499456	126	31
-1.500696	135	31
-1.561789	101	31
-1.500493	162	31
-1.56241	121	31
-1.561937	123	31
-1.562808	124	31
-1.561409	178	31
-1.562239	106	31
-1.499304	148	31
-1.561733	134	31
-1.561926	123	31
-1.560324	139	31
-1.500099	106	31
-1.500005	145	31
-1.562269	110	31
-1.561495	111	31
-1.50049	126	31
-1.500395	143	31
-1.50002	122	31
-1.500516	142	31
-1.50029	135	31
-1.499741	151	31
-1.49966	144	31
-1.500916	120	31
-1.500425	161	31
-1.5004	161	31
-1.500349	141	31
-1.562454	119	31
-1.562921	120	31
-1.501335	145	31
-1.500728	124	31
-1.500306	141	31
-1.50062	122	31
-1.500469	135	31
-1.500443	143	31
-1.561843	107	31
-1.500446	131	31
-1.500574	129	31
-1.500864	148	31
-1.561824	122	31
-1.500167	139	31
-1.500101	121	31
-1.499804	156	31
-1.563111	113	31
-1.560685	109	31
-1.500967	107	31
-1.50078	143	31
-1.560252	139	31
-1.561832	137	31
-1.561714	124	31
-1.501043	128	31
-1.499911	160	31
-1.500424	126	31
-1.561322	142	31
-1.561117	119	31
-1.500515	130	31
-1.50064	142	31
-1.549684	90	31
-1.501342	141	31
-1.500127	138	31
-1.50006	118	31
-1.500116	143	31
-1.562173	117	31
-1.561211	115	31
-1.499011	173	31
-1.500352	135	31
-1.560513	155	31
-1.50117	135	31
-1.500311	127	31
-1.562064	129	31
-1.560967	138	31
-1.501154	137	31
-1.500199	161	31
-1.563242	133	31
-1.500695	124	31
-1.500033	116	31
-1.562527	106	31
-1.56148	117	31
-1.500232	129	31
-1.500099	153	31
-1.500178	125	31
-1.50088	133	31
-1.499124	149	31
-1.500462	116	31
-1.500376	130	31
-1.501104	154	31
-1.500342	130	31
-1.500618	146	31
-1.500666	141	31
-1.499834	137	31
-1.561562	102	31
-1.553903	134	31
-1.560355	113	31
-1.560393	121	31
-1.56226	79	31
-1.563262	114	31
-1.500028	127	31
-1.561917	118	31
-1.500643	136	31
-1.500622	134	31
-1.50057	134	31
-1.561495	117	31
-1.500534	143	31
-1.560971	111	31
-1.5625	133	31
-1.5613	114	31
-1.561783	102	31
-1.500765	136	31
-1.499913	135	31
-1.500715	157	31
-1.500225	154	31
-1.561713	128	31
-1.562244	153	31
-1.501202	134	31
-1.500718	117	31
-1.499912	164	31
-1.498866	131	31
-1.500876	123	31
-1.50035	148	31
-1.562092	131	31
-1.500353	132	31
-1.500244	135	31
-1.500611	140	31
-1.499946	150	31
-1.499922	135	31
-1.499126	144	31
-1.500369	134	31
-1.500668	132	31
-1.561263	131	31
-1.561909	75	31
-1.562165	86	31
-1.500605	166	31
-1.499778	144	31
-1.500512	133	31
-1.500883	122	31
-1.500992	172	31
-1.562197	118	31
-1.501035	127	31
-1.50038	128	31
-1.56066	132	31
-1.562249	135	31
-1.551106	128	31
-1.561842	82	31
-1.50009	129	31
-1.562075	126	31
-1.561551	134	31
-1.50016	110	31
-1.500536	157	31
-1.5626	69	31
-1.561842	134	31
-1.561595	126	31
-1.499947	133	31
-1.561932	96	31
-1.500263	135	31
-1.500363	157	31
-1.561605	108	31
-1.560921	106	31
-1.560179	138	31
-1.500448	120	31
-1.561464	143	31
-1.561782	123	31
-1.562008	136	31
-1.563186	118	31
-1.500654	135	31
-1.49978	142	31
-1.562012	99	31
-1.561936	91	31
-1.500828	122	31
-1.501027	136	31
-1.561139	121	31
-1.500902	128	31
-1.499591	152	31
-1.499751	133	31
-1.499863	138	31
-1.5624	138	31
-1.500018	140	31
-1.561659	143	31
-1.500528	143	31
-1.500003	122	31
-1.500508	127	31
-1.501077	141	31
-1.499161	166	31
-1.500998	129	31
-1.500885	143	31
-1.500409	139	31
-1.500507	129	31
-1.560559	121	31
-1.500902	144	31
-1.562775	133	31
-1.559832	129	31
-1.560125	125	31
-1.500519	140	31
-1.50194	148	31
-1.500873	115	31
-1.501045	127	31
-1.500039	148	31
-1.501034	136	31
-1.500258	142	31
-1.499969	128	31
-1.500167	153	31
-1.560773	110	31
-1.499954	131	31
-1.500789	143	31
-1.561928	128	31
-1.50072	132	31
-1.563204	92	31
-1.499715	167	31
-1.562509	103	31
-1.500187	153	31
-1.562663	104	31
-1.50031	141	31
-1.499943	156	31
-1.561155	106	31
-1.500897	134	31
-1.560962	115	31
-1.499989	123	31
-1.501029	148	31
-1.56177	115	31
-1.500975	114	31
-1.562031	118	31
-1.500424	111	31
-1.500175	138	31
-1.556488	99	31
-1.50063	149	31
-1.56114	138	31
-1.501021	127	31
-1.562033	76	31
-1.499842	129	31
-1.500543	124	31
-1.56195	118	31
-1.500799	133	31
-1.561504	90	31
-1.561545	132	31
-1.500698	131	31
-1.56192	118	31
-1.562692	100	31
-1.499898	145	31
-1.561256	95	31
-1.560029	148	31
-1.561998	125	31
-1.562624	119	31
-1.499927	125	31
-1.55985	137	31
-1.500487	162	31
-1.561667	85	31
-1.500297	157	31
-1.499351	163	31
-1.500585	132	31
-1.562541	159	31
-1.562056	93	31
-1.562296	111	31
-1.50034	105	31
-1.500491	141	31
-1.500966	133	31
-1.561986	128	31
-1.500655	157	31
-1.499724	161	31
-1.561805	123	31
-1.56284	133	31
-1.500015	139	31
-1.561288	100	31
-1.500626	132	31
-1.562008	124	31
-1.562803	112	31
-1.499296	146	31
-1.562171	140	31
-1.552674	107	31
-1.561613	119	31
-1.499264	154	31
-1.561386	109	31
-1.499093	175	31
-1.560234	108	31
-1.500235	143	31
-1.500632	145	31
-1.561625	103	31
-1.500841	153	31
-1.500017	131	31
-1.561114	121	31
-1.561744	107	31
-1.56118	122	31
-1.500163	175	31
-1.500194	142	31
-1.500946	125	31
-1.500394	124	31
-1.500196	152	31
-1.562405	113	31
-1.560398	140	31
-1.562323	123	31
-1.500022	145	31
-1.500801	137	31
-1.560991	147	31
-1.561145	121	31
-1.500071	129	31
-1.500531	134	31
-1.499727	146	31
-1.562513	110	31
-1.56219	115	31
-1.500691	126	31
-1.500505	121	31
-1.561335	135	31
-1.500506	124	31
-1.499842	144	31
-1.499868	140	31
-1.499413	127	31
-1.500635	116	31
-1.498977	135	31
-1.499497	140	31
-1.561678	117	31
-1.561859	126	31
-1.499659	133	31
-1.562207	99	31
-1.500847	162	31
-1.500107	122	31
-1.500563	134	31
-1.501377	140	31
-1.500073	143	31
-1.501008	143	31
-1.500684	118	31
-1.561438	131	31
-1.500486	141	31
-1.499969	165	31
-1.561677	120	31
-1.500325	135	31
-1.500547	142	31
-1.500279	129	31
-1.500549	133	31
-1.500596	132	31
-1.499597	129	31
-1.500365	166	31
-1.561508	114	31
-1.500998	128	31
-1.560892	92	31
-1.561648	71	31
-1.499268	143	31
-1.50078	115	31
-1.561122	137	31
-1.500698	147	31
-1.500505	133	31
-1.501118	152	31
-1.500502	138	31
-1.500876	142	31
-1.499634	135	31
-1.500737	124	31
-1.562646	93	31
-1.562217	135	31
-1.500631	126	31
-1.56227	86	31
-1.500372	133	31
-1.562076	103	31
-1.500555	144	31
-1.499728	177	31
-1.499535	150	31
-1.500149	146	31
-1.499956	156	31
-1.500578	140	31
-1.56165	122	31
-1.561946	146	31
-1.499754	122	31
-1.562284	83	31
-1.562037	155	31
-1.560151	139	31
-1.56205	128	31
-1.500338	136	31
-1.563065	97	31
-1.562641	96	31
-1.500525	112	31
-1.562325	133	31
-1.50052	123	31
-1.500673	141	31
-1.501205	149	31
-1.562162	101	31
-1.500497	131	31
-1.560722	135	31
-1.500613	148	31
-1.500841	141	31
-1.499674	126	31
-1.560496	140	31
-1.562497	132	31
-1.500231	155	31
-1.500209	164	31
-1.500388	142	31
-1.499825	152	31
-1.561919	124	31
-1.562881	126	31
-1.561183	127	31
-1.500021	143	31
-1.500419	124	31
-1.500996	134	31
-1.561247	136	31
-1.501248	120	31
-1.500239	135	31
-1.500056	126	31
-1.499791	132	31
-1.500689	167	31
-1.499733	163	31
-1.562126	114	31
-1.500586	112	31
-1.561775	116	31
-1.500404	127	31
-1.500065	139	31
-1.562118	102	31
-1.499837	128	31
-1.499852	138	31
-1.500307	104	31
-1.561884	147	31
-1.5621	122	31
-1.562406	106	31
-1.562594	138	31
-1.499508	118	31
-1.501041	138	31
-1.500438	124	31
-1.499823	127	31
-1.500994	122	31
-1.499264	155	31
-1.56111	129	31
-1.500385	140	31
-1.500862	118	31
-1.500718	140	31
-1.559868	99	31
-1.50087	143	31
-1.562032	127	31
-1.501274	159	31
-1.561175	129	31
-1.561666	118	31
-1.49926	153	31
-1.561403	112	31
-1.500158	144	31
-1.500281	121	31
-1.500933	164	31
-1.499517	151	31
-1.50101	127	31
-1.500463	140	31
-1.500507	182	31
-1.499988	122	31
-1.500626	144	31
-1.562093	96	31
-1.500224	107	31
-1.56203	117	31
-1.562335	133	31
-1.500465	129	31
-1.500659	132	31
-1.56209	98	31
-1.500917	106	31
-1.561697	126	31
-1.562085	130	31
-1.300651	85	31
-1.501672	132	31
-1.500323	139	31
-1.561431	142	31
-1.500417	139	31
-1.562563	112	31
-1.561327	118	31
-1.500396	140	31
-1.562709	117	31
-1.500469	142	31
-1.50051	130	31
-1.562237	142	31
-1.500504	131	31
-1.500436	127	31
-1.562177	110	31
-1.500671	144	31
-1.500912	160	31
-1.559112	150	31
-1.499732	155	31
-1.500921	141	31
-1.561754	133	31
-1.500249	120	31
-1.561484	90	31
-1.562077	112	31
-1.509385	114	31
-1.501188	126	31
-1.561047	104	31
-1.502979	163	31
-1.500206	106	31
-1.500586	151	31
-1.499916	123	31
-1.500702	144	31
-1.561339	93	31
-1.500048	168	31
-1.500773	133	31
-1.561505	116	31
-1.50127	136	31
-1.561393	121	31
-1.501514	126	31
-1.561087	121	31
-1.50032	142	31
-1.562362	100	31
-1.561503	149	31
-1.501254	144	31
-1.562175	128	31
-1.500523	126	31
-1.500947	130	31
-1.500392	140	31
-1.562266	115	31
-1.555097	109	31
-1.49959	162	31
-1.560682	138	31
-1.561783	119	31
-1.49977	136	31
-1.56282	102	31
-1.559651	106	31
-1.561648	113	31
-1.559999	139	31
-1.501141	129	31
-1.561528	102	31
-1.500296	139	31
-1.562352	116	31
-1.500349	137	31
-1.562674	105	31
-1.562462	109	31
-1.561805	91	31
-1.56256	139	31
-1.561883	94	31
-1.561866	105	31
-1.500741	132	31
-1.562173	132	31
-1.561474	89	31
-1.562104	115	31
-1.499987	131	31
-1.500076	140	31
-1.50008	161	31
-1.562371	110	31
-1.500419	120	31
-1.561926	149	31
-1.562222	85	31
-1.557708	101	31
-1.500709	134	31
-1.499879	116	31
-1.561816	105	31
-1.499122	153	31
-1.500523	139	31
-1.500066	149	31
-1.500077	135	31
-1.499675	149	31
-1.500357	134	31
-1.561662	127	31
-1.4999	136	31
-1.499825	160	31
-1.562042	112	31
-1.499632	127	31
-1.561772	121	31
-1.560394	123	31
-1.500457	148	31
-1.49987	142	31
-1.500084	157	31
-1.500567	138	31
-1.50018	136	31
-1.500379	152	31
-1.559116	133	31
-1.561722	96	31
-1.499951	138	31
-1.50074	156	31
-1.500142	131	31
-1.500704	138	31
-1.561012	104	31
-1.561947	116	31
-1.500492	136	31
-1.499562	157	31
-1.499089	157	31
-1.500331	142	31
-1.558623	142	31
-1.499581	121	31
-1.561429	70	31
-1.562158	130	31
-1.500446	132	31
-1.56166	133	31
-1.562579	82	31
-1.500777	135	31
-1.561562	124	31
-1.56248	104	31
-1.500681	116	31
-1.500653	152	31
-1.500138	138	31
-1.499944	140	31
-1.560975	102	31
-1.501119	115	31
-1.562146	128	31
-1.50047	125	31
-1.500185	128	31
-1.500926	138	31
-1.500515	134	31
-1.500728	121	31
-1.500783	128	31
-1.500539	137	31
-1.50027	164	31
-1.500328	151	31
-1.562219	114	31
-1.500378	134	31
-1.499928	174	31
-1.499865	131	31
-1.500594	140	31
-1.556978	129	31
-1.500614	141	31
-1.500849	152	31
-1.56211	115	31
-1.500643	159	31
-1.561803	95	31
-1.50076	126	31
-1.56215	125	31
-1.562065	115	31
-1.499553	132	31
-1.500339	151	31
-1.560958	121	31
-1.561301	133	31
-1.560102	102	31
-1.500586	147	31
-1.561966	104	31
-1.56232	125	31
-1.500327	141	31
-1.500562	146	31
-1.500581	162	31
-1.500006	157	31
-1.500569	113	31
-1.562491	94	31
-1.500631	134	31
-1.503466	144	31
-1.499686	117	31
-1.56258	103	31
-1.500591	95	31
-1.499596	152	31
-1.562015	119	31
-1.501283	150	31
-1.49971	151	31
-1.499927	122	31
-1.560833	123	31
-1.500341	137	31
-1.50099	130	31
-1.500989	115	31
-1.562471	124	31
-1.561641	139	31
-1.500274	124	31
-1.561215	93	31
-1.500093	161	31
-1.500279	144	31
-1.560624	122	31
-1.560706	122	31
-1.560899	147	31
-1.501162	139	31
-1.501332	123	31
-1.499561	117	31
-1.561527	139	31
-1.500153	122	31
-1.50087	181	31
-1.500675	141	31
-1.561519	122	31
-1.499173	152	31
-1.500159	121	31
-1.562239	104	31
-1.50062	149	31
-1.562191	129	31
-1.563172	124	31
-1.561514	142	31
-1.500954	144	31
-1.560323	143	31
-1.562449	74	31
-1.561919	120	31
-1.50015	135	31
-1.500308	135	31
-1.562779	103	31
-1.50051	128	31
-1.500574	135	31
-1.561502	128	31
-1.50014	145	31
-1.560948	99	31
-1.500087	138	31
-1.500638	123	31
-1.561607	69	31
-1.500303	127	31
-1.561648	148	31
-1.561342	121	31
-1.500244	161	31
-1.501108	142	31
-1.561279	116	31
-1.559297	144	31
-1.561792	109	31
-1.499915	132	31
-1.49972	165	31
-1.500682	133	31
-1.499865	152	31
-1.500895	140	31
-1.56243	115	31
-1.500683	126	31
-1.560975	111	31
-1.561362	112	31
-1.499914	155	31
-1.560581	164	31
-1.500893	140	31
-1.500741	145	31
-1.560909	133	31
-1.56288	130	31
-1.561845	125	31
-1.50048	161	31
-1.499277	147	31
-1.56207	125	31
-1.500421	164	31
-1.56097	93	31
-1.500598	121	31
-1.50052	141	31
-1.56173	131	31
-1.500928	131	31
-1.500188	133	31
-1.499999	124	31
-1.499508	126	31
-1.500053	150	31
-1.561392	124	31
-1.49956	133	31
-1.499977	147	31
-1.501186	136	31
-1.562536	104	31
-1.500747	119	31
-1.558281	129	31
-1.563046	121	31
-1.562056	83	31
-1.561833	138	31
-1.500461	146	31
-1.500433	114	31
-1.500363	142	31
-1.500078	142	31
-1.500588	162	31
-1.500808	116	31
-1.500555	118	31
-1.500266	139	31
-1.562545	111	31
-1.560359	129	31
-1.562488	118	31
-1.500821	126	31
-1.56039	129	31
-1.561515	101	31
-1.499448	125	31
-1.501032	136	31
-1.500651	134	31
-1.500624	150	31
-1.500604	116	31
-1.500075	129	31
-1.562506	135	31
-1.56167	121	31
-1.562854	103	31
-1.500861	161	31
-1.499861	144	31
-1.5008	128	31
-1.56219	100	31
-1.559762	115	31
-1.561792	135	31
-1.50113	128	31
-1.499926	129	31
-1.500377	123	31
-1.500016	127	31
-1.56264	127	31
-1.499981	146	31
-1.499894	146	31
-1.501218	134	31
-1.499959	145	31
-1.500365	142	31
-1.500642	143	31
-1.50092	138	31
-1.500854	145	31
-1.562416	119	31
-1.500945	143	31
-1.499407	114	31
-1.56243	153	31
-1.500615	114	31
-1.500675	153	31
-1.499998	126	31
-1.563094	91	31
-1.500269	143	31
-1.560529	100	31
-1.561308	134	31
-1.50116	136	31
-1.500221	125	31
-1.500737	121	31
-1.500471	126	31
-1.561752	113	31
-1.561516	78	31
-1.562126	94	31
-1.500675	165	31
-1.500042	168	31
-1.500445	153	31
-1.561929	91	31
-1.500092	137	31
-1.499991	124	31
-1.56145	122	31
-1.562425	119	31
-1.560833	119	31
-1.500441	124	31
-1.562327	127	31
-1.500516	145	31
-1.499793	152	31
-1.562228	74	31
-1.562265	125	31
-1.562128	146	31
-1.500701	149	31
-1.562088	120	31
-1.561294	154	31
-1.500949	124	31
-1.500436	144	31
-1.500361	94	31
-1.500046	143	31
-1.50106	148	31
-1.501346	108	31
-1.499849	130	31
-1.499582	157	31
-1.500489	119	31
-1.562397	111	31
-1.500437	144	31
-1.561734	127	31
-1.500633	139	31
-1.562397	126	31
-1.561021	110	31
-1.500923	136	31
-1.50008	150	31
-1.562782	116	31
-1.500767	134	31
-1.560619	129	31
-1.501423	114	31
-1.499457	142	31
-1.562144	140	31
-1.499637	126	31
-1.56182	119	31
-1.500425	133	31
-1.500849	145	31
-1.499953	135	31
-1.500264	123	31
-1.561791	86	31
-1.500127	122	31
-1.499684	141	31
-1.50001	117	31
-1.516051	112	31
-1.499039	128	31
-1.500419	128	31
-1.500113	140	31
-1.562005	105	31
-1.5629	124	31
-1.560835	108	31
-1.499581	154	31
-1.561315	153	31
-1.562199	125	31
-1.499978	130	31
-1.500035	150	31
-1.561127	142	31
-1.500589	118	31
-1.56164	133	31
-1.49958	157	31
-1.562293	98	31
-1.561105	90	31
-1.501462	168	31
-1.562591	118	31
-1.561799	98	31
-1.500322	136	31
-1.499688	143	31
-1.500111	150	31
-1.50069	136	31
-1.500945	129	31
-1.562022	114	31
-1.501244	135	31
-1.50084	120	31
-1.500982	136	31
-1.499627	160	31
-1.500758	123	31
-1.499609	147	31
-1.500351	152	31
-1.500773	124	31
-1.562133	85	31
-1.562529	77	31
-1.500403	118	31
-1.499727	120	31
-1.499677	143	31
-1.56271	125	31
-1.560312	106	31
-1.499522	139	31
-1.499556	147	31
-1.561918	128	31
-1.500402	144	31
-1.560182	140	31
-1.499935	140	31
-1.500928	139	31
-1.562852	126	31
-1.561443	114	31
-1.501168	136	31
-1.562245	106	31
-1.500605	142	31
-1.500945	120	31
-1.561128	68	31
-1.499836	167	31
-1.560804	120	31
-1.502922	129	31
-1.500047	121	31
-1.500007	157	31
-1.500477	145	31
-1.500332	134	31
-1.499752	141	31
-1.500473	148	31
-1.56333	147	31
-1.500029	141	31
-1.499894	122	31
-1.562045	95	31
-1.500475	161	31
-1.500491	164	31
-1.561779	101	31
-1.50023	150	31
-1.500637	116	31
-1.561194	151	31
-1.500281	141	31
-1.500328	155	31
-1.560465	143	31
-1.500312	145	31
-1.500426	151	31
-1.500413	134	31
-1.501078	110	31
-1.560571	125	31
-1.499537	145	31
-1.500395	135	31
-1.515891	110	31
-1.561393	116	31
-1.56301	93	31
-1.561528	103	31
-1.500927	163	31
-1.499286	146	31
-1.499792	153	31
-1.561901	125	31
-1.500257	129	31
-1.560715	107	31
-1.500262	133	31
-1.563071	111	31
-1.500658	159	31
-1.560804	112	31
-1.500445	138	31
-1.500093	124	31
-1.561812	115	31
-1.562455	97	31
-1.561269	157	31
-1.500638	139	31
-1.50069	129	31
-1.499257	122	31
-1.500319	159	31
-1.562104	106	31
-1.499097	130	31
-1.500197	150	31
-1.500999	152	31
-1.500411	143	31
-1.500726	144	31
-1.56253	126	31
-1.56255	125	31
-1.561888	121	31
-1.500539	130	31
-1.500484	164	31
-1.561513	113	31
-1.500757	161	31
-1.499843	140	31
-1.49988	138	31
-1.562005	114	31
-1.560668	139	31
-1.56221	111	31
-1.499527	138	31
-1.501113	140	31
-1.501461	135	31
-1.560298	114	31
-1.562204	110	31
-1.561452	130	31
-1.50085	139	31
-1.500575	133	31
-1.562483	121	31
-1.50014	129	31
-1.500617	136	31
-1.500235	142	31
-1.500099	146	31
-1.561383	137	31
-1.50065	130	31
-1.561946	102	31
-1.501545	148	31
-1.500636	122	31
-1.500529	123	31
-1.561775	102	31
-1.501078	141	31
-1.561598	109	31
-1.561693	121	31
-1.562223	111	31
-1.56164	117	31
-1.500461	154	31
-1.562528	105	31
-1.49989	128	31
-1.562861	107	31
-1.500703	125	31
-1.561642	129	31
-1.50016	130	31
-1.500721	158	31
-1.562148	100	31
-1.50031	144	31
-1.492771	107	31
-1.397337	166	31
-1.500686	125	31
-1.562453	111	31
-1.500134	118	31
-1.499784	169	31
-1.500593	136	31
-1.499781	146	31
-1.500508	135	31
-1.561254	112	31
-1.560092	96	31
-1.562341	113	31
-1.562073	109	31
-1.561537	119	31
-1.50063	141	31
-1.500902	147	31
-1.500102	143	31
-1.500267	132	31
-1.561042	120	31
-1.562637	95	31
-1.501159	140	31
-1.499181	132	31
-1.562304	126	31
-1.50013	142	31
-1.50095	138	31
-1.507247	123	31
-1.562678	134	31
-1.499963	169	31
-1.562263	97	31
-1.499318	136	31
-1.500325	130	31
-1.562402	119	31
-1.499884	133	31
-1.500248	144	31
-1.500348	128	31
-1.562	107	31
-1.552135	131	31
-1.49998	162	31
-1.563269	71	31
-1.501199	132	31
-1.509042	139	31
-1.4994	134	31
-1.500819	147	31
-1.500279	130	31
-1.561825	114	31
-1.561655	124	31
-1.498663	155	31
-1.499556	132	31
-1.561695	86	31
-1.499936	144	31
-1.500656	118	31
-1.501223	156	31
-1.562391	127	31
-1.561491	140	31
-1.500499	151	31
-1.500507	155	31
-1.562122	119	31
-1.561969	128	31
-1.561748	124	31
-1.499734	139	31
-1.49982	137	31
-1.500467	132	31
-1.500163	142	31
-1.560796	128	31
-1.500277	135	31
-1.500418	125	31
-1.50103	136	31
-1.560928	117	31
-1.500416	129	31
-1.56195	95	31
-1.500458	154	31
-1.500769	125	31
-1.561377	133	31
-1.500836	134	31
-1.500047	133	31
-1.501809	133	31
-1.499541	152	31
-1.499603	149	31
-1.499769	119	31
-1.500378	131	31
-1.562519	122	31
-1.500249	109	31
-1.500689	117	31
-1.561448	141	31
-1.500263	149	31
-1.499152	133	31
-1.562236	83	31
-1.500711	156	31
-1.561407	121	31
-1.500572	142	31
-1.560688	120	31
-1.500934	130	31
-1.50069	112	31
-1.561772	137	31
-1.500425	138	31
-1.561909	100	31
-1.500629	146	31
-1.500495	106	31
-1.560948	136	31
-1.561151	112	31
-1.500145	133	31
-1.499386	147	31
-1.50008	116	31
-1.50042	122	31
-1.501581	149	31
-1.562276	77	31
-1.50018	158	31
-1.562561	104	31
-1.500623	114	31
-1.500533	149	31
-1.561088	138	31
-1.561873	140	31
-1.500817	132	31
-1.561033	103	31
-1.56094	109	31
-1.499594	157	31
-1.56204	105	31
-1.500098	158	31
-1.500404	148	31
-1.500927	156	31
-1.515595	117	31
-1.561954	126	31
-1.562299	120	31
-1.56148	99	31
-1.562097	123	31
-1.561905	155	31
-1.499476	166	31
-1.560694	146	31
-1.561763	114	31
-1.500536	147	31
-1.560508	117	31
-1.56229	148	31
-1.561622	95	31
-1.500959	134	31
-1.500465	143	31
-1.562314	104	31
-1.562559	134	31
-1.500231	126	31
-1.562771	124	31
-1.500169	138	31
-1.561686	161	31
-1.50116	133	31
-1.500518	163	31
-1.500839	125	31
-1.562546	70	31
-1.500765	125	31
-1.500664	132	31
-1.561284	59	31
-1.500852	160	31
-1.561878	144	31
-1.50019	153	31
-1.561744	112	31
-1.561704	141	31
-1.500023	155	31
-1.50034	181	31
-1.56249	100	31
-1.499417	150	31
-1.500377	126	31
-1.561324	106	31
-1.50045	118	31
-1.500137	154	31
-1.561995	99	31
-1.562082	100	31
-1.500923	112	31
-1.560712	110	31
-1.562035	130	31
-1.500918	137	31
-1.501024	141	31
-1.50021	131	31
-1.517764	109	31
-1.500277	131	31
-1.500142	139	31
-1.499662	149	31
-1.561111	98	31
-1.500223	127	31
-1.50125	135	31
-1.500516	133	31
-1.498579	142	31
-1.562128	110	31
-1.500098	126	31
-1.561472	100	31
-1.499855	138	31
-1.562011	94	31
-1.561725	109	31
-1.562952	105	31
-1.561302	101	31
-1.500317	127	31
-1.500584	141	31
-1.561847	118	31
-1.501213	136	31
-1.500107	134	31
-1.500755	163	31
-1.50091	149	31
-1.500122	158	31
-1.500528	152	31
-1.501096	138	31
-1.500286	127	31
-1.561844	111	31
-1.500299	143	31
-1.561286	145	31
-1.499854	155	31
-1.500641	127	31
-1.557571	107	31
-1.499873	139	31
-1.500251	133	31
-1.56229	115	31
-1.501023	133	31
-1.500648	130	31
-1.561071	146	31
-1.561282	125	31
-1.500579	132	31
-1.561524	101	31
-1.561981	110	31
-1.500387	135	31
-1.561723	121	31
-1.500005	162	31
-1.49929	142	31
-1.561069	105	31
-1.498601	158	31
-1.499493	138	31
-1.500338	116	31
-1.500273	143	31
-1.561352	69	31
-1.500549	146	31
-1.500442	128	31
-1.561	146	31
-1.499312	151	31
-1.500526	156	31
-1.499671	140	31
-1.500423	132	31
-1.562154	119	31
-1.500815	167	31
-1.562425	88	31
-1.500475	140	31
-1.500169	155	31
-1.501463	125	31
-1.500761	131	31
-1.498728	136	31
-1.499731	121	31
-1.562481	124	31
-1.500435	135	31
-1.561235	131	31
-1.561889	102	31
-1.500559	130	31
-1.56235	112	31
-1.561762	126	31
-1.561787	156	31
-1.561845	127	31
