-1.56053	6000	3000
-1.50261	6000	3000
-1.56238	6000	3000
-1.49879	6000	3000
-1.56269	6000	3000
-1.50343	6000	3000
-1.55969	6000	3000
-1.50073	6000	3000
-1.49887	6000	3000
-1.56421	6000	3000
-1.49971	6000	3000
-1.50084	6000	3000
-1.55905	6000	3000
-1.49816	6000	3000
-1.56207	6000	3000
-1.50188	6000	3000
-1.49941	6000	3000
-1.50102	6000	3000
-1.5609	6000	3000
-1.55922	6000	3000
-1.49974	6000	3000
-1.49846	6000	3000
-1.56359	6000	3000
-1.55595	6000	3000
-1.55909	6000	3000
-1.50066	6000	3000
-1.50003	6000	3000
-1.5636	6000	3000
-1.50041	6000	3000
-1.50061	6000	3000
-1.56002	6000	3000
-1.49948	6000	3000
-1.5594	6000	3000
-1.56053	6000	3000
-1.56413	6000	3000
-1.55643	6000	3000
-1.5624	6000	3000
-1.55578	6000	3000
-1.50026	6000	3000
-1.5021	6000	3000
-1.56166	6000	3000
-1.5024	6000	3000
-1.55929	6000	3000
-1.50168	6000	3000
-1.5589	6000	3000
-1.56077	6000	3000
-1.56051	6000	3000
-1.50033	6000	3000
-1.49925	6000	3000
-1.49891	6000	3000
-1.55981	6000	3000
-1.55685	6000	3000
-1.49956	6000	3000
-1.50067	6000	3000
-1.5599	6000	3000
-1.49932	6000	3000
-1.50037	6000	3000
-1.49977	6000	3000
-1.49911	6000	3000
-1.56024	6000	3000
-1.50218	6000	3000
-1.49846	6000	3000
-1.49762	6000	3000
-1.5001	6000	3000
-1.50043	6000	3000
-1.55971	6000	3000
-1.56063	6000	3000
-1.55922	6000	3000
-1.49796	6000	3000
-1.50086	6000	3000
-1.50306	6000	3000
-1.56358	6000	3000
-1.49967	6000	3000
-1.55798	6000	3000
-1.55945	6000	3000
-1.55803	6000	3000
-1.54932	6000	3000
-1.56103	6000	3000
-1.54848	6000	3000
-1.49951	6000	3000
-1.50102	6000	3000
-1.55972	6000	3000
-1.56321	6000	3000
-1.56128	6000	3000
-1.56033	6000	3000
-1.55638	6000	3000
-1.55945	6000	3000
-1.55958	6000	3000
-1.55942	6000	3000
-1.49882	6000	3000
-1.56012	6000	3000
-1.56004	6000	3000
-1.55664	6000	3000
-1.49978	6000	3000
-1.50303	6000	3000
-1.56054	6000	3000
-1.50252	6000	3000
-1.56058	6000	3000
-1.55969	6000	3000
-1.55535	6000	3000
-1.49834	6000	3000
-1.5613	6000	3000
-1.55905	6000	3000
-1.55922	6000	3000
-1.55971	6000	3000
-1.56344	6000	3000
-1.55966	6000	3000
-1.49899	6000	3000
-1.50042	6000	3000
-1.55878	6000	3000
-1.56276	6000	3000
-1.56084	6000	3000
-1.55529	6000	3000
-1.56053	6000	3000
-1.5585	6000	3000
-1.55798	6000	3000
-1.49923	6000	3000
-1.49935	6000	3000
-1.5027	6000	3000
-1.56188	6000	3000
-1.49837	6000	3000
-1.56138	6000	3000
-1.56056	6000	3000
-1.49944	6000	3000
-1.55902	6000	3000
-1.50282	6000	3000
-1.55996	6000	3000
-1.56383	6000	3000
-1.55463	6000	3000
-1.56254	6000	3000
-1.49773	6000	3000
-1.50114	6000	3000
-1.56025	6000	3000
-1.56206	6000	3000
-1.5576	6000	3000
-1.50387	6000	3000
-1.55907	6000	3000
-1.50291	6000	3000
-1.56026	6000	3000
-1.50249	6000	3000
-1.50296	6000	3000
-1.56367	6000	3000
-1.55984	6000	3000
-1.50194	6000	3000
-1.49847	6000	3000
-1.55668	6000	3000
-1.49973	6000	3000
-1.50194	6000	3000
-1.4997	6000	3000
-1.56007	6000	3000
-1.55835	6000	3000
-1.49989	6000	3000
-1.49897	6000	3000
-1.55915	6000	3000
-1.55896	6000	3000
-1.56488	6000	3000
-1.56179	6000	3000
-1.49909	6000	3000
-1.56428	6000	3000
-1.49861	6000	3000
-1.56046	6000	3000
-1.5576	6000	3000
-1.49962	6000	3000
-1.56222	6000	3000
-1.49937	6000	3000
-1.55715	6000	3000
-1.55979	6000	3000
-1.5594	6000	3000
-1.50111	6000	3000
-1.55814	6000	3000
-1.5596	6000	3000
-1.56095	6000	3000
-1.55937	6000	3000
-1.56191	6000	3000
-1.56029	6000	3000
-1.50071	6000	3000
-1.55613	6000	3000
-1.49832	6000	3000
-1.5632	6000	3000
-1.54638	6000	3000
-1.55941	6000	3000
-1.50011	6000	3000
-1.4998	6000	3000
-1.55931	6000	3000
-1.54049	6000	3000
-1.55736	6000	3000
-1.50152	6000	3000
-1.50292	6000	3000
-1.50191	6000	3000
-1.50139	6000	3000
-1.50255	6000	3000
-1.50047	6000	3000
-1.50201	6000	3000
-1.56128	6000	3000
-1.5021	6000	3000
-1.55863	6000	3000
-1.5	6000	3000
-1.56088	6000	3000
-1.56318	6000	3000
-1.49837	6000	3000
-1.49927	6000	3000
-1.50322	6000	3000
-1.54583	6000	3000
-1.49853	6000	3000
-1.55281	6000	3000
-1.50291	6000	3000
-1.559	6000	3000
-1.56102	6000	3000
-1.49911	6000	3000
-1.4993	6000	3000
-1.55538	6000	3000
-1.56	6000	3000
-1.56152	6000	3000
-1.56086	6000	3000
-1.50045	6000	3000
-1.56191	6000	3000
-1.56222	6000	3000
-1.56057	6000	3000
-1.55854	6000	3000
-1.56218	6000	3000
-1.55938	6000	3000
-1.4988	6000	3000
-1.56238	6000	3000
-1.55898	6000	3000
-1.55986	6000	3000
-1.56019	6000	3000
-1.49841	6000	3000
-1.55363	6000	3000
-1.56103	6000	3000
-1.49796	6000	3000
-1.50145	6000	3000
-1.56269	6000	3000
-1.49944	6000	3000
-1.49948	6000	3000
-1.56036	6000	3000
-1.56147	6000	3000
-1.56404	6000	3000
-1.50176	6000	3000
-1.56088	6000	3000
-1.49832	6000	3000
-1.50061	6000	3000
-1.50096	6000	3000
-1.50026	6000	3000
-1.56279	6000	3000
-1.55482	6000	3000
-1.50059	6000	3000
-1.50302	6000	3000
-1.49791	6000	3000
-1.55886	6000	3000
-1.56045	6000	3000
-1.55904	6000	3000
-1.5583	6000	3000
-1.49798	6000	3000
-1.56377	6000	3000
-1.49796	6000	3000
-1.50146	6000	3000
-1.50029	6000	3000
-1.55907	6000	3000
-1.55913	6000	3000
-1.49915	6000	3000
-1.49974	6000	3000
-1.50156	6000	3000
-1.49731	6000	3000
-1.5571	6000	3000
-1.49772	6000	3000
-1.49995	6000	3000
-1.49829	6000	3000
-1.56233	6000	3000
-1.56135	6000	3000
-1.50305	6000	3000
-1.56185	6000	3000
-1.50046	6000	3000
-1.54889	6000	3000
-1.56208	6000	3000
-1.50227	6000	3000
-1.49885	6000	3000
-1.50025	6000	3000
-1.55995	6000	3000
-1.50047	6000	3000
-1.49994	6000	3000
-1.49975	6000	3000
-1.50058	6000	3000
-1.55847	6000	3000
-1.55826	6000	3000
-1.55606	6000	3000
-1.56039	6000	3000
-1.56068	6000	3000
-1.55647	6000	3000
-1.49939	6000	3000
-1.55554	6000	3000
-1.56312	6000	3000
-1.55952	6000	3000
-1.56029	6000	3000
-1.5002	6000	3000
-1.49835	6000	3000
-1.55667	6000	3000
-1.55791	6000	3000
-1.55013	6000	3000
-1.50019	6000	3000
-1.55698	6000	3000
-1.55855	6000	3000
-1.49896	6000	3000
-1.49985	6000	3000
-1.56123	6000	3000
-1.56192	6000	3000
-1.49937	6000	3000
-1.50088	6000	3000
-1.55814	6000	3000
-1.50109	6000	3000
-1.54867	6000	3000
-1.49889	6000	3000
-1.50039	6000	3000
-1.49974	6000	3000
-1.499	6000	3000
-1.49772	6000	3000
-1.5625	6000	3000
-1.50177	6000	3000
-1.4993	6000	3000
-1.55234	6000	3000
-1.49986	6000	3000
-1.49868	6000	3000
-1.56282	6000	3000
-1.56292	6000	3000
-1.49922	6000	3000
-1.50032	6000	3000
-1.55976	6000	3000
-1.49651	6000	3000
-1.49961	6000	3000
-1.55731	6000	3000
-1.49959	6000	3000
-1.55739	6000	3000
-1.50138	6000	3000
-1.56562	6000	3000
-1.49843	6000	3000
-1.56329	6000	3000
-1.56006	6000	3000
-1.56535	6000	3000
-1.49978	6000	3000
-1.55608	6000	3000
-1.55797	6000	3000
-1.56161	6000	3000
-1.5564	6000	3000
-1.50111	6000	3000
-1.49969	6000	3000
-1.55806	6000	3000
-1.49944	6000	3000
-1.55918	6000	3000
-1.56089	6000	3000
-1.56102	6000	3000
-1.56023	6000	3000
-1.55729	6000	3000
-1.5602	6000	3000
-1.50044	6000	3000
-1.56369	6000	3000
-1.55986	6000	3000
-1.56123	6000	3000
-1.55903	6000	3000
-1.49796	6000	3000
-1.55963	6000	3000
-1.54349	6000	3000
-1.55924	6000	3000
-1.55629	6000	3000
-1.55989	6000	3000
-1.56192	6000	3000
-1.5584	6000	3000
-1.55701	6000	3000
-1.50231	6000	3000
-1.50059	6000	3000
-1.50026	6000	3000
-1.55612	6000	3000
-1.55983	6000	3000
-1.49915	6000	3000
-1.56036	6000	3000
-1.49917	6000	3000
-1.5635	6000	3000
-1.50023	6000	3000
-1.49972	6000	3000
-1.50165	6000	3000
-1.49805	6000	3000
-1.56004	6000	3000
-1.50158	6000	3000
-1.49813	6000	3000
-1.49873	6000	3000
-1.49789	6000	3000
-1.56272	6000	3000
-1.50079	6000	3000
-1.49921	6000	3000
-1.56231	6000	3000
-1.49818	6000	3000
-1.49723	6000	3000
-1.49887	6000	3000
-1.56278	6000	3000
-1.49986	6000	3000
-1.49825	6000	3000
-1.50234	6000	3000
-1.50161	6000	3000
-1.50121	6000	3000
-1.56053	6000	3000
-1.49838	6000	3000
-1.49918	6000	3000
-1.55791	6000	3000
-1.49918	6000	3000
-1.56066	6000	3000
-1.56061	6000	3000
-1.5008	6000	3000
-1.49995	6000	3000
-1.56084	6000	3000
-1.55926	6000	3000
-1.56294	6000	3000
-1.4995	6000	3000
-1.50041	6000	3000
-1.56116	6000	3000
-1.50096	6000	3000
-1.56196	6000	3000
-1.50033	6000	3000
-1.50184	6000	3000
-1.55753	6000	3000
-1.50152	6000	3000
-1.49889	6000	3000
-1.4975	6000	3000
-1.50084	6000	3000
-1.49865	6000	3000
-1.49908	6000	3000
-1.56178	6000	3000
-1.55945	6000	3000
-1.56062	6000	3000
-1.56056	6000	3000
-1.55892	6000	3000
-1.55762	6000	3000
-1.49976	6000	3000
-1.50041	6000	3000
-1.50065	6000	3000
-1.49865	6000	3000
-1.56318	6000	3000
-1.56068	6000	3000
-1.5582	6000	3000
-1.56378	6000	3000
-1.56161	6000	3000
-1.49811	6000	3000
-1.55294	6000	3000
-1.49897	6000	3000
-1.55776	6000	3000
-1.49964	6000	3000
-1.56141	6000	3000
-1.49922	6000	3000
-1.502	6000	3000
-1.5018	6000	3000
-1.54797	6000	3000
-1.56195	6000	3000
-1.50142	6000	3000
-1.50437	6000	3000
-1.50057	6000	3000
-1.50017	6000	3000
-1.50132	6000	3000
-1.55928	6000	3000
-1.55965	6000	3000
-1.49909	6000	3000
-1.54611	6000	3000
-1.49935	6000	3000
-1.55985	6000	3000
-1.56166	6000	3000
-1.55736	6000	3000
-1.55409	6000	3000
-1.5019	6000	3000
-1.55823	6000	3000
-1.50053	6000	3000
-1.56218	6000	3000
-1.56166	6000	3000
-1.5637	6000	3000
-1.50004	6000	3000
-1.55307	6000	3000
-1.49914	6000	3000
-1.55873	6000	3000
-1.56333	6000	3000
-1.50135	6000	3000
-1.50023	6000	3000
-1.50066	6000	3000
-1.50125	6000	3000
-1.56274	6000	3000
-1.5591	6000	3000
-1.50171	6000	3000
-1.5607	6000	3000
-1.56043	6000	3000
-1.50307	6000	3000
-1.56062	6000	3000
-1.4988	6000	3000
-1.50015	6000	3000
-1.55594	6000	3000
-1.55937	6000	3000
-1.49857	6000	3000
-1.49888	6000	3000
-1.56136	6000	3000
-1.49892	6000	3000
-1.50279	6000	3000
-1.5597	6000	3000
-1.55409	6000	3000
-1.5617	6000	3000
-1.50264	6000	3000
-1.49925	6000	3000
-1.55842	6000	3000
-1.5635	6000	3000
-1.49988	6000	3000
-1.55368	6000	3000
-1.5558	6000	3000
-1.56362	6000	3000
-1.50028	6000	3000
-1.50062	6000	3000
-1.50123	6000	3000
-1.50073	6000	3000
-1.5596	6000	3000
-1.50305	6000	3000
-1.49857	6000	3000
-1.54384	6000	3000
-1.5022	6000	3000
-1.50104	6000	3000
-1.50041	6000	3000
-1.49635	6000	3000
-1.50038	6000	3000
-1.50199	6000	3000
-1.55845	6000	3000
-1.50091	6000	3000
-1.50112	6000	3000
-1.56243	6000	3000
-1.56028	6000	3000
-1.4994	6000	3000
-1.56276	6000	3000
-1.55583	6000	3000
-1.56178	6000	3000
-1.49932	6000	3000
-1.55936	6000	3000
-1.50141	6000	3000
-1.56175	6000	3000
-1.55716	6000	3000
-1.5026	6000	3000
-1.54445	6000	3000
-1.56105	6000	3000
-1.56294	6000	3000
-1.56245	6000	3000
-1.49713	6000	3000
-1.49973	6000	3000
-1.55591	6000	3000
-1.4972	6000	3000
-1.56142	6000	3000
-1.56051	6000	3000
-1.49882	6000	3000
-1.49658	6000	3000
-1.55909	6000	3000
-1.55754	6000	3000
-1.55835	6000	3000
-1.55798	6000	3000
-1.5583	6000	3000
-1.56098	6000	3000
-1.56599	6000	3000
-1.5609	6000	3000
-1.55303	6000	3000
-1.49737	6000	3000
-1.49825	6000	3000
-1.56043	6000	3000
-1.49907	6000	3000
-1.50006	6000	3000
-1.5606	6000	3000
-1.49782	6000	3000
-1.56459	6000	3000
-1.56055	6000	3000
-1.50017	6000	3000
-1.56078	6000	3000
-1.55945	6000	3000
-1.49746	6000	3000
-1.56099	6000	3000
-1.56034	6000	3000
-1.50017	6000	3000
-1.56031	6000	3000
-1.49966	6000	3000
-1.50212	6000	3000
-1.56026	6000	3000
-1.55951	6000	3000
-1.49944	6000	3000
-1.50162	6000	3000
-1.55835	6000	3000
-1.5581	6000	3000
-1.49969	6000	3000
-1.50118	6000	3000
-1.50405	6000	3000
-1.50146	6000	3000
-1.55977	6000	3000
-1.56281	6000	3000
-1.49888	6000	3000
-1.55964	6000	3000
-1.50041	6000	3000
-1.55923	6000	3000
-1.50026	6000	3000
-1.49989	6000	3000
-1.50074	6000	3000
-1.49823	6000	3000
-1.55813	6000	3000
-1.49958	6000	3000
-1.4986	6000	3000
-1.50057	6000	3000
-1.50201	6000	3000
-1.49955	6000	3000
-1.56252	6000	3000
-1.49919	6000	3000
-1.56317	6000	3000
-1.50037	6000	3000
-1.50236	6000	3000
-1.49753	6000	3000
-1.55816	6000	3000
-1.56464	6000	3000
-1.4987	6000	3000
-1.50214	6000	3000
-1.5558	6000	3000
-1.54888	6000	3000
-1.49943	6000	3000
-1.56196	6000	3000
-1.4987	6000	3000
-1.55308	6000	3000
-1.56051	6000	3000
-1.56313	6000	3000
-1.55664	6000	3000
-1.55675	6000	3000
-1.55987	6000	3000
-1.55956	6000	3000
-1.55855	6000	3000
-1.55831	6000	3000
-1.50133	6000	3000
-1.56232	6000	3000
-1.49995	6000	3000
-1.55828	6000	3000
-1.49965	6000	3000
-1.50214	6000	3000
-1.56267	6000	3000
-1.49703	6000	3000
-1.55542	6000	3000
-1.49867	6000	3000
-1.49953	6000	3000
-1.50222	6000	3000
-1.5612	6000	3000
-1.49974	6000	3000
-1.55914	6000	3000
-1.56261	6000	3000
-1.50306	6000	3000
-1.56156	6000	3000
-1.49897	6000	3000
-1.50123	6000	3000
-1.55729	6000	3000
-1.4987	6000	3000
-1.49935	6000	3000
-1.49964	6000	3000
-1.5619	6000	3000
-1.55632	6000	3000
-1.56412	6000	3000
-1.49989	6000	3000
-1.56432	6000	3000
-1.56117	6000	3000
-1.56265	6000	3000
-1.50099	6000	3000
-1.49831	6000	3000
-1.55474	6000	3000
-1.49942	6000	3000
-1.56317	6000	3000
-1.50051	6000	3000
-1.55999	6000	3000
-1.49781	6000	3000
-1.50126	6000	3000
-1.56134	6000	3000
-1.55774	6000	3000
-1.55985	6000	3000
-1.55055	6000	3000
-1.54815	6000	3000
-1.564	6000	3000
-1.50007	6000	3000
-1.5061	6000	3000
-1.55986	6000	3000
-1.49697	6000	3000
-1.49609	6000	3000
-1.49879	6000	3000
-1.49698	6000	3000
-1.55584	6000	3000
-1.5602	6000	3000
-1.49973	6000	3000
-1.50055	6000	3000
-1.49918	6000	3000
-1.56029	6000	3000
-1.56284	6000	3000
-1.56048	6000	3000
-1.4995	6000	3000
-1.55967	6000	3000
-1.49685	6000	3000
-1.56165	6000	3000
-1.50152	6000	3000
-1.50024	6000	3000
-1.55595	6000	3000
-1.55843	6000	3000
-1.50085	6000	3000
-1.49925	6000	3000
-1.56001	6000	3000
-1.56078	6000	3000
-1.49916	6000	3000
-1.55785	6000	3000
-1.4962	6000	3000
-1.50124	6000	3000
-1.56188	6000	3000
-1.56284	6000	3000
-1.50161	6000	3000
-1.55889	6000	3000
-1.49846	6000	3000
-1.55841	6000	3000
-1.50061	6000	3000
-1.559	6000	3000
-1.4977	6000	3000
-1.56101	6000	3000
-1.49969	6000	3000
-1.56194	6000	3000
-1.56327	6000	3000
-1.5008	6000	3000
-1.55447	6000	3000
-1.5001	6000	3000
-1.50064	6000	3000
-1.49938	6000	3000
-1.55589	6000	3000
-1.4998	6000	3000
-1.5598	6000	3000
-1.5629	6000	3000
-1.56059	6000	3000
-1.49885	6000	3000
-1.5637	6000	3000
-1.50105	6000	3000
-1.50103	6000	3000
-1.50046	6000	3000
-1.49804	6000	3000
-1.50198	6000	3000
-1.49936	6000	3000
-1.56266	6000	3000
-1.56139	6000	3000
-1.55922	6000	3000
-1.49862	6000	3000
-1.49761	6000	3000
-1.49897	6000	3000
-1.5016	6000	3000
-1.50247	6000	3000
-1.55726	6000	3000
-1.50133	6000	3000
-1.49857	6000	3000
-1.56309	6000	3000
-1.55853	6000	3000
-1.49796	6000	3000
-1.56091	6000	3000
-1.56104	6000	3000
-1.49828	6000	3000
-1.56327	6000	3000
-1.55847	6000	3000
-1.49862	6000	3000
-1.55869	6000	3000
-1.4994	6000	3000
-1.502	6000	3000
-1.56362	6000	3000
-1.49929	6000	3000
-1.5004	6000	3000
-1.56362	6000	3000
-1.56345	6000	3000
-1.55102	6000	3000
-1.49841	6000	3000
-1.50145	6000	3000
-1.50148	6000	3000
-1.50065	6000	3000
-1.55497	6000	3000
-1.50167	6000	3000
-1.55784	6000	3000
-1.55995	6000	3000
-1.55833	6000	3000
-1.5622	6000	3000
-1.5608	6000	3000
-1.55842	6000	3000
-1.55223	6000	3000
-1.56205	6000	3000
-1.56192	6000	3000
-1.56377	6000	3000
-1.49808	6000	3000
-1.49994	6000	3000
-1.49844	6000	3000
-1.5602	6000	3000
-1.55984	6000	3000
-1.49921	6000	3000
-1.50093	6000	3000
-1.55877	6000	3000
-1.56262	6000	3000
-1.50021	6000	3000
-1.56063	6000	3000
-1.56006	6000	3000
-1.56213	6000	3000
-1.55862	6000	3000
-1.56016	6000	3000
-1.49883	6000	3000
-1.55863	6000	3000
-1.5605	6000	3000
-1.50105	6000	3000
-1.50007	6000	3000
-1.50026	6000	3000
-1.56213	6000	3000
-1.49834	6000	3000
-1.50219	6000	3000
-1.55989	6000	3000
-1.50405	6000	3000
-1.49643	6000	3000
-1.50097	6000	3000
-1.56085	6000	3000
-1.56033	6000	3000
-1.55989	6000	3000
-1.55743	6000	3000
-1.56406	6000	3000
-1.56204	6000	3000
-1.5611	6000	3000
-1.50037	6000	3000
-1.55914	6000	3000
-1.50219	6000	3000
-1.49685	6000	3000
-1.56241	6000	3000
-1.56109	6000	3000
-1.50052	6000	3000
-1.55831	6000	3000
-1.49724	6000	3000
-1.56003	6000	3000
-1.50277	6000	3000
-1.55947	6000	3000
-1.50382	6000	3000
-1.50055	6000	3000
-1.49863	6000	3000
-1.49929	6000	3000
-1.49963	6000	3000
-1.5013	6000	3000
-1.56491	6000	3000
-1.55327	6000	3000
-1.55848	6000	3000
-1.55947	6000	3000
-1.4977	6000	3000
-1.55491	6000	3000
-1.50142	6000	3000
-1.55779	6000	3000
-1.56014	6000	3000
-1.50141	6000	3000
-1.55699	6000	3000
-1.55697	6000	3000
-1.55862	6000	3000
-1.55115	6000	3000
-1.50061	6000	3000
-1.55802	6000	3000
-1.55851	6000	3000
-1.50115	6000	3000
-1.49839	6000	3000
-1.50308	6000	3000
-1.4974	6000	3000
-1.49989	6000	3000
-1.49621	6000	3000
-1.55869	6000	3000
-1.55854	6000	3000
-1.49931	6000	3000
-1.56167	6000	3000
-1.55656	6000	3000
-1.50236	6000	3000
-1.5016	6000	3000
-1.50103	6000	3000
-1.55978	6000	3000
-1.4993	6000	3000
-1.55941	6000	3000
-1.49935	6000	3000
-1.49951	6000	3000
-1.55868	6000	3000
-1.55691	6000	3000
-1.49924	6000	3000
-1.50062	6000	3000
-1.50134	6000	3000
-1.5599	6000	3000
-1.56265	6000	3000
-1.54136	6000	3000
-1.56109	6000	3000
-1.55867	6000	3000
-1.4996	6000	3000
-1.56111	6000	3000
-1.55826	6000	3000
-1.5002	6000	3000
-1.56135	6000	3000
-1.5592	6000	3000
-1.52823	6000	3000
-1.55932	6000	3000
-1.49921	6000	3000
-1.55944	6000	3000
-1.50105	6000	3000
-1.49894	6000	3000
-1.50073	6000	3000
-1.49919	6000	3000
-1.56112	6000	3000
-1.50096	6000	3000
-1.49965	6000	3000
-1.50016	6000	3000
-1.49872	6000	3000
-1.49942	6000	3000
-1.55912	6000	3000
-1.56141	6000	3000
-1.49791	6000	3000
-1.55977	6000	3000
-1.49774	6000	3000
-1.50165	6000	3000
-1.49837	6000	3000
-1.49975	6000	3000
-1.55481	6000	3000
-1.49854	6000	3000
-1.50058	6000	3000
-1.49902	6000	3000
-1.49809	6000	3000
-1.49959	6000	3000
-1.54578	6000	3000
-1.56158	6000	3000
-1.55596	6000	3000
-1.5615	6000	3000
-1.5024	6000	3000
-1.56096	6000	3000
-1.49863	6000	3000
-1.50102	6000	3000
-1.55378	6000	3000
-1.49989	6000	3000
-1.49995	6000	3000
-1.55999	6000	3000
-1.55489	6000	3000
-1.50199	6000	3000
-1.56062	6000	3000
-1.56434	6000	3000
-1.4997	6000	3000
-1.55829	6000	3000
-1.56175	6000	3000
-1.55718	6000	3000
-1.49845	6000	3000
-1.50078	6000	3000
-1.56298	6000	3000
-1.56117	6000	3000
-1.49697	6000	3000
-1.50084	6000	3000
-1.55877	6000	3000
-1.56139	6000	3000
-1.49773	6000	3000
-1.50333	6000	3000
-1.49835	6000	3000
-1.49946	6000	3000
-1.56153	6000	3000
-1.49738	6000	3000
-1.49673	6000	3000
-1.49929	6000	3000
-1.50146	6000	3000
-1.56144	6000	3000
-1.56082	6000	3000
-1.561	6000	3000
-1.56338	6000	3000
-1.50258	6000	3000
-1.50026	6000	3000
-1.55589	6000	3000
-1.55917	6000	3000
-1.56145	6000	3000
-1.50197	6000	3000
-1.49818	6000	3000
-1.49943	6000	3000
-1.49901	6000	3000
-1.5631	6000	3000
-1.55236	6000	3000
-1.55903	6000	3000
-1.49804	6000	3000
-1.54865	6000	3000
-1.56409	6000	3000
-1.50234	6000	3000
-1.55018	6000	3000
-1.5599	6000	3000
-1.49763	6000	3000
-1.50021	6000	3000
-1.50111	6000	3000
-1.55893	6000	3000
-1.50079	6000	3000
-1.55733	6000	3000
-1.55806	6000	3000
-1.56185	6000	3000
-1.55761	6000	3000
-1.49924	6000	3000
-1.54515	6000	3000
-1.56032	6000	3000
-1.55945	6000	3000
-1.50169	6000	3000
-1.56124	6000	3000
-1.49914	6000	3000
-1.55786	6000	3000
-1.56319	6000	3000
-1.4978	6000	3000
-1.55837	6000	3000
-1.5613	6000	3000
-1.56056	6000	3000
-1.49811	6000	3000
-1.56241	6000	3000
-1.55917	6000	3000
-1.50028	6000	3000
-1.49919	6000	3000
-1.55589	6000	3000
-1.50117	6000	3000
-1.49668	6000	3000
-1.50055	6000	3000
-1.50104	6000	3000
-1.50109	6000	3000
-1.56086	6000	3000
-1.49962	6000	3000
-1.55905	6000	3000
-1.49824	6000	3000
-1.49955	6000	3000
-1.56342	6000	3000
-1.49841	6000	3000
-1.49855	6000	3000
-1.50187	6000	3000
-1.49849	6000	3000
-1.49915	6000	3000
-1.55974	6000	3000
-1.49978	6000	3000
-1.55788	6000	3000
-1.56493	6000	3000
-1.5552	6000	3000
-1.49667	6000	3000
-1.56187	6000	3000
-1.55463	6000	3000
-1.55832	6000	3000
-1.49843	6000	3000
-1.56371	6000	3000
-1.50041	6000	3000
-1.50083	6000	3000
-1.56289	6000	3000
-1.56064	6000	3000
-1.49963	6000	3000
-1.49668	6000	3000
-1.50237	6000	3000
-1.5611	6000	3000
-1.49949	6000	3000
-1.49626	6000	3000
-1.49827	6000	3000
-1.49704	6000	3000
-1.55915	6000	3000
-1.49844	6000	3000
-1.50149	6000	3000
-1.50099	6000	3000
-1.55869	6000	3000
-1.4985	6000	3000
-1.55866	6000	3000
-1.5013	6000	3000
-1.49771	6000	3000
-1.56396	6000	3000
-1.56286	6000	3000
-1.49998	6000	3000
-1.49832	6000	3000
-1.56125	6000	3000
-1.5657	6000	3000
-1.49936	6000	3000
-1.56233	6000	3000
-1.49595	6000	3000
-1.49954	6000	3000
-1.55837	6000	3000
-1.5014	6000	3000
-1.549	6000	3000
-1.55577	6000	3000
-1.50064	6000	3000
-1.56012	6000	3000
-1.55943	6000	3000
-1.49841	6000	3000
-1.55646	6000	3000
-1.56122	6000	3000
-1.49903	6000	3000
-1.50097	6000	3000
-1.50223	6000	3000
-1.56032	6000	3000
-1.55991	6000	3000
-1.49927	6000	3000
-1.49948	6000	3000
-1.49777	6000	3000
-1.5004	6000	3000
-1.55191	6000	3000
-1.55971	6000	3000
-1.56209	6000	3000
-1.55687	6000	3000
-1.49946	6000	3000
-1.55889	6000	3000
-1.50154	6000	3000
-1.55487	6000	3000
-1.56057	6000	3000
-1.55925	6000	3000
-1.49935	6000	3000
-1.55223	6000	3000
-1.5615	6000	3000
-1.50428	6000	3000
-1.55684	6000	3000
-1.56196	6000	3000
-1.55949	6000	3000
-1.49958	6000	3000
-1.49939	6000	3000
-1.50047	6000	3000
-1.4974	6000	3000
-1.50195	6000	3000
-1.56076	6000	3000
-1.49732	6000	3000
-1.50302	6000	3000
-1.50113	6000	3000
-1.49984	6000	3000
-1.49784	6000	3000
-1.50174	6000	3000
-1.4955	6000	3000
-1.56155	6000	3000
-1.55757	6000	3000
-1.55862	6000	3000
-1.5613	6000	3000
-1.4983	6000	3000
-1.5015	6000	3000
-1.49811	6000	3000
-1.4998	6000	3000
-1.50145	6000	3000
-1.5564	6000	3000
-1.5027	6000	3000
-1.50055	6000	3000
-1.56322	6000	3000
-1.50136	6000	3000
-1.55902	6000	3000
-1.55762	6000	3000
-1.49903	6000	3000
-1.49804	6000	3000
-1.5571	6000	3000
-1.4981	6000	3000
-1.55708	6000	3000
-1.49934	6000	3000
-1.49963	6000	3000
-1.56511	6000	3000
-1.49996	6000	3000
-1.50166	6000	3000
-1.50133	6000	3000
-1.50301	6000	3000
-1.50044	6000	3000
-1.55681	6000	3000
-1.5012	6000	3000
-1.5003	6000	3000
-1.49667	6000	3000
-1.5011	6000	3000
-1.56125	6000	3000
-1.56138	6000	3000
-1.5544	6000	3000
-1.5627	6000	3000
-1.49888	6000	3000
-1.50037	6000	3000
-1.4995	6000	3000
-1.49612	6000	3000
-1.49807	6000	3000
-1.5	6000	3000
-1.56285	6000	3000
-1.56164	6000	3000
-1.56042	6000	3000
-1.56229	6000	3000
-1.49825	6000	3000
-1.55881	6000	3000
-1.49958	6000	3000
-1.56106	6000	3000
-1.50199	6000	3000
-1.50166	6000	3000
-1.56195	6000	3000
-1.50003	6000	3000
-1.56098	6000	3000
-1.49891	6000	3000
-1.55825	6000	3000
-1.56099	6000	3000
-1.4998	6000	3000
-1.50047	6000	3000
-1.49797	6000	3000
-1.55762	6000	3000
-1.55941	6000	3000
-1.49924	6000	3000
-1.56007	6000	3000
-1.49923	6000	3000
-1.56018	6000	3000
-1.5634	6000	3000
-1.50011	6000	3000
-1.55611	6000	3000
-1.5041	6000	3000
-1.55394	6000	3000
-1.49852	6000	3000
-1.50179	6000	3000
-1.56119	6000	3000
-1.56138	6000	3000
-1.56257	6000	3000
-1.56237	6000	3000
-1.56065	6000	3000
-1.49825	6000	3000
-1.50107	6000	3000
-1.55775	6000	3000
-1.49988	6000	3000
-1.56061	6000	3000
-1.50214	6000	3000
-1.55897	6000	3000
-1.50011	6000	3000
-1.50144	6000	3000
-1.49951	6000	3000
-1.50152	6000	3000
-1.49732	6000	3000
-1.50091	6000	3000
-1.56008	6000	3000
-1.56157	6000	3000
-1.50009	6000	3000
-1.55946	6000	3000
-1.50111	6000	3000
-1.55936	6000	3000
-1.49675	6000	3000
-1.56008	6000	3000
-1.49948	6000	3000
-1.56003	6000	3000
-1.55777	6000	3000
-1.56196	6000	3000
-1.56076	6000	3000
-1.56176	6000	3000
-1.49919	6000	3000
-1.49898	6000	3000
-1.55786	6000	3000
-1.49889	6000	3000
-1.55544	6000	3000
-1.49819	6000	3000
-1.49704	6000	3000
-1.50358	6000	3000
-1.49977	6000	3000
-1.55451	6000	3000
-1.55345	6000	3000
-1.55774	6000	3000
-1.56212	6000	3000
-1.55787	6000	3000
-1.5587	6000	3000
-1.5621	6000	3000
-1.49783	6000	3000
-1.5577	6000	3000
-1.49984	6000	3000
-1.5566	6000	3000
-1.55975	6000	3000
-1.55448	6000	3000
-1.50008	6000	3000
-1.4995	6000	3000
-1.49655	6000	3000
-1.4981	6000	3000
-1.56251	6000	3000
-1.49936	6000	3000
-1.5615	6000	3000
-1.56	6000	3000
-1.56256	6000	3000
-1.55926	6000	3000
-1.56039	6000	3000
-1.49811	6000	3000
-1.49988	6000	3000
-1.55854	6000	3000
-1.50147	6000	3000
-1.56134	6000	3000
-1.56146	6000	3000
-1.49687	6000	3000
-1.55689	6000	3000
-1.55585	6000	3000
-1.55794	6000	3000
-1.56097	6000	3000
-1.56201	6000	3000
-1.56197	6000	3000
-1.56014	6000	3000
-1.55435	6000	3000
-1.49738	6000	3000
-1.50003	6000	3000
-1.49694	6000	3000
-1.50091	6000	3000
-1.56402	6000	3000
-1.56105	6000	3000
-1.5615	6000	3000
-1.55883	6000	3000
-1.4991	6000	3000
-1.49896	6000	3000
-1.4988	6000	3000
-1.50257	6000	3000
-1.5606	6000	3000
-1.50119	6000	3000
-1.5008	6000	3000
-1.49847	6000	3000
-1.56243	6000	3000
-1.50036	6000	3000
-1.50228	6000	3000
-1.49792	6000	3000
-1.56071	6000	3000
-1.49809	6000	3000
-1.56213	6000	3000
-1.56449	6000	3000
-1.56148	6000	3000
-1.5621	6000	3000
-1.50218	6000	3000
-1.55564	6000	3000
-1.49994	6000	3000
-1.50019	6000	3000
-1.56021	6000	3000
-1.51869	6000	3000
-1.49786	6000	3000
-1.50265	6000	3000
-1.55868	6000	3000
-1.4986	6000	3000
-1.50187	6000	3000
-1.55977	6000	3000
-1.50118	6000	3000
-1.55904	6000	3000
-1.50034	6000	3000
-1.49647	6000	3000
-1.49669	6000	3000
-1.55999	6000	3000
-1.49906	6000	3000
-1.49941	6000	3000
-1.4991	6000	3000
-1.49821	6000	3000
-1.49973	6000	3000
-1.49887	6000	3000
-1.55161	6000	3000
-1.50106	6000	3000
-1.55546	6000	3000
-1.49714	6000	3000
-1.55552	6000	3000
-1.49993	6000	3000
-1.56291	6000	3000
-1.56343	6000	3000
-1.5006	6000	3000
-1.50204	6000	3000
-1.49747	6000	3000
-1.55879	6000	3000
-1.5004	6000	3000
-1.56325	6000	3000
-1.56081	6000	3000
-1.55603	6000	3000
-1.49889	6000	3000
-1.56157	6000	3000
-1.50082	6000	3000
-1.50053	6000	3000
-1.50028	6000	3000
-1.50294	6000	3000
-1.55954	6000	3000
-1.50171	6000	3000
-1.50097	6000	3000
-1.49773	6000	3000
-1.55882	6000	3000
-1.56191	6000	3000
-1.56386	6000	3000
-1.50023	6000	3000
-1.50167	6000	3000
-1.55609	6000	3000
-1.50141	6000	3000
-1.49801	6000	3000
-1.56252	6000	3000
-1.49794	6000	3000
-1.49708	6000	3000
-1.56358	6000	3000
-1.49779	6000	3000
-1.56002	6000	3000
-1.49872	6000	3000
-1.56294	6000	3000
-1.5598	6000	3000
-1.54236	6000	3000
-1.55973	6000	3000
-1.55372	6000	3000
-1.55863	6000	3000
-1.56038	6000	3000
-1.55839	6000	3000
-1.55693	6000	3000
-1.49959	6000	3000
-1.55745	6000	3000
-1.50081	6000	3000
-1.56212	6000	3000
-1.56031	6000	3000
-1.55824	6000	3000
-1.49851	6000	3000
-1.55833	6000	3000
-1.49922	6000	3000
-1.56138	6000	3000
-1.50031	6000	3000
-1.54928	6000	3000
-1.49817	6000	3000
-1.56344	6000	3000
-1.55741	6000	3000
-1.55868	6000	3000
-1.55779	6000	3000
-1.56339	6000	3000
-1.55984	6000	3000
-1.5602	6000	3000
-1.55949	6000	3000
-1.50048	6000	3000
-1.49834	6000	3000
-1.56208	6000	3000
-1.56259	6000	3000
-1.55553	6000	3000
-1.55694	6000	3000
-1.50147	6000	3000
-1.55647	6000	3000
-1.56098	6000	3000
-1.5025	6000	3000
-1.5005	6000	3000
-1.56044	6000	3000
-1.56246	6000	3000
-1.5559	6000	3000
-1.50145	6000	3000
-1.56133	6000	3000
-1.50067	6000	3000
-1.56177	6000	3000
-1.55531	6000	3000
-1.50241	6000	3000
-1.55306	6000	3000
-1.55189	6000	3000
-1.5016	6000	3000
-1.55861	6000	3000
-1.56245	6000	3000
-1.49696	6000	3000
-1.56454	6000	3000
-1.49685	6000	3000
-1.49968	6000	3000
-1.49826	6000	3000
-1.49798	6000	3000
-1.50022	6000	3000
-1.56592	6000	3000
-1.55936	6000	3000
-1.55579	6000	3000
-1.49897	6000	3000
-1.50017	6000	3000
-1.55861	6000	3000
-1.50157	6000	3000
-1.55949	6000	3000
-1.50017	6000	3000
-1.49882	6000	3000
-1.55803	6000	3000
-1.5617	6000	3000
-1.55704	6000	3000
-1.56016	6000	3000
-1.54701	6000	3000
-1.49938	6000	3000
-1.55992	6000	3000
-1.56246	6000	3000
-1.55739	6000	3000
-1.55856	6000	3000
-1.49984	6000	3000
-1.55672	6000	3000
-1.56087	6000	3000
-1.55822	6000	3000
-1.50149	6000	3000
-1.56188	6000	3000
-1.56159	6000	3000
-1.55635	6000	3000
-1.55488	6000	3000
-1.50007	6000	3000
-1.55843	6000	3000
-1.49856	6000	3000
-1.49916	6000	3000
-1.5623	6000	3000
-1.55429	6000	3000
-1.55848	6000	3000
-1.56185	6000	3000
-1.50106	6000	3000
-1.56442	6000	3000
-1.50524	6000	3000
-1.4997	6000	3000
-1.56116	6000	3000
-1.55823	6000	3000
-1.50376	6000	3000
-1.50098	6000	3000
-1.50011	6000	3000
-1.55784	6000	3000
-1.50168	6000	3000
-1.55891	6000	3000
-1.50374	6000	3000
-1.50042	6000	3000
-1.50032	6000	3000
-1.50361	6000	3000
-1.56133	6000	3000
-1.49904	6000	3000
-1.56259	6000	3000
-1.49685	6000	3000
-1.5593	6000	3000
-1.50203	6000	3000
-1.5008	6000	3000
-1.49841	6000	3000
-1.50055	6000	3000
-1.55699	6000	3000
-1.55965	6000	3000
-1.50001	6000	3000
-1.55647	6000	3000
-1.49967	6000	3000
-1.55935	6000	3000
-1.50013	6000	3000
-1.50259	6000	3000
-1.55735	6000	3000
-1.50036	6000	3000
-1.49757	6000	3000
-1.56157	6000	3000
-1.55832	6000	3000
-1.50066	6000	3000
-1.55761	6000	3000
-1.5584	6000	3000
-1.50072	6000	3000
-1.55894	6000	3000
-1.55976	6000	3000
-1.55678	6000	3000
-1.49915	6000	3000
-1.56291	6000	3000
-1.55735	6000	3000
-1.55905	6000	3000
-1.4992	6000	3000
-1.49847	6000	3000
-1.49902	6000	3000
-1.49926	6000	3000
-1.5615	6000	3000
-1.5	6000	3000
-1.55981	6000	3000
-1.5628	6000	3000
-1.50064	6000	3000
-1.56175	6000	3000
-1.563	6000	3000
-1.49978	6000	3000
-1.55886	6000	3000
-1.52588	6000	3000
-1.5027	6000	3000
-1.52942	6000	3000
-1.56065	6000	3000
-1.50073	6000	3000
-1.56219	6000	3000
-1.49819	6000	3000
-1.56174	6000	3000
-1.50177	6000	3000
-1.50097	6000	3000
-1.50189	6000	3000
-1.49997	6000	3000
-1.50103	6000	3000
-1.50074	6000	3000
-1.49775	6000	3000
-1.55742	6000	3000
-1.56105	6000	3000
-1.5579	6000	3000
-1.50027	6000	3000
-1.50011	6000	3000
-1.49901	6000	3000
-1.56084	6000	3000
-1.49904	6000	3000
-1.55587	6000	3000
-1.55284	6000	3000
-1.56232	6000	3000
-1.5583	6000	3000
-1.49862	6000	3000
-1.56238	6000	3000
-1.50279	6000	3000
-1.50274	6000	3000
-1.49959	6000	3000
-1.50037	6000	3000
-1.55533	6000	3000
-1.50163	6000	3000
-1.49959	6000	3000
-1.55818	6000	3000
-1.50068	6000	3000
-1.49912	6000	3000
-1.49984	6000	3000
-1.49917	6000	3000
-1.50009	6000	3000
-1.50095	6000	3000
-1.49972	6000	3000
-1.56167	6000	3000
-1.49932	6000	3000
-1.55897	6000	3000
-1.56063	6000	3000
-1.55963	6000	3000
-1.5006	6000	3000
-1.55951	6000	3000
-1.55726	6000	3000
-1.49924	6000	3000
-1.49603	6000	3000
-1.5005	6000	3000
-1.50176	6000	3000
-1.49997	6000	3000
-1.49998	6000	3000
-1.49926	6000	3000
-1.49845	6000	3000
-1.56068	6000	3000
-1.49672	6000	3000
-1.50112	6000	3000
-1.5622	6000	3000
-1.54788	6000	3000
-1.49881	6000	3000
-1.55915	6000	3000
-1.4998	6000	3000
-1.55849	6000	3000
-1.56192	6000	3000
-1.50071	6000	3000
-1.50071	6000	3000
-1.55697	6000	3000
-1.56032	6000	3000
-1.498	6000	3000
-1.56272	6000	3000
-1.55838	6000	3000
-1.49906	6000	3000
-1.56005	6000	3000
-1.50169	6000	3000
-1.49903	6000	3000
-1.55847	6000	3000
-1.50035	6000	3000
-1.49832	6000	3000
-1.49973	6000	3000
-1.49959	6000	3000
-1.50169	6000	3000
-1.5565	6000	3000
-1.56119	6000	3000
-1.50136	6000	3000
-1.49842	6000	3000
-1.56424	6000	3000
-1.51287	6000	3000
-1.50282	6000	3000
-1.56415	6000	3000
-1.50045	6000	3000
-1.56083	6000	3000
-1.56049	6000	3000
-1.49932	6000	3000
-1.49943	6000	3000
-1.5512	6000	3000
-1.50027	6000	3000
-1.55935	6000	3000
-1.50065	6000	3000
-1.55356	6000	3000
-1.49957	6000	3000
-1.50068	6000	3000
-1.55919	6000	3000
-1.55771	6000	3000
-1.55772	6000	3000
-1.4987	6000	3000
-1.56193	6000	3000
-1.56299	6000	3000
-1.56016	6000	3000
-1.50019	6000	3000
-1.50154	6000	3000
-1.56018	6000	3000
-1.49981	6000	3000
-1.56055	6000	3000
-1.56028	6000	3000
-1.55929	6000	3000
-1.55547	6000	3000
-1.55729	6000	3000
-1.55249	6000	3000
-1.56188	6000	3000
-1.50094	6000	3000
-1.56278	6000	3000
-1.56033	6000	3000
-1.49932	6000	3000
-1.50197	6000	3000
-1.50124	6000	3000
-1.50119	6000	3000
-1.55832	6000	3000
-1.55801	6000	3000
-1.56051	6000	3000
-1.5603	6000	3000
-1.56169	6000	3000
-1.49997	6000	3000
-1.55768	6000	3000
-1.5605	6000	3000
-1.5603	6000	3000
-1.56076	6000	3000
-1.55445	6000	3000
-1.49824	6000	3000
-1.50015	6000	3000
-1.50224	6000	3000
-1.56126	6000	3000
-1.55775	6000	3000
-1.49613	6000	3000
-1.50221	6000	3000
-1.56186	6000	3000
-1.56018	6000	3000
-1.56194	6000	3000
-1.56224	6000	3000
-1.56066	6000	3000
-1.5584	6000	3000
-1.55849	6000	3000
-1.56111	6000	3000
-1.49958	6000	3000
-1.56258	6000	3000
-1.56125	6000	3000
-1.56093	6000	3000
-1.56093	6000	3000
-1.49776	6000	3000
-1.49804	6000	3000
-1.54077	6000	3000
-1.55184	6000	3000
-1.56243	6000	3000
-1.55711	6000	3000
-1.50033	6000	3000
-1.50027	6000	3000
-1.56293	6000	3000
-1.50031	6000	3000
-1.50272	6000	3000
-1.49967	6000	3000
-1.50193	6000	3000
-1.50136	6000	3000
-1.55598	6000	3000
-1.56098	6000	3000
-1.5619	6000	3000
-1.50045	6000	3000
-1.55825	6000	3000
-1.55915	6000	3000
-1.55984	6000	3000
-1.56103	6000	3000
-1.49958	6000	3000
-1.50076	6000	3000
-1.50951	6000	3000
-1.4961	6000	3000
-1.56149	6000	3000
-1.50066	6000	3000
-1.50056	6000	3000
-1.55737	6000	3000
-1.49962	6000	3000
-1.49988	6000	3000
-1.56043	6000	3000
-1.50114	6000	3000
-1.55678	6000	3000
-1.49763	6000	3000
-1.56195	6000	3000
-1.49921	6000	3000
-1.49834	6000	3000
-1.55517	6000	3000
-1.56118	6000	3000
-1.50103	6000	3000
-1.50118	6000	3000
-1.55826	6000	3000
-1.49791	6000	3000
-1.55764	6000	3000
-1.55353	6000	3000
-1.502	6000	3000
-1.49791	6000	3000
-1.53377	6000	3000
-1.55999	6000	3000
-1.5609	6000	3000
-1.56025	6000	3000
-1.5617	6000	3000
-1.49921	6000	3000
-1.55742	6000	3000
-1.49794	6000	3000
-1.49875	6000	3000
-1.56267	6000	3000
-1.49593	6000	3000
-1.55615	6000	3000
-1.49775	6000	3000
-1.55939	6000	3000
-1.55646	6000	3000
-1.49901	6000	3000
-1.56138	6000	3000
-1.55095	6000	3000
-1.5013	6000	3000
-1.56113	6000	3000
-1.50099	6000	3000
-1.55954	6000	3000
-1.49917	6000	3000
-1.56195	6000	3000
-1.55135	6000	3000
-1.49891	6000	3000
-1.55675	6000	3000
-1.55851	6000	3000
-1.55995	6000	3000
-1.55969	6000	3000
-1.49972	6000	3000
-1.49904	6000	3000
-1.49784	6000	3000
-1.49942	6000	3000
-1.55897	6000	3000
-1.55461	6000	3000
-1.49667	6000	3000
-1.50054	6000	3000
-1.4996	6000	3000
-1.559	6000	3000
-1.4991	6000	3000
-1.49959	6000	3000
-1.55254	6000	3000
-1.55867	6000	3000
-1.55987	6000	3000
-1.56247	6000	3000
-1.49741	6000	3000
-1.49973	6000	3000
-1.56126	6000	3000
-1.49743	6000	3000
-1.55445	6000	3000
-1.55863	6000	3000
-1.50104	6000	3000
-1.56024	6000	3000
-1.55503	6000	3000
-1.49878	6000	3000
-1.50178	6000	3000
-1.50055	6000	3000
-1.5018	6000	3000
-1.49859	6000	3000
-1.56231	6000	3000
-1.55812	6000	3000
-1.56058	6000	3000
-1.50036	6000	3000
-1.50201	6000	3000
-1.55984	6000	3000
-1.50151	6000	3000
-1.50126	6000	3000
-1.49671	6000	3000
-1.50194	6000	3000
-1.49829	6000	3000
-1.55536	6000	3000
-1.5001	6000	3000
-1.55919	6000	3000
-1.50126	6000	3000
-1.56226	6000	3000
-1.56012	6000	3000
-1.56089	6000	3000
-1.56162	6000	3000
-1.49902	6000	3000
-1.50053	6000	3000
-1.49916	6000	3000
-1.56217	6000	3000
-1.56291	6000	3000
-1.56033	6000	3000
-1.49732	6000	3000
-1.50122	6000	3000
-1.56315	6000	3000
-1.49956	6000	3000
-1.56224	6000	3000
-1.55611	6000	3000
-1.49871	6000	3000
-1.55951	6000	3000
-1.55829	6000	3000
-1.50134	6000	3000
-1.5002	6000	3000
-1.50113	6000	3000
-1.56112	6000	3000
-1.4985	6000	3000
-1.56261	6000	3000
-1.53714	6000	3000
-1.49998	6000	3000
-1.49834	6000	3000
-1.5019	6000	3000
-1.56039	6000	3000
-1.56114	6000	3000
-1.55965	6000	3000
-1.56031	6000	3000
-1.4967	6000	3000
-1.55923	6000	3000
-1.50298	6000	3000
-1.56174	6000	3000
-1.56032	6000	3000
-1.55784	6000	3000
-1.56124	6000	3000
-1.55685	6000	3000
-1.56085	6000	3000
-1.55847	6000	3000
-1.56272	6000	3000
-1.56316	6000	3000
-1.49721	6000	3000
-1.55655	6000	3000
-1.50038	6000	3000
-1.56499	6000	3000
-1.56559	6000	3000
-1.55886	6000	3000
-1.56247	6000	3000
-1.56231	6000	3000
-1.49884	6000	3000
-1.49749	6000	3000
-1.56186	6000	3000
-1.55205	6000	3000
-1.56148	6000	3000
-1.55425	6000	3000
-1.4962	6000	3000
-1.50283	6000	3000
-1.56328	6000	3000
-1.50093	6000	3000
-1.55785	6000	3000
-1.56081	6000	3000
-1.56233	6000	3000
-1.50029	6000	3000
-1.56103	6000	3000
-1.56021	6000	3000
-1.5613	6000	3000
-1.49629	6000	3000
-1.56136	6000	3000
-1.5611	6000	3000
-1.56128	6000	3000
-1.50253	6000	3000
-1.55355	6000	3000
-1.56414	6000	3000
-1.50135	6000	3000
-1.49913	6000	3000
-1.55115	6000	3000
-1.55998	6000	3000
-1.49753	6000	3000
-1.55982	6000	3000
-1.49733	6000	3000
-1.56134	6000	3000
-1.5646	6000	3000
-1.49943	6000	3000
-1.5564	6000	3000
-1.49802	6000	3000
-1.55595	6000	3000
-1.49789	6000	3000
-1.56051	6000	3000
-1.5602	6000	3000
-1.56264	6000	3000
-1.56173	6000	3000
-1.55897	6000	3000
-1.56325	6000	3000
-1.49871	6000	3000
-1.50098	6000	3000
-1.51847	6000	3000
-1.55868	6000	3000
-1.50063	6000	3000
-1.5001	6000	3000
-1.49723	6000	3000
-1.55747	6000	3000
-1.50145	6000	3000
-1.49822	6000	3000
-1.55972	6000	3000
-1.56051	6000	3000
-1.50054	6000	3000
-1.55687	6000	3000
-1.5585	6000	3000
-1.56223	6000	3000
-1.56174	6000	3000
-1.56256	6000	3000
-1.50126	6000	3000
-1.56331	6000	3000
-1.55404	6000	3000
-1.49901	6000	3000
-1.55861	6000	3000
-1.49896	6000	3000
-1.56208	6000	3000
-1.5628	6000	3000
-1.5541	6000	3000
-1.50186	6000	3000
-1.56223	6000	3000
-1.55986	6000	3000
-1.50006	6000	3000
-1.55046	6000	3000
-1.50082	6000	3000
-1.50027	6000	3000
-1.56057	6000	3000
-1.49838	6000	3000
-1.501	6000	3000
-1.55748	6000	3000
-1.55412	6000	3000
-1.56521	6000	3000
-1.56126	6000	3000
-1.56065	6000	3000
-1.50186	6000	3000
-1.55943	6000	3000
-1.55767	6000	3000
-1.49933	6000	3000
-1.50004	6000	3000
-1.55726	6000	3000
-1.5015	6000	3000
-1.49866	6000	3000
-1.56435	6000	3000
-1.56118	6000	3000
-1.55327	6000	3000
-1.5008	6000	3000
-1.50183	6000	3000
-1.50137	6000	3000
-1.56173	6000	3000
-1.5026	6000	3000
-1.5324	6000	3000
-1.50098	6000	3000
-1.49966	6000	3000
-1.56487	6000	3000
-1.49747	6000	3000
-1.56129	6000	3000
-1.50262	6000	3000
-1.50128	6000	3000
-1.49793	6000	3000
-1.5623	6000	3000
-1.49937	6000	3000
-1.56264	6000	3000
-1.49756	6000	3000
-1.55904	6000	3000
-1.56086	6000	3000
-1.49988	6000	3000
-1.49878	6000	3000
-1.49931	6000	3000
-1.50238	6000	3000
-1.50001	6000	3000
-1.55847	6000	3000
-1.50098	6000	3000
-1.50191	6000	3000
-1.56105	6000	3000
-1.55832	6000	3000
-1.5002	6000	3000
-1.50024	6000	3000
-1.56171	6000	3000
-1.50342	6000	3000
-1.50324	6000	3000
-1.4998	6000	3000
-1.50255	6000	3000
-1.55146	6000	3000
-1.49906	6000	3000
-1.49802	6000	3000
-1.56299	6000	3000
-1.55347	6000	3000
-1.5007	6000	3000
-1.56086	6000	3000
-1.55726	6000	3000
-1.55794	6000	3000
-1.5586	6000	3000
-1.56097	6000	3000
-1.56389	6000	3000
-1.50131	6000	3000
-1.56301	6000	3000
-1.55672	6000	3000
-1.55831	6000	3000
-1.55977	6000	3000
-1.56044	6000	3000
-1.55938	6000	3000
-1.50133	6000	3000
-1.55776	6000	3000
-1.55988	6000	3000
-1.55758	6000	3000
-1.5639	6000	3000
-1.49855	6000	3000
-1.5586	6000	3000
-1.55822	6000	3000
-1.56187	6000	3000
-1.50153	6000	3000
-1.4977	6000	3000
-1.55728	6000	3000
-1.5004	6000	3000
-1.56061	6000	3000
-1.50043	6000	3000
-1.49961	6000	3000
-1.56108	6000	3000
-1.50015	6000	3000
-1.50061	6000	3000
-1.49981	6000	3000
-1.56003	6000	3000
-1.55844	6000	3000
-1.49692	6000	3000
-1.49956	6000	3000
-1.49914	6000	3000
-1.50222	6000	3000
-1.56099	6000	3000
-1.5585	6000	3000
-1.5604	6000	3000
-1.55815	6000	3000
-1.56026	6000	3000
-1.49945	6000	3000
-1.49771	6000	3000
-1.55605	6000	3000
-1.49875	6000	3000
-1.56114	6000	3000
-1.56441	6000	3000
-1.55814	6000	3000
-1.49742	6000	3000
-1.50026	6000	3000
-1.49735	6000	3000
-1.56018	6000	3000
-1.50153	6000	3000
-1.49832	6000	3000
-1.55971	6000	3000
-1.50337	6000	3000
-1.50116	6000	3000
-1.50033	6000	3000
-1.50082	6000	3000
-1.5015	6000	3000
-1.4984	6000	3000
-1.49964	6000	3000
-1.56124	6000	3000
-1.49911	6000	3000
-1.50835	6000	3000
-1.50081	6000	3000
-1.5016	6000	3000
-1.49996	6000	3000
-1.56039	6000	3000
-1.49998	6000	3000
-1.56123	6000	3000
-1.50017	6000	3000
-1.50155	6000	3000
-1.50063	6000	3000
-1.55957	6000	3000
-1.49945	6000	3000
-1.49763	6000	3000
-1.56344	6000	3000
-1.55958	6000	3000
-1.49933	6000	3000
-1.56125	6000	3000
-1.54425	6000	3000
-1.50018	6000	3000
-1.56062	6000	3000
-1.50211	6000	3000
-1.5574	6000	3000
-1.56531	6000	3000
-1.49767	6000	3000
-1.50269	6000	3000
-1.50378	6000	3000
-1.50359	6000	3000
-1.50075	6000	3000
-1.49909	6000	3000
-1.49794	6000	3000
-1.55995	6000	3000
-1.55891	6000	3000
-1.49912	6000	3000
-1.49711	6000	3000
-1.49982	6000	3000
-1.49991	6000	3000
-1.49761	6000	3000
-1.55926	6000	3000
-1.49836	6000	3000
-1.56075	6000	3000
-1.49878	6000	3000
-1.50059	6000	3000
-1.56125	6000	3000
-1.50069	6000	3000
-1.56236	6000	3000
-1.55402	6000	3000
-1.49918	6000	3000
-1.50109	6000	3000
-1.56272	6000	3000
-1.5541	6000	3000
-1.50714	6000	3000
-1.56104	6000	3000
-1.56059	6000	3000
-1.49754	6000	3000
-1.55827	6000	3000
-1.56107	6000	3000
-1.5625	6000	3000
-1.50084	6000	3000
-1.5001	6000	3000
-1.4999	6000	3000
-1.5578	6000	3000
-1.56035	6000	3000
-1.49856	6000	3000
-1.55697	6000	3000
-1.49824	6000	3000
-1.50191	6000	3000
-1.52312	6000	3000
-1.4999	6000	3000
-1.49835	6000	3000
-1.50215	6000	3000
-1.50118	6000	3000
-1.49987	6000	3000
-1.50285	6000	3000
-1.56101	6000	3000
-1.56189	6000	3000
-1.55713	6000	3000
-1.49797	6000	3000
-1.49837	6000	3000
-1.55153	6000	3000
-1.55927	6000	3000
-1.55858	6000	3000
-1.56287	6000	3000
-1.4996	6000	3000
-1.49724	6000	3000
-1.49809	6000	3000
-1.55986	6000	3000
-1.49799	6000	3000
-1.56267	6000	3000
-1.56075	6000	3000
-1.50067	6000	3000
-1.49867	6000	3000
-1.55717	6000	3000
-1.56401	6000	3000
-1.55312	6000	3000
-1.56124	6000	3000
-1.56292	6000	3000
-1.49893	6000	3000
-1.55993	6000	3000
-1.50041	6000	3000
-1.55889	6000	3000
-1.56241	6000	3000
-1.49824	6000	3000
-1.50025	6000	3000
-1.49888	6000	3000
-1.5577	6000	3000
-1.50026	6000	3000
-1.56224	6000	3000
-1.56023	6000	3000
-1.50214	6000	3000
-1.5597	6000	3000
-1.56313	6000	3000
-1.49958	6000	3000
-1.56196	6000	3000
-1.55975	6000	3000
-1.56104	6000	3000
-1.49812	6000	3000
-1.50002	6000	3000
-1.56029	6000	3000
-1.50102	6000	3000
-1.55917	6000	3000
-1.55947	6000	3000
-1.4983	6000	3000
-1.49797	6000	3000
-1.56352	6000	3000
-1.56112	6000	3000
-1.56243	6000	3000
-1.50563	6000	3000
-1.55878	6000	3000
-1.54532	6000	3000
-1.55616	6000	3000
-1.56222	6000	3000
-1.5538	6000	3000
-1.50058	6000	3000
-1.56409	6000	3000
-1.49953	6000	3000
-1.49948	6000	3000
-1.50333	6000	3000
-1.49657	6000	3000
-1.56338	6000	3000
-1.54859	6000	3000
-1.55615	6000	3000
-1.50221	6000	3000
-1.55395	6000	3000
-1.49991	6000	3000
-1.55779	6000	3000
-1.49886	6000	3000
-1.5006	6000	3000
-1.49653	6000	3000
-1.56223	6000	3000
-1.49907	6000	3000
-1.5021	6000	3000
-1.50134	6000	3000
-1.56464	6000	3000
-1.49845	6000	3000
-1.55972	6000	3000
-1.50001	6000	3000
-1.56411	6000	3000
-1.50068	6000	3000
-1.56465	6000	3000
-1.50217	6000	3000
-1.50038	6000	3000
-1.56171	6000	3000
-1.56114	6000	3000
-1.49916	6000	3000
-1.56082	6000	3000
-1.49978	6000	3000
-1.49931	6000	3000
-1.50076	6000	3000
-1.56193	6000	3000
-1.50051	6000	3000
-1.55936	6000	3000
-1.56212	6000	3000
-1.561	6000	3000
-1.55871	6000	3000
-1.5595	6000	3000
-1.56049	6000	3000
-1.56197	6000	3000
-1.4963	6000	3000
-1.56073	6000	3000
-1.55923	6000	3000
-1.5607	6000	3000
-1.55817	6000	3000
-1.5	6000	3000
-1.50001	6000	3000
-1.55298	6000	3000
-1.54948	6000	3000
-1.55905	6000	3000
-1.55929	6000	3000
-1.55585	6000	3000
-1.56136	6000	3000
-1.49942	6000	3000
-1.50276	6000	3000
-1.55702	6000	3000
-1.50214	6000	3000
-1.56128	6000	3000
-1.5017	6000	3000
-1.55763	6000	3000
-1.49994	6000	3000
-1.5521	6000	3000
-1.50203	6000	3000
-1.49783	6000	3000
-1.50019	6000	3000
-1.55944	6000	3000
-1.55929	6000	3000
-1.56142	6000	3000
-1.55987	6000	3000
-1.49797	6000	3000
-1.55605	6000	3000
-1.49976	6000	3000
-1.56131	6000	3000
-1.56408	6000	3000
-1.55653	6000	3000
-1.49999	6000	3000
-1.49892	6000	3000
-1.5587	6000	3000
-1.56333	6000	3000
-1.50255	6000	3000
-1.50222	6000	3000
-1.55949	6000	3000
-1.55978	6000	3000
-1.56129	6000	3000
-1.49775	6000	3000
-1.55873	6000	3000
-1.50216	6000	3000
-1.55268	6000	3000
-1.55467	6000	3000
-1.56006	6000	3000
-1.55923	6000	3000
-1.50111	6000	3000
-1.50219	6000	3000
-1.50241	6000	3000
-1.50113	6000	3000
-1.4987	6000	3000
-1.55887	6000	3000
-1.5596	6000	3000
-1.50123	6000	3000
-1.49958	6000	3000
-1.50103	6000	3000
-1.49848	6000	3000
-1.49847	6000	3000
-1.55711	6000	3000
-1.50039	6000	3000
-1.55911	6000	3000
-1.56069	6000	3000
-1.55863	6000	3000
-1.49842	6000	3000
-1.49984	6000	3000
-1.49913	6000	3000
-1.4986	6000	3000
-1.55996	6000	3000
-1.49637	6000	3000
-1.50107	6000	3000
-1.55942	6000	3000
-1.5593	6000	3000
-1.49919	6000	3000
-1.56085	6000	3000
-1.49821	6000	3000
-1.55951	6000	3000
-1.55895	6000	3000
-1.50024	6000	3000
-1.56416	6000	3000
-1.56093	6000	3000
-1.55232	6000	3000
-1.55811	6000	3000
-1.50002	6000	3000
-1.56066	6000	3000
-1.49705	6000	3000
-1.49998	6000	3000
-1.49749	6000	3000
-1.49663	6000	3000
-1.49791	6000	3000
-1.55556	6000	3000
-1.50284	6000	3000
-1.56189	6000	3000
-1.56046	6000	3000
-1.49728	6000	3000
-1.56001	6000	3000
-1.50008	6000	3000
-1.49987	6000	3000
-1.49963	6000	3000
-1.55875	6000	3000
-1.4998	6000	3000
-1.50327	6000	3000
-1.56182	6000	3000
-1.50055	6000	3000
-1.56253	6000	3000
-1.55756	6000	3000
-1.55858	6000	3000
-1.56046	6000	3000
-1.49876	6000	3000
-1.49894	6000	3000
-1.56274	6000	3000
-1.55923	6000	3000
-1.50107	6000	3000
-1.56265	6000	3000
-1.55826	6000	3000
-1.5577	6000	3000
-1.56187	6000	3000
-1.50434	6000	3000
-1.50257	6000	3000
-1.55835	6000	3000
-1.55627	6000	3000
-1.50275	6000	3000
-1.49908	6000	3000
-1.55799	6000	3000
-1.55924	6000	3000
-1.55876	6000	3000
-1.50149	6000	3000
-1.49762	6000	3000
-1.55755	6000	3000
-1.49881	6000	3000
-1.49855	6000	3000
-1.5618	6000	3000
-1.56064	6000	3000
-1.49901	6000	3000
-1.50028	6000	3000
-1.50003	6000	3000
-1.55628	6000	3000
-1.50175	6000	3000
-1.50144	6000	3000
-1.49738	6000	3000
-1.4994	6000	3000
-1.55979	6000	3000
-1.501	6000	3000
-1.49966	6000	3000
-1.49934	6000	3000
-1.56087	6000	3000
-1.56055	6000	3000
-1.50056	6000	3000
-1.55122	6000	3000
-1.56412	6000	3000
-1.564	6000	3000
-1.49811	6000	3000
-1.56207	6000	3000
-1.50162	6000	3000
-1.49961	6000	3000
-1.50002	6000	3000
-1.5598	6000	3000
-1.56033	6000	3000
-1.50084	6000	3000
-1.54921	6000	3000
-1.50084	6000	3000
-1.56276	6000	3000
-1.56468	6000	3000
-1.49918	6000	3000
-1.56073	6000	3000
-1.50074	6000	3000
-1.56169	6000	3000
-1.56225	6000	3000
-1.56223	6000	3000
-1.50154	6000	3000
-1.55765	6000	3000
-1.50152	6000	3000
-1.56041	6000	3000
-1.503	6000	3000
-1.55717	6000	3000
-1.4984	6000	3000
-1.56083	6000	3000
-1.5012	6000	3000
-1.49945	6000	3000
-1.50071	6000	3000
-1.4991	6000	3000
-1.55751	6000	3000
-1.55973	6000	3000
-1.49901	6000	3000
-1.49928	6000	3000
-1.50364	6000	3000
-1.56228	6000	3000
-1.501	6000	3000
-1.50018	6000	3000
-1.49831	6000	3000
-1.56122	6000	3000
-1.50132	6000	3000
-1.56173	6000	3000
-1.49843	6000	3000
-1.56172	6000	3000
-1.56117	6000	3000
-1.49889	6000	3000
-1.50206	6000	3000
-1.49959	6000	3000
-1.56068	6000	3000
-1.55841	6000	3000
-1.49946	6000	3000
-1.4975	6000	3000
-1.50186	6000	3000
-1.50125	6000	3000
-1.56267	6000	3000
-1.50059	6000	3000
-1.56232	6000	3000
-1.55756	6000	3000
-1.56222	6000	3000
-1.56029	6000	3000
-1.56311	6000	3000
-1.56238	6000	3000
-1.56032	6000	3000
-1.50208	6000	3000
-1.49959	6000	3000
-1.49882	6000	3000
-1.55937	6000	3000
-1.55329	6000	3000
-1.50161	6000	3000
-1.56329	6000	3000
-1.55802	6000	3000
-1.54889	6000	3000
-1.55516	6000	3000
-1.50056	6000	3000
-1.56217	6000	3000
-1.49936	6000	3000
-1.5581	6000	3000
-1.56212	6000	3000
-1.55867	6000	3000
-1.55767	6000	3000
-1.56187	6000	3000
-1.55997	6000	3000
-1.56101	6000	3000
-1.55833	6000	3000
-1.55457	6000	3000
-1.502	6000	3000
-1.55829	6000	3000
-1.56129	6000	3000
-1.49944	6000	3000
-1.55561	6000	3000
-1.56159	6000	3000
-1.4997	6000	3000
-1.56157	6000	3000
-1.49982	6000	3000
-1.49896	6000	3000
-1.49842	6000	3000
-1.49679	6000	3000
-1.55931	6000	3000
-1.50267	6000	3000
-1.49501	6000	3000
-1.49978	6000	3000
-1.55263	6000	3000
-1.5035	6000	3000
-1.5601	6000	3000
-1.56154	6000	3000
-1.49816	6000	3000
-1.55823	6000	3000
-1.49907	6000	3000
-1.55283	6000	3000
-1.49985	6000	3000
-1.50201	6000	3000
-1.55792	6000	3000
-1.55991	6000	3000
-1.50106	6000	3000
-1.49881	6000	3000
-1.50036	6000	3000
-1.50208	6000	3000
-1.56042	6000	3000
-1.50027	6000	3000
-1.56009	6000	3000
-1.55702	6000	3000
-1.49739	6000	3000
-1.50202	6000	3000
-1.56156	6000	3000
-1.5585	6000	3000
-1.50091	6000	3000
-1.56171	6000	3000
-1.50331	6000	3000
-1.5008	6000	3000
-1.56444	6000	3000
-1.56212	6000	3000
-1.56096	6000	3000
-1.49954	6000	3000
-1.49973	6000	3000
-1.50168	6000	3000
-1.50278	6000	3000
-1.56228	6000	3000
-1.55839	6000	3000
-1.5511	6000	3000
-1.56124	6000	3000
-1.5524	6000	3000
-1.49812	6000	3000
-1.49985	6000	3000
-1.55763	6000	3000
-1.4984	6000	3000
-1.55928	6000	3000
-1.49688	6000	3000
-1.5571	6000	3000
-1.56233	6000	3000
-1.50077	6000	3000
-1.50035	6000	3000
-1.50139	6000	3000
-1.49845	6000	3000
-1.5588	6000	3000
-1.49471	6000	3000
-1.4969	6000	3000
-1.56031	6000	3000
-1.55184	6000	3000
-1.50087	6000	3000
-1.56207	6000	3000
-1.55509	6000	3000
-1.56447	6000	3000
-1.56129	6000	3000
-1.55883	6000	3000
-1.5356	6000	3000
-1.50077	6000	3000
-1.55499	6000	3000
-1.5585	6000	3000
-1.4953	6000	3000
-1.56073	6000	3000
-1.50117	6000	3000
-1.56124	6000	3000
-1.49992	6000	3000
-1.56166	6000	3000
-1.50185	6000	3000
-1.56255	6000	3000
-1.5537	6000	3000
-1.56191	6000	3000
-1.50085	6000	3000
-1.50093	6000	3000
-1.56098	6000	3000
-1.56047	6000	3000
-1.56486	6000	3000
-1.49753	6000	3000
-1.49958	6000	3000
-1.49777	6000	3000
-1.56111	6000	3000
-1.49837	6000	3000
-1.55981	6000	3000
-1.56303	6000	3000
-1.49816	6000	3000
-1.55907	6000	3000
-1.56018	6000	3000
-1.55931	6000	3000
-1.49945	6000	3000
-1.50187	6000	3000
-1.55599	6000	3000
-1.55728	6000	3000
-1.56051	6000	3000
-1.50039	6000	3000
-1.50131	6000	3000
-1.55914	6000	3000
-1.50059	6000	3000
-1.55932	6000	3000
-1.56301	6000	3000
-1.56354	6000	3000
-1.49898	6000	3000
-1.56225	6000	3000
-1.49703	6000	3000
-1.49699	6000	3000
-1.55685	6000	3000
-1.55835	6000	3000
-1.49906	6000	3000
-1.49513	6000	3000
-1.50001	6000	3000
-1.55695	6000	3000
-1.50129	6000	3000
-1.56054	6000	3000
-1.55905	6000	3000
-1.55789	6000	3000
-1.56201	6000	3000
-1.5004	6000	3000
-1.55983	6000	3000
-1.49781	6000	3000
-1.50174	6000	3000
-1.49619	6000	3000
-1.56001	6000	3000
-1.50017	6000	3000
-1.55554	6000	3000
-1.50067	6000	3000
-1.55224	6000	3000
-1.49909	6000	3000
-1.50243	6000	3000
-1.5004	6000	3000
-1.49791	6000	3000
-1.56212	6000	3000
-1.49717	6000	3000
-1.49704	6000	3000
-1.55813	6000	3000
-1.55963	6000	3000
-1.56186	6000	3000
-1.55877	6000	3000
-1.55956	6000	3000
-1.50167	6000	3000
-1.49987	6000	3000
-1.56204	6000	3000
-1.5004	6000	3000
-1.49801	6000	3000
-1.55996	6000	3000
-1.56549	6000	3000
-1.56317	6000	3000
-1.4995	6000	3000
-1.49855	6000	3000
-1.49988	6000	3000
-1.49979	6000	3000
-1.49881	6000	3000
-1.55668	6000	3000
-1.50225	6000	3000
-1.49923	6000	3000
-1.50048	6000	3000
-1.49718	6000	3000
-1.56206	6000	3000
-1.50092	6000	3000
-1.49865	6000	3000
-1.4988	6000	3000
-1.50062	6000	3000
-1.56399	6000	3000
-1.54895	6000	3000
-1.55845	6000	3000
-1.55911	6000	3000
-1.50025	6000	3000
-1.55874	6000	3000
-1.49819	6000	3000
-1.56092	6000	3000
-1.49894	6000	3000
-1.55943	6000	3000
-1.49937	6000	3000
-1.55828	6000	3000
-1.5001	6000	3000
-1.5014	6000	3000
-1.56432	6000	3000
-1.49867	6000	3000
-1.49975	6000	3000
-1.56139	6000	3000
-1.49988	6000	3000
-1.4971	6000	3000
-1.5	6000	3000
-1.50083	6000	3000
-1.55848	6000	3000
-1.55915	6000	3000
-1.50132	6000	3000
-1.55324	6000	3000
-1.49791	6000	3000
-1.50254	6000	3000
-1.56247	6000	3000
-1.56102	6000	3000
-1.50171	6000	3000
-1.49752	6000	3000
-1.56152	6000	3000
-1.49977	6000	3000
-1.49954	6000	3000
-1.50105	6000	3000
-1.49862	6000	3000
-1.55845	6000	3000
-1.50074	6000	3000
-1.56201	6000	3000
-1.5635	6000	3000
-1.49607	6000	3000
-1.49999	6000	3000
-1.55964	6000	3000
-1.49732	6000	3000
-1.55968	6000	3000
-1.56181	6000	3000
-1.55922	6000	3000
-1.56003	6000	3000
-1.55809	6000	3000
-1.50083	6000	3000
-1.49992	6000	3000
-1.497	6000	3000
-1.56049	6000	3000
-1.54916	6000	3000
-1.49987	6000	3000
-1.55743	6000	3000
-1.5026	6000	3000
-1.55565	6000	3000
-1.49893	6000	3000
-1.49893	6000	3000
-1.49855	6000	3000
-1.52949	6000	3000
-1.56391	6000	3000
-1.50146	6000	3000
-1.5632	6000	3000
-1.50109	6000	3000
-1.50131	6000	3000
-1.55958	6000	3000
-1.56039	6000	3000
-1.56112	6000	3000
-1.49698	6000	3000
-1.56091	6000	3000
-1.55966	6000	3000
-1.5001	6000	3000
-1.5615	6000	3000
-1.50222	6000	3000
-1.56041	6000	3000
-1.50295	6000	3000
-1.55627	6000	3000
-1.563	6000	3000
-1.49925	6000	3000
-1.55696	6000	3000
-1.54794	6000	3000
-1.55967	6000	3000
-1.55841	6000	3000
-1.49897	6000	3000
-1.4978	6000	3000
-1.56336	6000	3000
-1.4988	6000	3000
-1.49829	6000	3000
-1.5586	6000	3000
-1.55905	6000	3000
-1.49815	6000	3000
-1.56236	6000	3000
-1.49979	6000	3000
-1.50059	6000	3000
-1.55859	6000	3000
-1.4994	6000	3000
-1.49862	6000	3000
-1.56069	6000	3000
-1.55994	6000	3000
-1.56201	6000	3000
-1.49949	6000	3000
-1.50008	6000	3000
-1.56164	6000	3000
-1.50078	6000	3000
-1.4978	6000	3000
-1.50104	6000	3000
-1.49987	6000	3000
-1.49935	6000	3000
-1.5026	6000	3000
-1.55676	6000	3000
-1.4991	6000	3000
-1.56046	6000	3000
-1.50255	6000	3000
-1.5595	6000	3000
-1.49902	6000	3000
-1.56007	6000	3000
-1.55891	6000	3000
-1.50076	6000	3000
-1.50024	6000	3000
-1.49965	6000	3000
-1.56032	6000	3000
-1.55513	6000	3000
-1.49891	6000	3000
-1.49814	6000	3000
-1.5604	6000	3000
-1.56126	6000	3000
-1.55972	6000	3000
-1.56236	6000	3000
-1.55899	6000	3000
-1.561	6000	3000
-1.49947	6000	3000
-1.5595	6000	3000
-1.56624	6000	3000
-1.4986	6000	3000
-1.50112	6000	3000
-1.49796	6000	3000
-1.56113	6000	3000
-1.49861	6000	3000
-1.55542	6000	3000
-1.49765	6000	3000
-1.55539	6000	3000
-1.50283	6000	3000
-1.55852	6000	3000
-1.5575	6000	3000
-1.56137	6000	3000
-1.55883	6000	3000
-1.55873	6000	3000
-1.55849	6000	3000
-1.55991	6000	3000
-1.49966	6000	3000
-1.49729	6000	3000
-1.50172	6000	3000
-1.56012	6000	3000
-1.56324	6000	3000
-1.49856	6000	3000
-1.56457	6000	3000
-1.5581	6000	3000
-1.56056	6000	3000
-1.56096	6000	3000
-1.50197	6000	3000
-1.55111	6000	3000
-1.50017	6000	3000
-1.49788	6000	3000
-1.55862	6000	3000
-1.55641	6000	3000
-1.49783	6000	3000
-1.49698	6000	3000
-1.55943	6000	3000
-1.50162	6000	3000
-1.50225	6000	3000
-1.55937	6000	3000
-1.56042	6000	3000
-1.56362	6000	3000
-1.50229	6000	3000
-1.55083	6000	3000
-1.50172	6000	3000
-1.49892	6000	3000
-1.56106	6000	3000
-1.50027	6000	3000
-1.55906	6000	3000
-1.49932	6000	3000
-1.56321	6000	3000
-1.50044	6000	3000
-1.56044	6000	3000
-1.49994	6000	3000
-1.49889	6000	3000
-1.5605	6000	3000
-1.55626	6000	3000
-1.50157	6000	3000
-1.55777	6000	3000
-1.49919	6000	3000
-1.49922	6000	3000
-1.55355	6000	3000
-1.55839	6000	3000
-1.56196	6000	3000
-1.55886	6000	3000
-1.56099	6000	3000
-1.49976	6000	3000
-1.50048	6000	3000
-1.55733	6000	3000
-1.56274	6000	3000
-1.49931	6000	3000
-1.55815	6000	3000
-1.50165	6000	3000
-1.56189	6000	3000
-1.55842	6000	3000
-1.55854	6000	3000
-1.55978	6000	3000
-1.49872	6000	3000
-1.49897	6000	3000
-1.50099	6000	3000
-1.49879	6000	3000
-1.55388	6000	3000
-1.49781	6000	3000
-1.55941	6000	3000
-1.56156	6000	3000
-1.49808	6000	3000
-1.49867	6000	3000
-1.55534	6000	3000
-1.56045	6000	3000
-1.49988	6000	3000
-1.49818	6000	3000
-1.50023	6000	3000
-1.56231	6000	3000
-1.49896	6000	3000
-1.49791	6000	3000
-1.54959	6000	3000
-1.4993	6000	3000
-1.55937	6000	3000
-1.56279	6000	3000
-1.55939	6000	3000
-1.56044	6000	3000
-1.50218	6000	3000
-1.56085	6000	3000
-1.49887	6000	3000
-1.56425	6000	3000
-1.50066	6000	3000
-1.50097	6000	3000
-1.55845	6000	3000
-1.56064	6000	3000
-1.49912	6000	3000
-1.50034	6000	3000
-1.50133	6000	3000
-1.49895	6000	3000
-1.49984	6000	3000
-1.49783	6000	3000
-1.5626	6000	3000
-1.50324	6000	3000
-1.49794	6000	3000
-1.56199	6000	3000
-1.50071	6000	3000
-1.50025	6000	3000
-1.56101	6000	3000
-1.50121	6000	3000
-1.49996	6000	3000
-1.50134	6000	3000
-1.50063	6000	3000
-1.49874	6000	3000
-1.5605	6000	3000
-1.5017	6000	3000
-1.49948	6000	3000
-1.50048	6000	3000
-1.56141	6000	3000
-1.4993	6000	3000
-1.56019	6000	3000
-1.49877	6000	3000
-1.50203	6000	3000
-1.49789	6000	3000
-1.49855	6000	3000
-1.55864	6000	3000
-1.55978	6000	3000
-1.50087	6000	3000
-1.50071	6000	3000
-1.5016	6000	3000
-1.56211	6000	3000
-1.55926	6000	3000
-1.55991	6000	3000
-1.49865	6000	3000
-1.56194	6000	3000
-1.55867	6000	3000
-1.49953	6000	3000
-1.49686	6000	3000
-1.50035	6000	3000
-1.49917	6000	3000
-1.50089	6000	3000
-1.55353	6000	3000
-1.56329	6000	3000
-1.50104	6000	3000
-1.49849	6000	3000
-1.55912	6000	3000
-1.49636	6000	3000
-1.49937	6000	3000
-1.49917	6000	3000
-1.55628	6000	3000
-1.50345	6000	3000
-1.55945	6000	3000
-1.5633	6000	3000
-1.56055	6000	3000
-1.56105	6000	3000
-1.56253	6000	3000
-1.55564	6000	3000
-1.56049	6000	3000
-1.56042	6000	3000
-1.49943	6000	3000
-1.56351	6000	3000
-1.4981	6000	3000
-1.49925	6000	3000
-1.56373	6000	3000
-1.50139	6000	3000
-1.55779	6000	3000
-1.49956	6000	3000
-1.56183	6000	3000
-1.55227	6000	3000
-1.55658	6000	3000
-1.49828	6000	3000
-1.50059	6000	3000
-1.56547	6000	3000
-1.5614	6000	3000
-1.49957	6000	3000
-1.49712	6000	3000
-1.50054	6000	3000
-1.55818	6000	3000
-1.56262	6000	3000
-1.50138	6000	3000
-1.56023	6000	3000
-1.55729	6000	3000
-1.50194	6000	3000
-1.49899	6000	3000
-1.50246	6000	3000
-1.49904	6000	3000
-1.50056	6000	3000
-1.56123	6000	3000
-1.50174	6000	3000
-1.50257	6000	3000
-1.4995	6000	3000
-1.56234	6000	3000
-1.50234	6000	3000
-1.50423	6000	3000
-1.56127	6000	3000
-1.50119	6000	3000
-1.50048	6000	3000
-1.56388	6000	3000
-1.55822	6000	3000
-1.56033	6000	3000
-1.55556	6000	3000
-1.56038	6000	3000
-1.55978	6000	3000
-1.4999	6000	3000
-1.4992	6000	3000
-1.50012	6000	3000
-1.50032	6000	3000
-1.56176	6000	3000
-1.49905	6000	3000
-1.49949	6000	3000
-1.49955	6000	3000
-1.55884	6000	3000
-1.50489	6000	3000
-1.4994	6000	3000
-1.55618	6000	3000
-1.55866	6000	3000
-1.49991	6000	3000
-1.49996	6000	3000
-1.55733	6000	3000
-1.49888	6000	3000
-1.50144	6000	3000
-1.51799	6000	3000
-1.5009	6000	3000
-1.49842	6000	3000
-1.5586	6000	3000
-1.56459	6000	3000
-1.49812	6000	3000
-1.56174	6000	3000
-1.55355	6000	3000
-1.50053	6000	3000
-1.50099	6000	3000
-1.49889	6000	3000
-1.55901	6000	3000
-1.56031	6000	3000
-1.50001	6000	3000
-1.50135	6000	3000
-1.49833	6000	3000
-1.50037	6000	3000
-1.49983	6000	3000
-1.49937	6000	3000
-1.56017	6000	3000
-1.49837	6000	3000
-1.55442	6000	3000
-1.5547	6000	3000
-1.50093	6000	3000
-1.56263	6000	3000
-1.50189	6000	3000
-1.5571	6000	3000
-1.50099	6000	3000
-1.522	6000	3000
-1.55686	6000	3000
-1.50103	6000	3000
-1.49929	6000	3000
-1.55523	6000	3000
-1.50234	6000	3000
-1.49762	6000	3000
-1.56198	6000	3000
-1.49935	6000	3000
-1.55359	6000	3000
-1.50233	6000	3000
-1.5024	6000	3000
-1.55978	6000	3000
-1.55754	6000	3000
-1.50016	6000	3000
-1.55366	6000	3000
-1.55669	6000	3000
-1.50105	6000	3000
-1.49888	6000	3000
-1.56021	6000	3000
-1.49733	6000	3000
-1.49931	6000	3000
-1.49894	6000	3000
-1.55918	6000	3000
-1.49991	6000	3000
-1.55796	6000	3000
-1.50082	6000	3000
-1.49797	6000	3000
-1.56336	6000	3000
-1.50021	6000	3000
-1.5629	6000	3000
-1.56079	6000	3000
-1.56166	6000	3000
-1.50048	6000	3000
-1.49762	6000	3000
-1.56213	6000	3000
-1.4998	6000	3000
-1.49848	6000	3000
-1.56216	6000	3000
-1.5594	6000	3000
-1.50031	6000	3000
-1.5623	6000	3000
-1.49893	6000	3000
-1.56205	6000	3000
-1.53632	6000	3000
-1.4998	6000	3000
-1.50013	6000	3000
-1.56475	6000	3000
-1.50181	6000	3000
-1.50043	6000	3000
-1.50035	6000	3000
-1.56211	6000	3000
-1.49745	6000	3000
-1.50237	6000	3000
-1.56123	6000	3000
-1.56218	6000	3000
-1.49863	6000	3000
-1.49999	6000	3000
-1.49943	6000	3000
-1.50098	6000	3000
-1.56067	6000	3000
-1.55836	6000	3000
-1.49814	6000	3000
-1.49915	6000	3000
-1.49928	6000	3000
-1.56201	6000	3000
-1.56017	6000	3000
-1.50032	6000	3000
-1.56117	6000	3000
-1.50027	6000	3000
-1.56039	6000	3000
-1.50073	6000	3000
-1.49979	6000	3000
-1.55836	6000	3000
-1.49816	6000	3000
-1.49706	6000	3000
-1.50016	6000	3000
-1.56147	6000	3000
-1.50079	6000	3000
-1.55424	6000	3000
-1.54408	6000	3000
-1.49689	6000	3000
-1.56036	6000	3000
-1.55988	6000	3000
-1.55662	6000	3000
-1.49987	6000	3000
-1.53967	6000	3000
-1.55341	6000	3000
-1.55945	6000	3000
-1.49733	6000	3000
-1.56098	6000	3000
-1.50064	6000	3000
-1.49667	6000	3000
-1.5006	6000	3000
-1.55927	6000	3000
-1.55725	6000	3000
-1.55963	6000	3000
-1.55592	6000	3000
-1.55295	6000	3000
-1.56209	6000	3000
-1.56356	6000	3000
-1.49973	6000	3000
-1.49822	6000	3000
-1.55965	6000	3000
-1.55999	6000	3000
-1.50246	6000	3000
-1.56252	6000	3000
-1.5009	6000	3000
-1.55447	6000	3000
-1.5578	6000	3000
-1.50155	6000	3000
-1.50068	6000	3000
-1.49656	6000	3000
-1.49727	6000	3000
-1.56018	6000	3000
-1.55472	6000	3000
-1.49911	6000	3000
-1.49956	6000	3000
-1.5611	6000	3000
-1.50143	6000	3000
-1.55723	6000	3000
-1.55911	6000	3000
-1.56042	6000	3000
-1.50312	6000	3000
-1.50045	6000	3000
-1.55721	6000	3000
-1.5585	6000	3000
-1.4991	6000	3000
-1.56139	6000	3000
-1.50165	6000	3000
-1.5563	6000	3000
-1.49722	6000	3000
-1.56059	6000	3000
-1.56282	6000	3000
-1.49938	6000	3000
-1.5617	6000	3000
-1.49875	6000	3000
-1.55871	6000	3000
-1.55761	6000	3000
-1.49848	6000	3000
-1.49975	6000	3000
-1.56079	6000	3000
-1.56171	6000	3000
-1.55728	6000	3000
-1.49833	6000	3000
-1.4987	6000	3000
-1.49795	6000	3000
-1.4995	6000	3000
-1.56193	6000	3000
-1.56153	6000	3000
-1.56188	6000	3000
-1.56188	6000	3000
-1.55871	6000	3000
-1.50152	6000	3000
-1.50309	6000	3000
-1.56026	6000	3000
-1.55572	6000	3000
-1.56186	6000	3000
-1.5002	6000	3000
-1.501	6000	3000
-1.56051	6000	3000
-1.56011	6000	3000
-1.5559	6000	3000
-1.50073	6000	3000
-1.55975	6000	3000
-1.49847	6000	3000
-1.49825	6000	3000
-1.56082	6000	3000
-1.49851	6000	3000
-1.50075	6000	3000
-1.55423	6000	3000
-1.56111	6000	3000
-1.49782	6000	3000
-1.50148	6000	3000
-1.49771	6000	3000
-1.50134	6000	3000
-1.56392	6000	3000
-1.55828	6000	3000
-1.55886	6000	3000
-1.56191	6000	3000
-1.49985	6000	3000
-1.55916	6000	3000
-1.5003	6000	3000
-1.56183	6000	3000
-1.55833	6000	3000
-1.55857	6000	3000
-1.50287	6000	3000
-1.56076	6000	3000
-1.49985	6000	3000
-1.50053	6000	3000
-1.56166	6000	3000
-1.55844	6000	3000
-1.49761	6000	3000
-1.56074	6000	3000
-1.55867	6000	3000
-1.56552	6000	3000
-1.56137	6000	3000
-1.50042	6000	3000
-1.49963	6000	3000
-1.56579	6000	3000
-1.55461	6000	3000
-1.55881	6000	3000
-1.56109	6000	3000
-1.55628	6000	3000
-1.55114	6000	3000
-1.55976	6000	3000
-1.50075	6000	3000
-1.55689	6000	3000
-1.54802	6000	3000
-1.56172	6000	3000
-1.56283	6000	3000
-1.55058	6000	3000
-1.50263	6000	3000
-1.50015	6000	3000
-1.49706	6000	3000
-1.56589	6000	3000
-1.56203	6000	3000
-1.49932	6000	3000
-1.49982	6000	3000
-1.49751	6000	3000
-1.49943	6000	3000
-1.5613	6000	3000
-1.56049	6000	3000
-1.50323	6000	3000
-1.54534	6000	3000
-1.56207	6000	3000
-1.49887	6000	3000
-1.56378	6000	3000
-1.55821	6000	3000
-1.55965	6000	3000
-1.56211	6000	3000
-1.56088	6000	3000
-1.56281	6000	3000
-1.56004	6000	3000
-1.5616	6000	3000
-1.56034	6000	3000
-1.49662	6000	3000
-1.56246	6000	3000
-1.50119	6000	3000
-1.56013	6000	3000
-1.49792	6000	3000
-1.5634	6000	3000
-1.49996	6000	3000
-1.55564	6000	3000
-1.5004	6000	3000
-1.55872	6000	3000
-1.49985	6000	3000
-1.50075	6000	3000
-1.56173	6000	3000
-1.49875	6000	3000
-1.49976	6000	3000
-1.50338	6000	3000
-1.5009	6000	3000
-1.49956	6000	3000
-1.50393	6000	3000
-1.56304	6000	3000
-1.50249	6000	3000
-1.49977	6000	3000
-1.49828	6000	3000
-1.5581	6000	3000
-1.56128	6000	3000
-1.55938	6000	3000
-1.56212	6000	3000
-1.49936	6000	3000
-1.49908	6000	3000
-1.50106	6000	3000
-1.55749	6000	3000
-1.49977	6000	3000
-1.5628	6000	3000
-1.5571	6000	3000
-1.50116	6000	3000
-1.56031	6000	3000
-1.56123	6000	3000
-1.49788	6000	3000
-1.55963	6000	3000
-1.56175	6000	3000
-1.4983	6000	3000
-1.50096	6000	3000
-1.49977	6000	3000
-1.50035	6000	3000
-1.55905	6000	3000
-1.50363	6000	3000
-1.56626	6000	3000
-1.55938	6000	3000
-1.56225	6000	3000
-1.49626	6000	3000
-1.50223	6000	3000
-1.56422	6000	3000
-1.55466	6000	3000
-1.5606	6000	3000
-1.55248	6000	3000
-1.55961	6000	3000
-1.56292	6000	3000
-1.49674	6000	3000
-1.50086	6000	3000
-1.55893	6000	3000
-1.55966	6000	3000
-1.56048	6000	3000
-1.49969	6000	3000
-1.56091	6000	3000
-1.49923	6000	3000
-1.56044	6000	3000
-1.49854	6000	3000
-1.50331	6000	3000
-1.55922	6000	3000
-1.56058	6000	3000
-1.4992	6000	3000
-1.55693	6000	3000
-1.49884	6000	3000
-1.55982	6000	3000
-1.49861	6000	3000
-1.49893	6000	3000
-1.50029	6000	3000
-1.49878	6000	3000
-1.56056	6000	3000
-1.49979	6000	3000
-1.56062	6000	3000
-1.49962	6000	3000
-1.56015	6000	3000
-1.565	6000	3000
-1.56078	6000	3000
-1.49815	6000	3000
-1.50167	6000	3000
-1.5606	6000	3000
-1.55617	6000	3000
-1.49877	6000	3000
-1.49989	6000	3000
-1.5009	6000	3000
-1.51274	6000	3000
-1.55944	6000	3000
-1.49961	6000	3000
-1.56355	6000	3000
-1.5031	6000	3000
-1.49847	6000	3000
-1.55608	6000	3000
-1.56268	6000	3000
-1.50016	6000	3000
-1.55968	6000	3000
-1.5631	6000	3000
-1.55914	6000	3000
-1.55951	6000	3000
-1.503	6000	3000
-1.4994	6000	3000
-1.50056	6000	3000
-1.49998	6000	3000
-1.49946	6000	3000
-1.56289	6000	3000
-1.50041	6000	3000
-1.49935	6000	3000
-1.55869	6000	3000
-1.55942	6000	3000
-1.55084	6000	3000
-1.55993	6000	3000
-1.50221	6000	3000
-1.5569	6000	3000
-1.50125	6000	3000
-1.50113	6000	3000
-1.56318	6000	3000
-1.50127	6000	3000
-1.49905	6000	3000
-1.55868	6000	3000
-1.56007	6000	3000
-1.50066	6000	3000
-1.50124	6000	3000
-1.50121	6000	3000
-1.56006	6000	3000
-1.50032	6000	3000
-1.56062	6000	3000
-1.49984	6000	3000
-1.55352	6000	3000
-1.56042	6000	3000
-1.50033	6000	3000
-1.49997	6000	3000
-1.50109	6000	3000
-1.50284	6000	3000
-1.56232	6000	3000
-1.56081	6000	3000
-1.56109	6000	3000
-1.49928	6000	3000
-1.50202	6000	3000
-1.5029	6000	3000
-1.49926	6000	3000
-1.50305	6000	3000
-1.50097	6000	3000
-1.49885	6000	3000
-1.5603	6000	3000
-1.49893	6000	3000
-1.49851	6000	3000
-1.5611	6000	3000
-1.50033	6000	3000
-1.50067	6000	3000
-1.50414	6000	3000
-1.50115	6000	3000
-1.501	6000	3000
-1.56061	6000	3000
-1.5643	6000	3000
-1.49836	6000	3000
-1.49879	6000	3000
-1.50023	6000	3000
-1.49958	6000	3000
-1.56318	6000	3000
-1.56003	6000	3000
-1.56098	6000	3000
-1.49947	6000	3000
-1.5594	6000	3000
-1.49766	6000	3000
-1.50076	6000	3000
-1.50056	6000	3000
-1.50171	6000	3000
-1.49775	6000	3000
-1.49756	6000	3000
-1.50331	6000	3000
-1.55806	6000	3000
-1.56268	6000	3000
-1.56413	6000	3000
-1.4984	6000	3000
-1.56105	6000	3000
-1.56005	6000	3000
-1.49902	6000	3000
-1.49991	6000	3000
-1.49933	6000	3000
-1.55956	6000	3000
-1.49925	6000	3000
-1.55984	6000	3000
-1.49831	6000	3000
-1.56471	6000	3000
-1.49868	6000	3000
-1.5004	6000	3000
-1.50149	6000	3000
-1.50052	6000	3000
-1.54836	6000	3000
-1.56016	6000	3000
-1.50195	6000	3000
-1.49702	6000	3000
-1.55871	6000	3000
-1.5581	6000	3000
-1.50015	6000	3000
-1.49806	6000	3000
-1.4996	6000	3000
-1.55924	6000	3000
-1.55711	6000	3000
-1.50125	6000	3000
-1.55906	6000	3000
-1.50173	6000	3000
-1.55891	6000	3000
-1.49986	6000	3000
-1.56075	6000	3000
-1.49946	6000	3000
-1.49766	6000	3000
-1.50189	6000	3000
-1.5593	6000	3000
-1.50047	6000	3000
-1.55887	6000	3000
-1.55987	6000	3000
-1.49628	6000	3000
-1.55815	6000	3000
-1.49921	6000	3000
-1.50005	6000	3000
-1.56305	6000	3000
-1.49897	6000	3000
-1.49822	6000	3000
-1.49995	6000	3000
-1.55989	6000	3000
-1.55823	6000	3000
-1.50046	6000	3000
-1.56322	6000	3000
-1.49831	6000	3000
-1.55865	6000	3000
-1.54799	6000	3000
-1.56076	6000	3000
-1.49756	6000	3000
-1.50241	6000	3000
-1.49794	6000	3000
-1.55875	6000	3000
-1.55886	6000	3000
-1.50028	6000	3000
-1.55958	6000	3000
-1.56182	6000	3000
-1.55756	6000	3000
-1.50197	6000	3000
-1.56217	6000	3000
-1.49623	6000	3000
-1.49878	6000	3000
-1.55798	6000	3000
-1.50128	6000	3000
-1.55868	6000	3000
-1.56255	6000	3000
-1.49935	6000	3000
-1.5627	6000	3000
-1.50169	6000	3000
-1.49917	6000	3000
-1.50033	6000	3000
-1.56248	6000	3000
-1.56027	6000	3000
-1.55948	6000	3000
-1.55853	6000	3000
-1.55981	6000	3000
-1.50107	6000	3000
-1.55961	6000	3000
-1.50107	6000	3000
-1.49764	6000	3000
-1.55691	6000	3000
-1.50018	6000	3000
-1.50096	6000	3000
-1.50155	6000	3000
-1.56414	6000	3000
-1.50034	6000	3000
-1.49963	6000	3000
-1.56338	6000	3000
-1.5007	6000	3000
-1.55205	6000	3000
-1.56041	6000	3000
-1.55618	6000	3000
-1.56077	6000	3000
-1.50148	6000	3000
-1.50069	6000	3000
-1.55767	6000	3000
-1.50068	6000	3000
-1.49894	6000	3000
-1.50204	6000	3000
-1.50118	6000	3000
-1.55932	6000	3000
-1.49806	6000	3000
-1.56276	6000	3000
-1.55622	6000	3000
-1.5602	6000	3000
-1.49938	6000	3000
-1.49768	6000	3000
-1.50187	6000	3000
-1.56206	6000	3000
-1.50084	6000	3000
-1.50079	6000	3000
-1.49958	6000	3000
-1.55699	6000	3000
-1.56046	6000	3000
-1.55948	6000	3000
-1.56058	6000	3000
-1.4985	6000	3000
-1.56393	6000	3000
-1.55698	6000	3000
-1.56094	6000	3000
-1.55931	6000	3000
-1.55618	6000	3000
-1.55238	6000	3000
-1.50045	6000	3000
-1.5603	6000	3000
-1.50259	6000	3000
-1.50144	6000	3000
-1.56018	6000	3000
-1.49699	6000	3000
-1.50206	6000	3000
-1.55872	6000	3000
-1.56186	6000	3000
-1.49978	6000	3000
-1.56382	6000	3000
-1.55027	6000	3000
-1.56026	6000	3000
-1.50106	6000	3000
-1.56134	6000	3000
-1.49717	6000	3000
-1.56331	6000	3000
-1.55836	6000	3000
-1.49976	6000	3000
-1.4978	6000	3000
-1.50094	6000	3000
-1.55716	6000	3000
-1.49821	6000	3000
-1.50196	6000	3000
-1.55947	6000	3000
-1.56387	6000	3000
-1.49972	6000	3000
-1.49836	6000	3000
-1.50082	6000	3000
-1.50003	6000	3000
-1.49847	6000	3000
-1.56159	6000	3000
-1.56417	6000	3000
-1.55887	6000	3000
-1.56206	6000	3000
-1.50128	6000	3000
-1.56266	6000	3000
-1.49943	6000	3000
-1.56159	6000	3000
-1.49793	6000	3000
-1.50102	6000	3000
-1.56303	6000	3000
-1.55847	6000	3000
-1.56288	6000	3000
-1.55868	6000	3000
-1.55772	6000	3000
-1.4999	6000	3000
-1.50196	6000	3000
-1.55922	6000	3000
-1.55952	6000	3000
-1.55978	6000	3000
-1.55555	6000	3000
-1.50061	6000	3000
-1.5019	6000	3000
-1.5557	6000	3000
-1.5586	6000	3000
-1.49955	6000	3000
-1.50038	6000	3000
-1.50309	6000	3000
-1.56117	6000	3000
-1.5509	6000	3000
-1.49876	6000	3000
-1.55867	6000	3000
-1.50057	6000	3000
-1.55861	6000	3000
-1.56292	6000	3000
-1.55935	6000	3000
-1.55813	6000	3000
-1.56116	6000	3000
-1.49834	6000	3000
-1.559	6000	3000
-1.50052	6000	3000
-1.56	6000	3000
-1.55713	6000	3000
-1.56201	6000	3000
-1.50117	6000	3000
-1.49828	6000	3000
-1.50099	6000	3000
-1.49916	6000	3000
-1.49912	6000	3000
-1.50072	6000	3000
-1.5623	6000	3000
-1.56699	6000	3000
-1.56218	6000	3000
-1.56145	6000	3000
-1.55758	6000	3000
-1.54827	6000	3000
-1.49989	6000	3000
-1.55817	6000	3000
-1.49854	6000	3000
-1.56166	6000	3000
-1.50278	6000	3000
-1.55755	6000	3000
-1.56204	6000	3000
-1.50146	6000	3000
-1.55204	6000	3000
-1.55919	6000	3000
-1.499	6000	3000
-1.49949	6000	3000
-1.56054	6000	3000
-1.50297	6000	3000
-1.5575	6000	3000
-1.49819	6000	3000
-1.56144	6000	3000
-1.56457	6000	3000
-1.50189	6000	3000
-1.55478	6000	3000
-1.56148	6000	3000
-1.49874	6000	3000
-1.56051	6000	3000
-1.49782	6000	3000
-1.55806	6000	3000
-1.55712	6000	3000
-1.5597	6000	3000
-1.50198	6000	3000
-1.56203	6000	3000
-1.50015	6000	3000
-1.50077	6000	3000
-1.50008	6000	3000
-1.55786	6000	3000
-1.55869	6000	3000
-1.55893	6000	3000
-1.55869	6000	3000
-1.49935	6000	3000
-1.56054	6000	3000
-1.49848	6000	3000
-1.55534	6000	3000
-1.50269	6000	3000
-1.55923	6000	3000
-1.55763	6000	3000
-1.55854	6000	3000
-1.56072	6000	3000
-1.55742	6000	3000
-1.55895	6000	3000
-1.49975	6000	3000
-1.50026	6000	3000
-1.56139	6000	3000
-1.55501	6000	3000
-1.49871	6000	3000
-1.50022	6000	3000
-1.49904	6000	3000
-1.50383	6000	3000
-1.56067	6000	3000
-1.50065	6000	3000
-1.55939	6000	3000
-1.55893	6000	3000
-1.56482	6000	3000
-1.50075	6000	3000
-1.55759	6000	3000
-1.55059	6000	3000
-1.55544	6000	3000
-1.55738	6000	3000
-1.56306	6000	3000
-1.49845	6000	3000
-1.49975	6000	3000
-1.56272	6000	3000
-1.5006	6000	3000
-1.49866	6000	3000
-1.56186	6000	3000
-1.55983	6000	3000
-1.55543	6000	3000
-1.55708	6000	3000
-1.49873	6000	3000
-1.56208	6000	3000
-1.49972	6000	3000
-1.56352	6000	3000
-1.56132	6000	3000
-1.49924	6000	3000
-1.50029	6000	3000
-1.55914	6000	3000
-1.49917	6000	3000
-1.55481	6000	3000
-1.49972	6000	3000
-1.50264	6000	3000
-1.56274	6000	3000
-1.49726	6000	3000
-1.50328	6000	3000
-1.56304	6000	3000
-1.55992	6000	3000
-1.55967	6000	3000
-1.49886	6000	3000
-1.56248	6000	3000
-1.55683	6000	3000
-1.55218	6000	3000
-1.56185	6000	3000
-1.50064	6000	3000
-1.50188	6000	3000
-1.49892	6000	3000
-1.50334	6000	3000
-1.49847	6000	3000
-1.49778	6000	3000
-1.50002	6000	3000
-1.49956	6000	3000
-1.50004	6000	3000
-1.5232	6000	3000
-1.50064	6000	3000
-1.50244	6000	3000
-1.49939	6000	3000
-1.56069	6000	3000
-1.49805	6000	3000
-1.55456	6000	3000
-1.49857	6000	3000
-1.55673	6000	3000
-1.55527	6000	3000
-1.56275	6000	3000
-1.50004	6000	3000
-1.50196	6000	3000
-1.50045	6000	3000
-1.50324	6000	3000
-1.55507	6000	3000
-1.56403	6000	3000
-1.55906	6000	3000
-1.50203	6000	3000
-1.49992	6000	3000
-1.55873	6000	3000
-1.52949	6000	3000
-1.49974	6000	3000
-1.49921	6000	3000
-1.50031	6000	3000
-1.50168	6000	3000
-1.55975	6000	3000
-1.55696	6000	3000
-1.49817	6000	3000
-1.553	6000	3000
-1.54714	6000	3000
-1.56316	6000	3000
-1.55826	6000	3000
-1.56309	6000	3000
-1.49699	6000	3000
-1.50248	6000	3000
-1.50031	6000	3000
-1.50077	6000	3000
-1.50152	6000	3000
-1.55785	6000	3000
-1.56132	6000	3000
-1.4991	6000	3000
-1.56168	6000	3000
-1.56312	6000	3000
-1.56665	6000	3000
-1.56087	6000	3000
-1.49984	6000	3000
-1.49611	6000	3000
-1.49762	6000	3000
-1.56393	6000	3000
-1.55958	6000	3000
-1.49727	6000	3000
-1.5616	6000	3000
-1.56089	6000	3000
-1.55765	6000	3000
-1.55845	6000	3000
-1.49969	6000	3000
-1.56286	6000	3000
-1.5635	6000	3000
-1.55413	6000	3000
-1.55991	6000	3000
-1.56323	6000	3000
-1.49983	6000	3000
-1.50008	6000	3000
-1.56271	6000	3000
-1.56407	6000	3000
-1.55834	6000	3000
-1.49943	6000	3000
-1.50169	6000	3000
-1.50022	6000	3000
-1.55693	6000	3000
-1.49951	6000	3000
-1.50081	6000	3000
-1.55643	6000	3000
-1.56058	6000	3000
-1.50091	6000	3000
-1.55573	6000	3000
-1.55453	6000	3000
-1.55834	6000	3000
-1.5593	6000	3000
-1.50311	6000	3000
-1.56207	6000	3000
-1.49925	6000	3000
-1.49803	6000	3000
-1.49875	6000	3000
-1.56095	6000	3000
-1.50038	6000	3000
-1.55545	6000	3000
-1.50212	6000	3000
-1.50057	6000	3000
-1.49929	6000	3000
-1.56045	6000	3000
-1.55907	6000	3000
-1.50103	6000	3000
-1.56057	6000	3000
-1.5004	6000	3000
-1.56068	6000	3000
-1.56264	6000	3000
-1.4984	6000	3000
-1.56026	6000	3000
-1.49924	6000	3000
-1.4987	6000	3000
-1.50004	6000	3000
-1.56106	6000	3000
-1.55603	6000	3000
-1.49823	6000	3000
-1.50151	6000	3000
-1.56048	6000	3000
-1.49698	6000	3000
-1.56092	6000	3000
-1.50233	6000	3000
-1.56017	6000	3000
-1.55667	6000	3000
-1.50136	6000	3000
-1.50227	6000	3000
-1.49922	6000	3000
-1.49939	6000	3000
-1.49844	6000	3000
-1.49879	6000	3000
-1.49965	6000	3000
-1.50156	6000	3000
-1.56197	6000	3000
-1.55254	6000	3000
-1.56197	6000	3000
-1.50051	6000	3000
-1.55997	6000	3000
-1.49979	6000	3000
-1.56268	6000	3000
-1.50086	6000	3000
-1.56175	6000	3000
-1.56112	6000	3000
-1.49919	6000	3000
-1.4987	6000	3000
-1.50142	6000	3000
-1.56236	6000	3000
-1.5627	6000	3000
-1.49886	6000	3000
-1.55772	6000	3000
-1.56167	6000	3000
-1.50102	6000	3000
-1.49783	6000	3000
-1.49808	6000	3000
-1.55126	6000	3000
-1.50264	6000	3000
-1.5613	6000	3000
-1.4991	6000	3000
-1.5038	6000	3000
-1.4992	6000	3000
-1.49981	6000	3000
-1.49893	6000	3000
-1.501	6000	3000
-1.56123	6000	3000
-1.50019	6000	3000
-1.56228	6000	3000
-1.50187	6000	3000
-1.50205	6000	3000
-1.56171	6000	3000
-1.55706	6000	3000
-1.49848	6000	3000
-1.49677	6000	3000
-1.49911	6000	3000
-1.55931	6000	3000
-1.50062	6000	3000
-1.50194	6000	3000
-1.49915	6000	3000
-1.50025	6000	3000
-1.55768	6000	3000
-1.50091	6000	3000
-1.50127	6000	3000
-1.49918	6000	3000
-1.56	6000	3000
-1.55731	6000	3000
-1.49833	6000	3000
-1.56165	6000	3000
-1.50317	6000	3000
-1.50008	6000	3000
-1.50106	6000	3000
-1.56227	6000	3000
-1.49657	6000	3000
-1.56319	6000	3000
-1.55774	6000	3000
-1.55926	6000	3000
-1.5598	6000	3000
-1.56046	6000	3000
-1.49861	6000	3000
-1.49997	6000	3000
-1.55544	6000	3000
-1.56384	6000	3000
-1.49838	6000	3000
-1.49861	6000	3000
-1.4985	6000	3000
-1.49768	6000	3000
-1.55341	6000	3000
-1.56349	6000	3000
-1.56099	6000	3000
-1.56158	6000	3000
-1.50169	6000	3000
-1.56389	6000	3000
-1.56237	6000	3000
-1.49844	6000	3000
-1.55981	6000	3000
-1.55783	6000	3000
-1.50122	6000	3000
-1.56017	6000	3000
-1.559	6000	3000
-1.56128	6000	3000
-1.56092	6000	3000
-1.4995	6000	3000
-1.55909	6000	3000
-1.49816	6000	3000
-1.56057	6000	3000
-1.49877	6000	3000
-1.55627	6000	3000
-1.56111	6000	3000
-1.50192	6000	3000
-1.49771	6000	3000
-1.5579	6000	3000
-1.55662	6000	3000
-1.49958	6000	3000
-1.56085	6000	3000
-1.55844	6000	3000
-1.49976	6000	3000
-1.50345	6000	3000
-1.50019	6000	3000
-1.50137	6000	3000
-1.5012	6000	3000
-1.5607	6000	3000
-1.50118	6000	3000
-1.49966	6000	3000
-1.56024	6000	3000
-1.56367	6000	3000
-1.49751	6000	3000
-1.53841	6000	3000
-1.49666	6000	3000
-1.55991	6000	3000
-1.50134	6000	3000
-1.56344	6000	3000
-1.55783	6000	3000
-1.56487	6000	3000
-1.49807	6000	3000
-1.49928	6000	3000
-1.55893	6000	3000
-1.49947	6000	3000
-1.50254	6000	3000
-1.50364	6000	3000
-1.50265	6000	3000
-1.50169	6000	3000
-1.49955	6000	3000
-1.55779	6000	3000
-1.50012	6000	3000
-1.56186	6000	3000
-1.50045	6000	3000
-1.49652	6000	3000
-1.50167	6000	3000
-1.49965	6000	3000
-1.56327	6000	3000
-1.49913	6000	3000
-1.50141	6000	3000
-1.55833	6000	3000
-1.49936	6000	3000
-1.56072	6000	3000
-1.55773	6000	3000
-1.55791	6000	3000
-1.55808	6000	3000
-1.56151	6000	3000
-1.562	6000	3000
-1.56013	6000	3000
-1.49918	6000	3000
-1.50036	6000	3000
-1.56048	6000	3000
-1.49938	6000	3000
-1.50061	6000	3000
-1.4985	6000	3000
-1.56096	6000	3000
-1.50187	6000	3000
-1.56483	6000	3000
-1.498	6000	3000
-1.50045	6000	3000
-1.5625	6000	3000
-1.56005	6000	3000
-1.5027	6000	3000
-1.50043	6000	3000
-1.56125	6000	3000
-1.55925	6000	3000
-1.55765	6000	3000
-1.56377	6000	3000
-1.55962	6000	3000
-1.50237	6000	3000
-1.55992	6000	3000
-1.5579	6000	3000
-1.54912	6000	3000
-1.50056	6000	3000
-1.50234	6000	3000
-1.56185	6000	3000
-1.50088	6000	3000
-1.49857	6000	3000
-1.49997	6000	3000
-1.56352	6000	3000
-1.56047	6000	3000
-1.54852	6000	3000
-1.56122	6000	3000
-1.55522	6000	3000
-1.49979	6000	3000
-1.5592	6000	3000
-1.49951	6000	3000
-1.50015	6000	3000
-1.55576	6000	3000
-1.56311	6000	3000
-1.55936	6000	3000
-1.55655	6000	3000
-1.55927	6000	3000
-1.56472	6000	3000
-1.5564	6000	3000
-1.50108	6000	3000
-1.56244	6000	3000
-1.5018	6000	3000
-1.56139	6000	3000
-1.50053	6000	3000
-1.56261	6000	3000
-1.56157	6000	3000
-1.5617	6000	3000
-1.50039	6000	3000
-1.55978	6000	3000
-1.49966	6000	3000
-1.55922	6000	3000
-1.49724	6000	3000
-1.56185	6000	3000
-1.50106	6000	3000
-1.49814	6000	3000
-1.50037	6000	3000
-1.56087	6000	3000
-1.55081	6000	3000
-1.56279	6000	3000
-1.50128	6000	3000
-1.49848	6000	3000
-1.50089	6000	3000
-1.55041	6000	3000
-1.55828	6000	3000
-1.49764	6000	3000
-1.50106	6000	3000
-1.504	6000	3000
-1.53932	6000	3000
-1.55853	6000	3000
-1.55824	6000	3000
-1.55521	6000	3000
-1.50274	6000	3000
-1.56382	6000	3000
-1.49961	6000	3000
-1.55218	6000	3000
-1.49888	6000	3000
-1.50015	6000	3000
-1.562	6000	3000
-1.56286	6000	3000
-1.56136	6000	3000
-1.49948	6000	3000
-1.50077	6000	3000
-1.55751	6000	3000
-1.50177	6000	3000
-1.50169	6000	3000
-1.49804	6000	3000
-1.56207	6000	3000
-1.55803	6000	3000
-1.4991	6000	3000
-1.49988	6000	3000
-1.49883	6000	3000
-1.50007	6000	3000
-1.56135	6000	3000
-1.56298	6000	3000
-1.49774	6000	3000
-1.55883	6000	3000
-1.55858	6000	3000
-1.56375	6000	3000
-1.49734	6000	3000
-1.55846	6000	3000
-1.49828	6000	3000
-1.55598	6000	3000
-1.55876	6000	3000
-1.50122	6000	3000
-1.55852	6000	3000
-1.56057	6000	3000
-1.55881	6000	3000
-1.55372	6000	3000
-1.5604	6000	3000
-1.56074	6000	3000
-1.55333	6000	3000
-1.56027	6000	3000
-1.49921	6000	3000
-1.54676	6000	3000
-1.50062	6000	3000
-1.55401	6000	3000
-1.56224	6000	3000
-1.50006	6000	3000
-1.50088	6000	3000
-1.49884	6000	3000
-1.50145	6000	3000
-1.5007	6000	3000
-1.56131	6000	3000
-1.4973	6000	3000
-1.50217	6000	3000
-1.55065	6000	3000
-1.56067	6000	3000
-1.55938	6000	3000
-1.561	6000	3000
-1.56073	6000	3000
-1.50277	6000	3000
-1.56051	6000	3000
-1.4974	6000	3000
-1.56068	6000	3000
-1.55882	6000	3000
-1.56076	6000	3000
-1.50321	6000	3000
-1.55742	6000	3000
-1.49943	6000	3000
-1.55899	6000	3000
-1.49812	6000	3000
-1.55687	6000	3000
-1.5656	6000	3000
-1.5567	6000	3000
-1.55878	6000	3000
-1.55885	6000	3000
-1.56023	6000	3000
-1.49872	6000	3000
-1.56255	6000	3000
-1.50012	6000	3000
-1.50056	6000	3000
-1.50174	6000	3000
-1.49848	6000	3000
-1.49908	6000	3000
-1.56074	6000	3000
-1.56159	6000	3000
-1.50038	6000	3000
-1.55893	6000	3000
-1.49788	6000	3000
-1.5604	6000	3000
-1.55308	6000	3000
-1.55735	6000	3000
-1.56806	6000	3000
-1.49881	6000	3000
-1.55898	6000	3000
-1.50151	6000	3000
-1.49901	6000	3000
-1.56361	6000	3000
-1.50064	6000	3000
-1.49906	6000	3000
-1.4979	6000	3000
-1.49756	6000	3000
-1.5002	6000	3000
-1.5591	6000	3000
-1.49796	6000	3000
-1.50178	6000	3000
-1.56367	6000	3000
-1.50165	6000	3000
-1.4989	6000	3000
-1.56164	6000	3000
-1.56072	6000	3000
-1.50051	6000	3000
-1.49748	6000	3000
-1.49758	6000	3000
-1.55985	6000	3000
-1.49944	6000	3000
-1.50064	6000	3000
-1.55708	6000	3000
-1.56423	6000	3000
-1.49633	6000	3000
-1.49922	6000	3000
-1.55379	6000	3000
-1.49976	6000	3000
-1.50099	6000	3000
-1.55952	6000	3000
-1.56135	6000	3000
-1.49907	6000	3000
-1.49646	6000	3000
-1.49824	6000	3000
-1.50256	6000	3000
-1.51685	6000	3000
-1.49884	6000	3000
-1.55801	6000	3000
-1.55509	6000	3000
-1.50085	6000	3000
-1.55875	6000	3000
-1.49779	6000	3000
-1.56028	6000	3000
-1.5584	6000	3000
-1.56028	6000	3000
-1.55857	6000	3000
-1.56409	6000	3000
-1.5611	6000	3000
-1.55801	6000	3000
-1.56274	6000	3000
-1.55967	6000	3000
-1.50339	6000	3000
-1.56232	6000	3000
-1.50234	6000	3000
-1.50169	6000	3000
-1.49841	6000	3000
-1.49757	6000	3000
-1.55792	6000	3000
-1.56143	6000	3000
-1.49898	6000	3000
-1.49866	6000	3000
-1.49798	6000	3000
-1.49855	6000	3000
-1.49806	6000	3000
-1.49923	6000	3000
-1.49974	6000	3000
-1.56189	6000	3000
-1.4984	6000	3000
-1.50043	6000	3000
-1.5001	6000	3000
-1.56306	6000	3000
-1.50228	6000	3000
-1.55715	6000	3000
-1.49739	6000	3000
-1.49977	6000	3000
-1.56255	6000	3000
-1.55994	6000	3000
-1.49637	6000	3000
-1.56167	6000	3000
-1.56124	6000	3000
-1.5634	6000	3000
-1.50087	6000	3000
-1.49995	6000	3000
-1.49894	6000	3000
-1.55607	6000	3000
-1.49875	6000	3000
-1.55751	6000	3000
-1.56035	6000	3000
-1.5003	6000	3000
-1.49996	6000	3000
-1.56232	6000	3000
-1.55598	6000	3000
-1.56147	6000	3000
-1.56195	6000	3000
-1.49935	6000	3000
-1.497	6000	3000
-1.498	6000	3000
-1.55691	6000	3000
-1.49976	6000	3000
-1.55953	6000	3000
-1.49888	6000	3000
-1.50067	6000	3000
-1.56122	6000	3000
-1.55927	6000	3000
-1.55769	6000	3000
-1.56074	6000	3000
-1.55879	6000	3000
-1.4999	6000	3000
-1.49941	6000	3000
-1.55939	6000	3000
-1.56055	6000	3000
-1.55907	6000	3000
-1.50127	6000	3000
-1.4999	6000	3000
-1.562	6000	3000
-1.50102	6000	3000
-1.49767	6000	3000
-1.56017	6000	3000
-1.55934	6000	3000
-1.557	6000	3000
-1.49818	6000	3000
-1.56142	6000	3000
-1.5625	6000	3000
-1.50179	6000	3000
-1.55796	6000	3000
-1.56077	6000	3000
-1.49828	6000	3000
-1.50462	6000	3000
-1.56031	6000	3000
-1.49886	6000	3000
-1.49939	6000	3000
-1.55338	6000	3000
-1.50035	6000	3000
-1.49826	6000	3000
-1.5008	6000	3000
-1.56007	6000	3000
-1.502	6000	3000
-1.50125	6000	3000
-1.49906	6000	3000
-1.55638	6000	3000
-1.55986	6000	3000
-1.50086	6000	3000
-1.50222	6000	3000
-1.49966	6000	3000
-1.56143	6000	3000
-1.55941	6000	3000
-1.49916	6000	3000
-1.49947	6000	3000
-1.55943	6000	3000
-1.49824	6000	3000
-1.49892	6000	3000
-1.50094	6000	3000
-1.50183	6000	3000
-1.56381	6000	3000
-1.56002	6000	3000
-1.50242	6000	3000
-1.55569	6000	3000
-1.50038	6000	3000
-1.56224	6000	3000
-1.55995	6000	3000
-1.49971	6000	3000
-1.49789	6000	3000
-1.49939	6000	3000
-1.50322	6000	3000
-1.5028	6000	3000
-1.56427	6000	3000
-1.4984	6000	3000
-1.49938	6000	3000
-1.56098	6000	3000
-1.49804	6000	3000
-1.50061	6000	3000
-1.50053	6000	3000
-1.5599	6000	3000
-1.49858	6000	3000
-1.49891	6000	3000
-1.50076	6000	3000
-1.56363	6000	3000
-1.55995	6000	3000
-1.50209	6000	3000
-1.49936	6000	3000
-1.56315	6000	3000
-1.55914	6000	3000
-1.50042	6000	3000
-1.55359	6000	3000
-1.55926	6000	3000
-1.55546	6000	3000
-1.49952	6000	3000
-1.49929	6000	3000
-1.55756	6000	3000
-1.5611	6000	3000
-1.56491	6000	3000
-1.49913	6000	3000
-1.56134	6000	3000
-1.56287	6000	3000
-1.55986	6000	3000
-1.54657	6000	3000
-1.49944	6000	3000
-1.50133	6000	3000
-1.49942	6000	3000
-1.49941	6000	3000
-1.56314	6000	3000
-1.49781	6000	3000
-1.55895	6000	3000
-1.4994	6000	3000
-1.55972	6000	3000
-1.50043	6000	3000
-1.54272	6000	3000
-1.49655	6000	3000
-1.55421	6000	3000
-1.55896	6000	3000
-1.56369	6000	3000
-1.49912	6000	3000
-1.5572	6000	3000
-1.55992	6000	3000
-1.49811	6000	3000
-1.55918	6000	3000
-1.56095	6000	3000
-1.55769	6000	3000
-1.49835	6000	3000
-1.5004	6000	3000
-1.50164	6000	3000
-1.49763	6000	3000
-1.49972	6000	3000
-1.5003	6000	3000
-1.56121	6000	3000
-1.5008	6000	3000
-1.49976	6000	3000
-1.49993	6000	3000
-1.55993	6000	3000
-1.55832	6000	3000
-1.56184	6000	3000
-1.55853	6000	3000
-1.49964	6000	3000
-1.50318	6000	3000
-1.5599	6000	3000
-1.53367	6000	3000
-1.55925	6000	3000
-1.50157	6000	3000
-1.55867	6000	3000
-1.55559	6000	3000
-1.56407	6000	3000
-1.56078	6000	3000
-1.55593	6000	3000
-1.56053	6000	3000
-1.55802	6000	3000
-1.56048	6000	3000
-1.50029	6000	3000
-1.49528	6000	3000
-1.55772	6000	3000
-1.50004	6000	3000
-1.50002	6000	3000
-1.50157	6000	3000
-1.55724	6000	3000
-1.55657	6000	3000
-1.50138	6000	3000
-1.55281	6000	3000
-1.55873	6000	3000
-1.50092	6000	3000
-1.49878	6000	3000
-1.55911	6000	3000
-1.56014	6000	3000
-1.49823	6000	3000
-1.49858	6000	3000
-1.49738	6000	3000
-1.56026	6000	3000
-1.50065	6000	3000
-1.49996	6000	3000
-1.49776	6000	3000
-1.49944	6000	3000
-1.50171	6000	3000
-1.50047	6000	3000
-1.49905	6000	3000
-1.55937	6000	3000
-1.4996	6000	3000
-1.50301	6000	3000
-1.50137	6000	3000
-1.55642	6000	3000
-1.49888	6000	3000
-1.56077	6000	3000
-1.55748	6000	3000
-1.56037	6000	3000
-1.5586	6000	3000
-1.55878	6000	3000
-1.56176	6000	3000
-1.49906	6000	3000
-1.56035	6000	3000
-1.55914	6000	3000
-1.50145	6000	3000
-1.50517	6000	3000
-1.56009	6000	3000
-1.49861	6000	3000
-1.56136	6000	3000
-1.55921	6000	3000
-1.55884	6000	3000
-1.50203	6000	3000
-1.55999	6000	3000
-1.50136	6000	3000
-1.55596	6000	3000
-1.55885	6000	3000
-1.55751	6000	3000
-1.55918	6000	3000
-1.56111	6000	3000
-1.56508	6000	3000
-1.55385	6000	3000
-1.55651	6000	3000
-1.56159	6000	3000
-1.50076	6000	3000
-1.55747	6000	3000
-1.55947	6000	3000
-1.50012	6000	3000
-1.50037	6000	3000
-1.49738	6000	3000
-1.49882	6000	3000
-1.55525	6000	3000
-1.5608	6000	3000
-1.4972	6000	3000
-1.56282	6000	3000
-1.55844	6000	3000
-1.55786	6000	3000
-1.56052	6000	3000
-1.50046	6000	3000
-1.56167	6000	3000
-1.50205	6000	3000
-1.49784	6000	3000
-1.55984	6000	3000
-1.56185	6000	3000
-1.50242	6000	3000
-1.50065	6000	3000
-1.55419	6000	3000
-1.49827	6000	3000
-1.50083	6000	3000
-1.5021	6000	3000
-1.49967	6000	3000
-1.56	6000	3000
-1.49968	6000	3000
-1.55923	6000	3000
-1.50063	6000	3000
-1.50032	6000	3000
-1.56175	6000	3000
-1.55686	6000	3000
-1.49935	6000	3000
-1.55939	6000	3000
-1.53223	6000	3000
-1.50061	6000	3000
-1.49928	6000	3000
-1.55409	6000	3000
-1.55883	6000	3000
-1.50054	6000	3000
-1.56287	6000	3000
-1.49952	6000	3000
-1.5585	6000	3000
-1.55968	6000	3000
-1.55671	6000	3000
-1.55976	6000	3000
-1.50012	6000	3000
-1.4983	6000	3000
-1.4988	6000	3000
-1.49986	6000	3000
-1.5581	6000	3000
-1.49971	6000	3000
-1.50086	6000	3000
-1.5572	6000	3000
-1.55973	6000	3000
-1.49755	6000	3000
-1.50036	6000	3000
-1.54731	6000	3000
-1.50139	6000	3000
-1.56043	6000	3000
-1.49999	6000	3000
-1.50189	6000	3000
-1.56042	6000	3000
-1.50134	6000	3000
-1.559	6000	3000
-1.55572	6000	3000
-1.56364	6000	3000
-1.56164	6000	3000
-1.56276	6000	3000
-1.49981	6000	3000
-1.49986	6000	3000
-1.55816	6000	3000
-1.49832	6000	3000
-1.55961	6000	3000
-1.50252	6000	3000
-1.49928	6000	3000
-1.50258	6000	3000
-1.5649	6000	3000
-1.55719	6000	3000
-1.55822	6000	3000
-1.50105	6000	3000
-1.50045	6000	3000
-1.50091	6000	3000
-1.56235	6000	3000
-1.55673	6000	3000
-1.49885	6000	3000
-1.49851	6000	3000
-1.50144	6000	3000
-1.56438	6000	3000
-1.56201	6000	3000
-1.49747	6000	3000
-1.49942	6000	3000
-1.49701	6000	3000
-1.55698	6000	3000
-1.56308	6000	3000
-1.49931	6000	3000
-1.56327	6000	3000
-1.49961	6000	3000
-1.55621	6000	3000
-1.5574	6000	3000
-1.50049	6000	3000
-1.56128	6000	3000
-1.55901	6000	3000
-1.55169	6000	3000
-1.50103	6000	3000
-1.55826	6000	3000
-1.52717	6000	3000
-1.55957	6000	3000
-1.49966	6000	3000
-1.5633	6000	3000
-1.49768	6000	3000
-1.56053	6000	3000
-1.55979	6000	3000
-1.56182	6000	3000
-1.49962	6000	3000
-1.50043	6000	3000
-1.56271	6000	3000
-1.56253	6000	3000
-1.56131	6000	3000
-1.55046	6000	3000
-1.55602	6000	3000
-1.56565	6000	3000
-1.4987	6000	3000
-1.55575	6000	3000
-1.49783	6000	3000
-1.55944	6000	3000
-1.56475	6000	3000
-1.50088	6000	3000
-1.49752	6000	3000
-1.56013	6000	3000
-1.49804	6000	3000
-1.49832	6000	3000
-1.50088	6000	3000
-1.56396	6000	3000
-1.49635	6000	3000
-1.50085	6000	3000
-1.49738	6000	3000
-1.55907	6000	3000
-1.49812	6000	3000
-1.56111	6000	3000
-1.55857	6000	3000
-1.50243	6000	3000
-1.55647	6000	3000
-1.55578	6000	3000
-1.5602	6000	3000
-1.55182	6000	3000
-1.5003	6000	3000
-1.5549	6000	3000
-1.4979	6000	3000
-1.56139	6000	3000
-1.49981	6000	3000
-1.56126	6000	3000
-1.55796	6000	3000
-1.5003	6000	3000
-1.56085	6000	3000
-1.55324	6000	3000
-1.56248	6000	3000
-1.50358	6000	3000
-1.55923	6000	3000
-1.49871	6000	3000
-1.50287	6000	3000
-1.56115	6000	3000
-1.55879	6000	3000
-1.55972	6000	3000
-1.50087	6000	3000
-1.55856	6000	3000
-1.56224	6000	3000
-1.56187	6000	3000
-1.49637	6000	3000
-1.49988	6000	3000
-1.55864	6000	3000
-1.49929	6000	3000
-1.5572	6000	3000
-1.49945	6000	3000
-1.49954	6000	3000
-1.55874	6000	3000
-1.50019	6000	3000
-1.55773	6000	3000
-1.56399	6000	3000
-1.55807	6000	3000
-1.49953	6000	3000
-1.56155	6000	3000
-1.49952	6000	3000
-1.55182	6000	3000
-1.55777	6000	3000
-1.5517	6000	3000
-1.55954	6000	3000
-1.55686	6000	3000
-1.49862	6000	3000
-1.55948	6000	3000
-1.49974	6000	3000
-1.50235	6000	3000
