-1.505	251	72
-1.511	207	55
-1.502	261	65
-1.504	236	61
-1.493	239	67
-1.497	220	65
-1.5	264	70
-1.471	306	73
-1.488	231	70
-1.48	305	75
-1.467	243	63
-1.487	337	79
-1.499	249	65
-1.474	277	70
-1.472	213	61
-1.471	254	68
-1.476	220	64
-1.527	257	65
-1.525	281	72
-1.509	248	66
-1.496	206	52
-1.516	313	82
-1.494	295	74
-1.529	253	64
-1.484	228	71
-1.487	197	59
-1.509	224	68
-1.536	225	53
-1.483	263	68
-1.496	248	60
-1.475	284	72
-1.496	239	60
-1.502	214	57
-1.506	254	64
-1.475	246	76
-1.489	246	65
-1.49	272	76
-1.506	208	53
-1.483	274	68
-1.479	300	79
-1.485	265	63
-1.478	234	57
-1.481	305	85
-1.501	256	70
-1.529	288	79
-1.499	285	76
-1.475	318	77
-1.423	373	96
-1.503	258	64
-1.547	227	67
-1.449	254	68
-1.499	276	70
-1.496	373	93
-1.498	303	83
-1.504	204	58
-1.488	227	58
-1.527	341	87
-1.498	224	55
-1.524	284	83
-1.485	253	67
-1.501	306	78
-1.517	278	72
-1.493	220	61
-1.504	194	57
-1.492	261	59
-1.577	216	66
-1.497	253	69
-1.462	214	56
-1.507	253	67
-1.489	204	57
-1.526	245	69
-1.526	272	74
-1.461	288	68
-1.492	283	71
-1.46	277	68
-1.476	232	62
-1.514	288	71
-1.51	283	78
-1.511	208	63
-1.48	291	70
-1.485	258	70
-1.506	274	76
-0.069	337	81
-1.504	255	78
-1.46	268	69
-1.533	234	66
-1.504	253	65
-1.557	252	73
-1.474	213	61
-1.51	273	71
-1.51	258	66
-1.497	363	84
-1.555	297	79
-1.522	264	63
-1.508	206	61
-1.543	267	73
-1.503	238	62
-1.482	253	66
-1.509	170	51
-1.519	235	69
-1.482	288	68
-1.544	311	73
-1.493	367	89
-1.525	264	66
-1.492	234	66
-1.489	367	91
-1.511	197	60
-1.543	291	77
-1.498	167	44
-1.544	221	69
-1.507	221	57
-1.478	306	72
-1.508	341	95
-1.524	251	69
-1.484	212	59
-1.507	221	64
-1.515	234	70
-1.505	321	80
-1.502	280	79
-1.52	271	78
-1.498	289	84
-1.532	352	81
-1.492	277	64
-1.458	215	62
-1.561	266	69
-1.508	263	77
-1.486	274	68
-1.525	257	71
-1.528	312	85
-1.533	259	64
-1.514	299	71
-1.578	241	70
-1.526	252	69
-1.526	239	57
-1.483	285	75
-1.533	294	72
-1.567	219	61
-1.492	232	64
-1.53	252	69
-1.574	311	87
-1.501	256	72
-1.499	259	77
-1.524	269	74
-1.479	242	62
-1.454	264	68
-1.479	190	51
-1.512	226	60
-1.475	224	57
-1.494	240	63
-1.504	232	68
-1.541	260	68
-1.486	294	81
-1.469	284	70
-1.509	272	74
-1.466	285	67
-1.588	264	66
-1.516	258	65
-1.531	284	72
-1.483	281	69
-1.494	220	59
-1.49	247	73
-1.493	286	80
-1.501	276	75
-1.498	262	63
-1.468	326	78
-1.542	274	73
-1.509	230	70
-1.49	290	68
-1.526	297	76
-1.481	288	79
-1.465	228	61
-1.505	307	78
-1.528	270	66
-1.545	238	69
-1.49	211	57
-1.499	251	70
-1.526	319	79
-1.541	218	61
-1.5	332	82
-1.499	225	63
-1.47	223	65
-1.493	254	66
-1.487	244	72
-1.512	324	87
-1.523	307	81
-1.479	264	72
-1.494	277	78
-1.492	228	60
-1.476	217	53
-1.492	192	55
-1.562	273	71
-1.512	251	67
-1.497	198	53
-1.494	208	58
-1.512	303	72
-1.49	190	59
-1.518	280	76
-1.499	205	60
-1.582	277	72
-1.491	278	78
-1.481	233	64
-1.469	249	67
-1.518	206	57
-1.477	313	80
-1.526	289	81
-1.518	243	68
-1.52	209	52
-1.481	201	62
-1.509	223	63
-1.568	267	67
-1.5	246	61
-1.502	212	60
-1.497	238	61
-1.506	235	60
-1.56	272	67
-1.576	228	66
-1.505	297	67
-1.513	328	83
-1.491	225	63
-1.51	228	61
-1.499	250	64
-1.492	260	70
-1.567	385	87
-1.556	260	65
-1.439	336	84
-1.488	350	86
-1.504	267	82
-1.497	229	67
-1.556	203	46
-1.495	238	63
-1.521	206	60
-1.5	275	71
-1.49	201	52
-1.488	257	69
-1.47	229	61
-1.496	194	61
-1.479	292	74
-1.488	216	55
-1.499	205	55
-1.479	249	65
-1.565	266	66
-1.495	244	69
-1.489	372	87
-1.484	258	69
-1.568	321	78
-1.518	218	62
-1.458	245	64
-1.489	308	71
-1.477	252	65
-1.475	301	75
-1.504	254	62
-1.537	230	63
-1.496	198	56
-1.472	187	52
-1.522	239	64
-1.491	271	68
-1.5	232	63
-1.515	202	56
-1.551	273	72
-1.513	270	62
-1.527	221	62
-1.486	321	69
-1.507	244	67
-1.546	238	64
-1.475	195	56
-1.489	205	59
-1.51	277	75
-1.499	324	87
-1.491	304	73
-1.495	229	64
-1.45	224	59
-1.558	221	55
-1.511	383	89
-1.516	291	78
-1.486	189	53
-1.546	198	65
-1.509	394	98
-1.491	313	82
-1.547	249	64
-1.504	287	77
-1.507	265	73
-1.514	308	69
-1.484	223	61
-1.504	215	70
-1.507	233	64
-1.542	223	57
-1.508	238	62
-1.474	210	54
-1.508	327	82
-1.487	178	50
-1.517	222	58
-1.495	265	69
-1.565	305	81
-1.553	245	67
-1.461	283	74
-1.486	252	69
-1.519	261	65
-1.547	249	60
-1.51	284	62
-1.529	274	71
-1.503	240	73
-1.461	209	56
-1.543	255	70
-1.487	221	62
-1.511	267	68
-1.487	206	53
-1.487	222	58
-1.541	209	61
-1.469	208	60
-1.488	190	58
-1.483	218	62
-1.509	289	80
-1.498	272	75
-1.504	255	61
-1.469	360	89
-1.483	244	63
-1.517	217	55
-1.495	221	66
-1.549	251	62
-1.481	230	61
-1.497	281	85
-1.514	293	71
-1.5	287	70
-1.535	221	63
-1.522	260	68
-1.506	350	81
-1.546	269	74
-1.507	376	88
-1.549	294	78
-1.482	234	58
-1.486	236	59
-1.519	289	75
-1.482	219	59
-1.539	254	65
-1.539	336	88
-1.537	248	68
-1.538	289	77
-1.494	234	58
-1.507	275	67
-1.498	215	58
-1.509	271	76
-1.489	195	49
-1.29	349	86
-1.535	272	70
-1.518	221	66
-1.515	245	65
-1.485	244	69
-1.483	306	77
-1.537	250	75
-1.486	222	56
-1.531	286	70
-1.481	187	54
-1.514	156	47
-1.509	237	62
-1.495	233	68
-1.515	239	68
-1.488	293	80
-1.52	278	74
-1.495	257	60
-1.551	240	65
-1.55	235	59
-1.477	270	69
-1.514	326	89
-1.498	267	66
-1.502	236	60
-1.524	307	84
-1.487	292	81
-1.497	261	74
-1.487	269	69
-1.471	252	64
-1.543	294	74
-1.44	329	74
-1.513	199	56
-1.491	227	63
-1.494	199	57
-1.473	272	70
-1.499	328	85
-1.513	220	57
-1.487	231	62
-1.505	272	74
-1.5	267	73
-1.49	198	56
-1.491	281	79
-1.496	276	69
-1.532	188	55
-1.492	233	62
-1.532	265	70
-1.507	218	54
-1.523	228	63
-1.489	246	69
-1.501	242	67
-1.528	263	80
-1.481	335	83
-1.493	287	68
-1.521	232	62
-1.505	254	72
-1.505	300	82
-1.528	262	72
-1.525	247	59
-1.528	228	64
-1.509	269	72
-1.495	258	64
-1.548	248	76
-1.487	385	89
-1.506	310	78
-1.515	250	65
-1.475	239	65
-1.478	321	75
-1.474	212	57
-1.549	232	63
-1.537	301	77
-1.508	277	81
-1.464	295	76
-1.503	195	57
-1.536	254	70
-1.497	246	69
-1.466	266	72
-1.522	201	54
-1.511	207	57
-1.491	235	67
-1.494	280	71
-1.514	289	80
-1.498	203	62
-1.486	281	79
-1.569	235	66
-1.51	227	60
-1.529	210	60
-1.497	252	71
-1.516	227	64
-1.496	280	70
-1.503	223	57
-1.497	252	69
-1.489	252	63
-1.532	321	83
-1.503	229	66
-1.498	191	58
-1.489	294	67
-1.405	280	71
-1.496	252	68
-1.483	234	71
-1.549	252	71
-1.497	344	85
-1.485	253	70
-1.544	189	56
-1.463	240	64
-1.486	262	78
-1.519	246	68
-1.491	229	65
-1.483	232	64
-1.535	346	83
-1.516	291	71
-1.489	203	57
-1.505	228	61
-1.5	250	70
-1.526	202	57
-1.488	268	65
-1.487	328	77
-1.515	245	67
-1.471	235	59
-1.55	218	56
-1.493	278	83
-1.504	244	56
-1.486	267	68
-1.49	212	57
0.992	340	87
-1.487	295	76
-1.549	295	74
-1.485	223	56
-1.479	224	61
-1.554	199	60
-1.493	255	60
-1.478	286	68
-1.493	332	82
-1.499	214	55
-1.558	284	77
-1.499	300	78
-1.51	274	69
-1.5	244	71
-1.498	296	77
-1.485	194	49
-1.532	289	67
-1.507	278	66
-1.485	261	72
-1.51	327	80
-1.487	224	59
-1.476	202	60
-1.565	273	67
-1.56	404	88
-1.475	189	45
-1.541	231	62
-1.481	240	60
-1.53	244	65
-1.553	243	63
-1.528	205	53
-1.486	290	74
-1.558	201	57
-1.506	248	71
-1.487	237	61
-1.519	298	75
-1.501	216	68
-1.52	288	73
-1.469	284	73
-1.526	335	81
-1.5	277	73
-1.461	219	64
-1.525	274	70
-1.497	304	73
-1.47	277	69
-1.51	248	65
-1.492	239	60
-1.601	383	85
-1.473	259	65
-1.473	270	70
-1.466	299	77
-1.47	261	67
-1.469	249	61
-1.495	251	64
-1.564	222	60
-1.5	286	70
-1.488	251	64
-1.51	292	72
-1.539	262	67
-1.482	313	80
-1.499	267	64
-1.554	257	69
-1.487	284	67
-1.495	189	58
-1.526	182	50
-1.51	227	63
-1.493	196	62
-1.45	294	65
-1.494	202	57
-1.532	276	64
-1.538	232	69
-1.497	231	64
-1.545	300	76
-1.462	266	74
-1.482	388	98
-1.495	247	61
-1.497	220	62
-1.503	254	67
-1.475	230	63
-1.574	291	73
-1.484	247	66
-1.476	222	59
-1.502	297	80
-1.491	273	71
-1.483	239	72
-1.515	244	67
-1.481	189	58
-1.51	275	86
-1.5	256	65
-1.476	232	69
-1.491	219	63
-1.526	297	73
-1.515	268	66
-1.529	227	70
-1.525	235	61
-1.499	238	57
-1.559	255	70
-1.482	253	64
-1.484	261	73
-1.497	357	80
-1.504	320	80
-1.478	282	74
-1.483	236	68
-1.53	254	70
-1.479	243	65
-1.481	235	66
-1.499	230	67
-1.523	228	63
-1.571	303	79
-1.509	249	64
-1.533	254	68
-1.463	284	67
-1.497	241	58
-1.469	276	70
-1.493	255	68
-1.562	266	71
-1.487	202	49
-1.484	266	67
-1.519	273	71
-1.536	197	53
-1.461	282	76
-1.389	315	89
-1.54	241	63
-1.499	267	70
-1.5	200	57
-1.524	213	62
-1.541	242	71
-1.5	230	58
-1.469	307	74
-1.486	227	54
-1.493	219	64
-1.545	302	75
-1.507	261	70
-1.471	241	62
-1.503	202	56
-1.524	338	86
-1.527	255	62
-1.485	258	66
-1.534	218	57
-1.521	213	55
-1.508	270	78
-1.511	233	63
-1.523	286	72
-1.522	214	62
-1.539	235	61
-1.501	240	65
-1.51	285	76
-0.903	395	93
-1.576	282	77
-1.506	214	63
-1.506	245	70
-1.483	197	54
-1.52	254	71
-1.575	217	54
-1.476	226	58
-1.524	219	60
-1.499	215	62
-1.521	212	59
-1.506	232	59
-1.495	226	65
-1.501	188	53
-1.479	307	81
-1.541	282	73
-1.494	178	49
-1.461	228	62
-1.492	226	62
-1.564	193	63
-1.472	237	62
-1.562	198	55
-1.469	299	77
-1.525	186	51
-1.492	329	76
-1.452	422	99
-1.487	181	47
-1.493	215	62
-1.566	262	75
-1.548	299	75
-1.543	293	77
-1.517	176	47
-1.519	301	74
-1.499	255	64
-1.521	231	64
-1.485	208	57
-1.536	287	72
-1.489	199	54
-1.506	230	62
-1.483	320	74
-1.477	216	65
-1.499	394	96
-1.495	187	54
-1.511	198	56
-1.481	301	79
-1.482	240	62
-1.541	272	76
-1.489	218	65
-1.496	174	53
-1.511	234	60
-1.497	320	76
-1.573	266	77
-1.461	325	81
-1.505	248	61
-1.48	294	87
-1.54	316	80
-1.471	313	83
-1.464	252	62
-1.55	237	59
-1.518	249	73
-1.509	220	68
-1.464	291	81
-1.499	262	65
-1.498	352	84
-1.483	213	55
-1.54	214	53
-1.476	282	77
-1.502	234	71
-1.488	216	59
-1.48	364	95
-1.493	200	52
-1.459	255	69
-1.511	273	68
-1.504	210	64
-1.484	243	63
-1.453	309	82
-1.506	231	60
-1.497	303	73
-1.461	350	83
-1.492	246	66
-1.542	293	76
-1.49	280	73
-1.533	218	55
-1.49	213	59
-1.52	289	67
-1.498	229	57
-1.498	255	66
-1.467	233	67
-1.561	187	54
-1.532	226	63
-1.468	210	62
-1.49	345	88
-1.507	276	71
-1.543	237	63
-1.512	248	65
-1.473	349	81
-1.509	241	72
-1.516	288	74
-1.475	352	89
-1.498	206	58
-1.52	226	64
-1.479	214	62
-1.48	264	78
-1.5	222	65
-1.484	267	71
-1.478	252	64
-1.516	276	78
-1.49	207	55
-1.506	182	49
-1.467	297	81
-1.546	240	64
-1.534	279	70
-1.499	218	64
-1.492	295	77
-1.53	340	87
-1.5	237	62
-1.512	295	80
-1.496	254	72
-1.501	207	59
-1.471	218	63
-1.482	374	88
-1.493	336	84
-1.528	268	74
-1.501	185	60
-1.513	307	80
-1.513	320	75
-1.586	275	76
-1.508	280	68
-1.501	243	74
-1.539	289	77
-1.488	311	73
-1.511	197	57
-1.562	239	72
-1.494	219	59
-1.494	257	74
-1.501	350	86
-1.504	196	53
-1.521	230	57
-1.501	218	62
-1.525	229	64
-1.498	237	66
-1.529	238	66
-1.469	272	75
-1.492	260	66
-1.533	276	76
-1.535	245	70
-1.479	243	65
-1.494	268	70
-1.518	298	81
-1.524	208	65
-1.512	212	58
-1.494	254	70
-1.551	251	70
-1.481	204	56
-1.524	277	72
-1.475	271	74
-1.569	237	59
-1.51	252	68
-1.478	258	59
-1.592	268	75
-1.523	291	68
-1.477	213	62
-1.489	285	72
-1.515	231	67
-1.477	257	72
-1.552	248	62
-1.509	285	69
-1.577	293	79
-1.521	291	76
-1.517	301	83
-1.494	252	68
-1.516	252	67
-1.514	255	70
-1.515	230	63
-1.488	252	60
-1.533	264	72
-1.497	219	62
-1.511	205	50
-1.5	352	89
-1.497	237	64
-1.482	360	93
-1.454	238	64
-1.48	207	55
-1.472	251	73
-1.491	312	72
-1.501	286	67
-1.534	260	67
-1.469	217	61
-1.481	227	61
-1.487	214	62
-1.504	245	73
-1.522	349	85
-1.47	238	64
-1.487	279	72
-1.528	314	82
-1.512	295	73
-1.527	268	74
-1.536	279	73
-1.526	290	80
-1.51	280	66
-1.533	272	73
-1.502	262	71
-1.531	325	82
-1.499	215	63
-1.501	252	58
-1.492	199	55
-1.526	245	62
-1.49	265	72
-1.525	270	72
-1.484	258	65
-1.48	338	94
-1.516	224	60
-1.503	256	64
-1.508	203	56
-1.553	254	78
-1.528	332	75
-1.571	253	76
-1.505	313	72
-1.48	249	67
-1.519	224	64
-1.512	279	75
-1.512	270	74
-1.491	279	76
-1.492	237	69
-1.492	273	70
-1.532	303	76
-1.465	239	62
-1.508	228	64
-1.492	233	59
-1.51	249	70
-1.537	256	72
-1.538	263	72
-1.496	275	68
-1.509	266	79
-1.528	322	90
-1.508	213	57
-1.468	199	57
-1.492	291	76
-1.447	288	78
-1.491	221	63
-1.483	336	84
-1.52	215	60
-1.521	222	58
-1.549	192	52
-1.507	273	73
-1.484	301	72
-1.511	306	75
-1.509	215	60
-1.508	231	57
-1.517	290	67
-1.486	269	71
-1.461	219	61
-1.54	251	67
-1.554	277	75
-1.488	317	83
-1.497	224	71
-1.544	212	61
-1.511	314	82
-1.574	249	69
-1.481	232	59
-1.566	246	64
-1.601	320	88
-1.524	223	62
-1.486	234	63
-1.494	263	76
-1.527	202	54
-1.534	281	76
-1.537	237	68
-1.529	272	74
-1.555	301	71
-1.494	268	68
-1.504	297	90
-1.46	298	89
-1.46	232	54
-1.513	253	70
-1.534	348	78
-1.47	196	58
-1.524	279	75
-1.473	266	71
-1.483	249	61
-1.513	229	61
-1.441	405	91
-1.481	208	59
-1.496	335	91
-1.518	253	77
-1.523	204	63
-1.531	233	63
-1.483	371	90
-1.531	199	59
-1.533	271	70
-1.475	246	73
-1.499	315	82
-1.535	306	82
-1.512	291	72
-1.473	229	63
-1.483	318	72
-1.473	221	69
-1.49	259	65
-1.492	213	56
-1.491	271	68
-1.524	292	84
-1.507	216	59
-1.503	250	65
-1.484	229	63
-1.502	285	68
-1.51	234	74
-1.491	247	62
-1.483	222	52
-1.485	203	63
-1.492	197	59
-1.53	318	77
-1.477	223	64
-1.499	280	70
-1.508	248	66
-1.468	280	72
-1.554	291	81
-1.515	234	70
-1.485	261	72
-1.509	214	60
-1.488	223	59
-1.571	314	76
-1.509	245	65
-1.472	309	79
-1.54	224	61
-1.501	203	58
-1.513	290	72
-1.466	253	70
-1.5	262	72
-1.547	376	89
-1.533	219	64
-1.501	373	91
-1.535	243	67
-1.524	266	70
-1.488	257	63
-1.481	214	59
-1.512	254	64
-1.495	249	64
-1.484	317	83
-1.485	227	60
-1.521	335	84
-1.494	209	55
-1.48	252	67
-1.49	294	81
-1.541	206	61
-1.503	338	89
-1.524	276	83
-1.537	241	65
-1.507	294	82
-1.56	236	72
-1.525	223	59
-1.556	300	83
-1.463	277	74
-1.511	190	52
-1.553	243	65
-1.506	240	65
-1.491	228	60
-1.514	368	92
-1.536	251	70
-1.506	270	76
-1.493	255	70
-1.545	222	55
-1.473	249	67
-1.484	282	66
-1.512	233	60
-1.491	225	59
-1.538	236	64
-1.457	316	72
-1.49	279	79
-1.529	255	69
-1.518	200	58
-1.53	212	59
-1.497	248	72
-1.477	300	72
-1.497	295	78
-1.497	283	73
-1.568	234	61
-1.495	236	65
-1.467	279	80
-1.477	247	62
-1.523	245	73
-1.488	273	68
-1.481	215	58
-1.521	212	61
-1.51	380	89
-1.517	208	58
-1.476	263	66
-1.491	291	74
-1.556	235	62
-1.471	302	81
-1.506	318	85
-1.55	198	61
-1.494	255	63
-1.516	182	53
-1.512	238	65
-1.497	360	84
-1.518	349	90
-1.567	242	70
-1.471	217	66
-1.547	203	60
-1.557	239	65
-1.554	233	63
-1.508	264	67
-1.511	328	81
-1.469	250	63
-1.484	246	68
-1.479	265	64
-1.471	215	56
-1.499	218	57
-1.509	240	59
-1.47	219	66
-1.484	201	53
-1.494	212	62
-1.507	256	70
-1.577	195	56
-1.5	208	58
-1.509	229	62
-1.494	339	88
-1.511	315	73
-1.478	272	64
-1.494	259	73
-1.489	278	66
-1.509	212	59
-1.553	259	66
-1.46	249	61
-1.571	256	65
-1.544	213	55
-1.516	200	64
-1.469	226	61
-1.517	183	53
-1.502	275	66
-1.485	277	79
-1.488	237	56
-1.513	225	69
-1.508	225	65
-1.491	276	66
-1.51	275	74
-1.499	212	57
-1.518	219	60
-1.497	269	73
-1.499	279	64
-1.537	327	91
-1.562	285	77
-1.497	259	63
-1.479	236	57
-1.501	297	72
-1.514	224	61
-1.557	293	81
-1.496	227	61
-1.498	268	69
-1.52	206	56
-1.505	277	72
-1.558	237	60
-1.488	254	63
-1.486	407	95
-1.483	274	73
-1.502	253	68
-1.506	222	63
-1.554	235	62
-1.498	203	54
-1.491	272	67
-1.493	167	49
-1.561	238	58
-1.512	222	61
-1.542	264	70
-1.485	304	77
-1.552	241	67
-1.494	230	52
-1.515	226	61
-1.529	268	74
-1.501	283	72
-1.549	258	65
-1.5	213	56
-1.506	304	71
-1.501	194	53
-1.504	287	78
-1.5	214	63
-1.494	202	57
-1.547	219	59
-1.492	335	80
-1.54	324	79
-1.509	234	62
-1.509	238	65
-1.542	254	62
-1.491	270	69
-1.483	223	62
-1.549	203	62
-1.501	212	64
-1.511	204	57
-1.063	340	92
-1.495	227	69
-1.491	249	63
-1.294	377	91
-1.541	217	55
-1.497	213	57
-1.578	248	70
-1.473	270	77
-1.488	231	66
-1.532	205	55
-1.503	213	60
-1.551	319	83
-1.503	248	63
-1.481	264	79
-1.519	209	55
-1.483	264	70
-1.508	284	73
-1.484	293	78
-1.533	203	57
-1.477	261	72
-1.542	206	63
-1.488	249	66
-1.54	244	64
-1.492	204	60
-1.556	238	64
-1.482	226	62
-1.531	237	66
-1.547	282	75
-1.562	289	76
-1.516	318	75
-1.54	222	61
-1.515	304	84
-1.496	279	79
-1.533	272	72
-1.472	205	63
-1.478	270	74
-1.537	274	68
-1.501	255	68
-1.488	230	65
-1.512	211	61
-1.526	239	66
-1.525	250	60
-1.548	257	69
-1.478	272	66
-1.491	263	68
-1.493	233	63
-1.494	214	58
-1.541	184	51
-1.5	267	69
-1.562	210	54
-1.489	244	69
-1.506	287	75
-1.478	255	59
-1.484	186	48
-1.509	298	77
-1.479	339	85
-1.557	252	67
-0.959	351	88
-1.515	231	63
-1.492	260	66
-1.516	221	60
-1.488	292	73
-1.491	260	67
-1.505	241	69
-1.503	247	72
-1.49	275	67
-1.513	244	66
-1.522	241	72
-1.532	216	60
-1.514	264	68
-1.519	273	76
-1.512	225	60
-1.491	233	64
-1.52	289	71
-1.515	206	52
-1.449	365	89
-1.499	225	64
-1.496	199	52
-1.493	220	59
-1.488	216	59
-1.523	304	83
-1.547	236	61
-1.504	212	63
-1.493	263	68
-1.477	222	68
-1.468	280	69
-1.518	330	84
-1.497	337	86
-1.53	288	81
-1.557	325	76
-1.497	185	53
-1.512	234	60
-1.504	240	65
-1.471	187	48
-1.524	274	74
-1.47	180	53
-1.504	239	63
-1.521	305	75
-1.496	269	62
-1.466	236	68
-1.531	274	66
-1.485	215	63
-1.488	326	91
-1.474	222	60
-1.474	218	55
-1.51	301	74
-1.478	256	72
-1.506	256	69
-1.521	206	59
-1.463	248	68
-1.513	214	68
-1.528	247	59
-1.502	244	67
-1.517	207	53
-1.494	291	73
-1.509	262	73
-1.502	198	52
-1.536	245	64
-1.505	228	67
-0.723	311	84
-1.535	245	62
-1.49	236	63
-1.514	281	69
-1.5	276	74
-1.497	222	64
-1.53	247	70
-1.477	209	56
-1.476	205	57
-1.523	234	58
-1.521	202	61
-1.498	326	83
-1.504	222	57
-1.508	281	72
-1.538	261	66
-1.473	240	70
-1.496	309	75
-1.553	303	81
-1.491	304	75
-1.551	260	71
-1.493	259	70
-1.484	201	55
-1.487	275	75
-1.538	209	58
-1.536	366	86
-1.507	228	66
-1.477	206	56
-1.547	299	78
-1.544	273	70
-1.498	261	67
-1.473	256	71
-1.566	237	57
-1.489	231	61
-1.506	252	58
-1.501	237	61
-1.527	204	60
-1.486	317	83
-1.494	210	56
-1.574	230	65
-1.51	257	71
-1.498	294	73
-1.495	235	66
-1.486	195	59
-1.503	297	80
-1.495	259	56
-1.542	256	77
-1.487	238	64
-1.493	380	92
-1.486	212	62
-1.487	172	45
-1.492	207	56
-1.472	256	65
-1.501	245	58
-1.477	299	75
-1.498	284	78
-1.486	261	75
-1.503	265	78
-1.551	220	67
-1.543	239	74
-1.495	220	52
-1.489	226	64
-1.477	268	69
-1.548	236	65
-1.457	259	70
-1.525	282	76
-1.492	226	56
-1.52	251	73
-1.53	259	69
-1.49	292	72
-1.492	276	69
-1.498	253	69
-1.528	258	76
-1.494	243	65
-1.568	263	71
-1.481	200	55
-1.513	269	74
-1.471	288	65
-1.491	190	52
-1.489	283	79
-1.547	252	68
-1.538	282	77
-1.496	338	83
-1.516	252	69
-1.487	264	62
-1.501	273	83
-1.493	220	65
-1.493	315	80
-1.522	258	72
-1.511	220	60
-1.499	227	68
-1.476	254	67
-1.515	273	72
-1.511	228	69
-1.494	226	63
-1.472	240	63
-1.503	224	58
-1.538	279	67
-1.471	272	72
-1.506	254	62
-1.521	269	66
-1.475	300	82
-1.458	271	74
-1.515	243	64
-1.459	271	70
-1.486	212	63
-1.488	250	58
-1.54	204	53
-1.514	252	67
-1.56	259	74
-1.485	192	55
-1.533	184	53
-1.517	274	77
-1.478	242	67
-1.521	232	54
-1.491	229	64
-1.49	225	59
-1.501	232	68
-1.493	240	71
-0.721	364	90
-1.519	351	81
-1.461	264	67
-1.529	229	62
-1.457	266	69
-1.493	291	77
-1.565	255	72
-1.492	239	66
-1.518	253	61
-1.525	301	74
-1.517	216	60
-1.55	252	59
-1.522	272	63
-1.443	398	90
-1.487	246	62
-1.546	244	63
-1.488	289	81
-1.505	236	68
-1.483	223	60
-1.559	294	72
-1.517	187	62
-1.519	308	80
-1.503	226	59
-1.52	237	61
-1.567	245	62
-1.497	351	81
-1.5	220	65
-1.454	322	86
-1.492	249	70
-1.518	210	62
-1.497	258	68
-1.489	271	71
-1.544	274	72
-1.577	248	68
-1.526	270	75
-1.484	168	51
-1.492	255	63
-1.472	201	54
-1.489	211	54
-1.508	260	67
-1.503	295	78
-1.514	390	90
-1.481	253	69
-1.578	262	69
-1.5	177	53
-1.489	328	84
-1.515	319	81
-1.508	211	62
-1.508	294	72
-1.562	269	76
-1.525	249	71
-1.508	253	69
-1.563	203	54
-1.503	295	74
-1.503	201	57
-1.51	305	86
-1.507	241	69
-1.524	198	52
-1.497	205	55
-1.508	202	54
-1.513	202	56
-1.503	263	66
-1.499	271	73
-1.492	234	67
-1.495	225	62
-1.518	229	62
-1.506	253	65
-1.512	218	57
-1.506	333	83
-1.49	234	67
-1.513	203	60
-1.501	269	69
-1.496	203	56
-1.47	266	75
-1.488	276	77
-1.514	202	62
-1.489	282	73
-1.522	285	77
-1.573	227	65
-1.51	250	65
-1.525	245	71
-1.503	315	80
-1.512	197	62
-1.566	274	61
-1.495	232	63
-1.507	225	62
-1.497	222	63
-1.527	232	61
-1.549	325	83
-1.489	227	64
-1.516	223	60
-1.508	238	58
-1.478	216	62
-1.507	223	57
-1.52	245	71
-1.518	256	72
-1.445	244	64
-1.528	239	73
-1.524	394	86
-1.558	303	74
-1.503	291	69
-1.506	195	59
-1.5	313	77
-1.528	206	56
-0.108	285	76
-1.552	195	55
-1.504	227	62
-1.466	224	62
-1.489	223	62
-1.476	255	63
-1.489	374	92
-1.517	251	69
-1.57	248	63
-1.555	256	63
-1.525	207	57
-1.498	244	59
-1.478	231	64
-1.563	224	54
-1.49	259	68
-1.465	273	72
-1.547	317	79
-1.558	283	72
-1.477	270	67
-1.519	313	75
-1.507	197	53
-1.512	285	85
-1.465	202	58
-1.494	272	74
-1.528	263	71
-1.499	237	64
-1.496	322	79
-1.51	192	53
-1.539	239	67
-1.508	322	76
-1.503	223	62
-1.532	302	72
-1.47	240	69
-1.496	323	88
-1.499	198	58
-1.5	250	69
-1.495	216	57
-1.466	232	64
-1.396	310	78
-1.501	254	73
-1.51	302	76
-1.479	257	68
-1.505	206	58
-1.477	321	78
-1.552	341	93
-1.484	236	53
-1.485	203	55
-1.55	307	86
-1.526	301	71
-1.524	265	69
-1.483	345	83
-1.506	276	73
-1.474	264	68
-1.509	305	84
-1.486	247	64
-1.526	250	68
-1.558	250	66
-1.495	278	73
-1.481	344	88
-1.511	204	54
-1.508	298	75
-1.514	316	83
-1.5	246	69
-1.461	257	71
-1.536	252	62
-1.556	254	71
-1.51	288	70
-1.591	253	68
-1.481	194	56
-1.49	213	64
-1.506	198	56
-1.469	204	56
-1.487	211	60
-1.491	323	81
-1.509	215	52
-1.507	254	75
-1.502	291	75
-1.501	211	63
-1.516	259	72
-1.53	360	90
-1.542	317	81
-1.52	322	96
-1.507	223	65
-1.494	196	54
-1.481	297	78
-1.495	259	76
-1.505	276	71
-1.482	259	69
-1.493	292	85
-1.505	305	81
-1.492	237	66
-1.504	313	80
-1.478	202	59
-1.491	255	70
-1.497	252	66
-1.486	253	66
-1.472	290	79
-1.574	350	87
-1.493	274	75
-1.45	335	81
-1.53	243	58
-1.458	267	78
-1.508	249	63
-1.481	212	56
-1.484	237	62
-1.569	386	87
-1.504	282	74
-1.46	286	79
-1.515	221	64
-1.494	181	54
-1.477	340	86
-1.515	215	58
-1.477	245	61
-1.529	279	81
-1.487	334	86
-1.503	272	67
-1.475	212	61
-1.566	194	56
-1.502	254	70
-1.536	337	81
-1.524	220	63
-1.498	319	85
-1.485	208	65
-1.527	348	82
-1.519	278	75
-1.545	286	78
-1.48	272	77
-1.527	241	66
-1.502	247	69
-1.493	240	65
-1.511	230	63
-1.474	210	55
-1.484	266	73
-1.522	210	55
-1.582	234	62
-1.503	262	75
-1.479	289	69
-1.462	216	54
-1.496	200	62
-1.519	245	61
-1.471	223	70
-1.487	208	59
-1.456	276	69
-1.504	229	55
-1.492	191	55
-1.513	359	96
-1.508	231	59
-1.526	262	68
-1.499	265	62
-1.533	226	66
-1.519	285	72
-1.552	292	81
-1.476	239	61
-1.485	316	85
-1.517	192	54
-1.521	302	82
-1.503	257	62
-1.481	251	65
-1.533	292	82
-1.516	234	65
-1.525	194	50
-1.478	216	52
-1.474	366	77
-1.509	262	74
-1.537	216	59
-1.465	240	63
-1.458	245	69
-1.51	236	64
-1.514	207	56
-1.457	269	69
-1.491	268	70
-1.521	239	72
-1.518	245	63
-1.561	251	70
-1.487	222	65
-1.463	256	67
-1.468	198	56
-1.482	315	76
-1.486	304	72
-1.559	211	59
-1.512	293	72
-1.507	218	58
-1.488	220	62
-1.474	227	64
-1.503	225	67
-1.502	260	71
-1.486	232	65
-1.453	379	96
-1.464	258	69
-1.52	209	54
-1.483	269	65
-1.508	215	61
-1.53	245	74
-1.487	244	66
-1.499	300	73
-1.471	234	64
-1.494	197	50
-1.496	225	60
-1.454	252	65
-1.475	272	82
-1.545	290	71
-1.513	258	66
-1.521	173	55
-1.501	202	58
-1.492	231	62
-1.494	315	74
-1.484	258	76
-1.499	199	55
-1.493	260	68
-1.552	361	89
-1.496	261	67
-1.443	261	69
-1.505	220	62
-1.496	232	61
-1.539	214	63
-1.474	239	69
-1.508	234	56
-1.517	273	76
-1.467	261	63
-1.593	305	76
-1.461	266	69
-1.505	343	78
-1.515	274	69
-1.466	287	76
-1.595	319	84
-1.533	254	64
-1.53	205	60
-1.505	205	53
-1.488	204	58
-1.583	216	63
-1.512	225	61
-1.503	239	63
-1.534	229	63
-1.467	220	61
-1.492	230	69
-0.443	461	100
-1.511	237	68
-1.476	279	79
-1.543	230	63
-1.51	237	60
-1.499	275	66
-1.489	266	65
-1.504	289	75
-1.497	305	72
-1.537	238	65
-1.491	240	62
-1.55	353	80
-1.496	262	73
-1.501	216	59
-1.482	219	63
-1.506	345	87
-1.539	248	64
-1.532	243	68
-1.529	307	79
-1.497	230	60
-1.491	234	62
-1.464	253	60
-1.507	224	62
-1.521	312	82
-1.546	296	75
-1.502	345	86
-1.503	225	60
-1.505	251	56
-1.496	211	57
-1.497	210	55
-1.485	289	76
-1.569	200	56
-1.488	217	64
-1.506	249	67
-1.484	256	71
-1.472	325	85
-1.515	222	61
-1.519	299	79
-1.501	248	67
-1.495	265	68
-1.483	275	73
-1.483	211	56
-1.492	244	56
-1.509	282	70
-1.473	229	64
-1.48	237	63
-1.502	220	61
-1.519	228	67
-1.544	228	63
-1.51	256	62
-1.496	231	63
-1.462	230	70
-1.53	253	67
-1.495	210	60
-1.506	212	59
-1.491	249	71
-1.552	239	73
-1.482	250	66
-1.501	226	63
-1.581	215	62
-1.484	237	69
-1.477	249	63
-1.477	250	66
-1.487	277	69
-1.473	201	61
-1.502	221	59
-1.502	240	70
-1.489	290	79
-1.502	297	75
-1.52	296	81
-1.479	248	70
-1.468	250	56
-1.506	284	77
-1.466	217	58
-1.506	286	71
-1.477	244	66
-1.51	252	66
-1.491	193	58
-1.508	212	55
-1.492	237	67
-1.516	214	64
-1.48	281	81
-1.506	223	62
-1.489	243	60
-1.515	253	68
-1.498	240	69
-1.545	245	61
-1.472	306	75
-1.492	295	77
-1.496	217	58
-1.506	250	66
-1.471	204	58
-1.517	332	81
-1.48	231	66
-1.494	222	62
-1.488	242	65
-1.506	203	52
-1.517	225	59
-1.542	229	64
-1.496	218	65
-1.518	181	54
-1.479	216	59
-1.499	291	77
-1.491	242	62
-1.47	220	58
-1.508	384	93
-1.508	251	64
-1.516	278	74
-1.508	227	60
-1.498	248	66
-1.487	229	60
-1.519	274	74
-1.525	305	75
-1.503	280	71
-1.483	202	54
-1.514	220	71
-1.548	314	83
-1.507	230	59
-1.484	230	58
-1.499	246	57
-1.554	226	59
-1.505	251	70
-1.536	256	74
-1.481	203	56
-1.456	254	60
-1.506	298	75
-1.49	189	58
-1.506	201	57
-1.487	352	82
-1.491	268	72
-1.48	242	64
-1.517	319	74
-1.486	234	69
-1.488	219	67
-1.487	230	62
-1.483	254	68
-1.476	214	57
-1.526	243	66
-1.522	335	93
-1.479	251	68
-1.562	228	63
-1.505	197	54
-1.515	207	58
-1.57	281	82
-1.498	242	59
-1.507	313	80
-1.479	290	68
-1.488	227	65
-1.568	302	81
-1.575	194	59
-1.503	226	69
-1.498	221	66
-1.493	244	71
-1.488	227	63
-1.478	257	70
-1.485	281	76
-1.481	275	72
-1.482	265	67
-1.492	277	70
-1.529	208	54
-1.496	190	53
-1.501	229	57
-1.5	305	85
-1.533	256	69
-1.481	261	62
-1.479	243	61
-1.497	262	70
-1.469	212	61
-1.496	289	78
-1.571	226	66
-1.493	314	75
-1.547	222	68
-1.504	197	57
-1.545	305	75
-1.487	295	79
-1.506	256	65
-1.492	232	60
-1.5	348	89
-1.519	233	61
-1.495	238	64
-1.482	326	82
-1.496	240	65
-1.497	259	71
-1.506	201	56
-1.479	247	65
-1.506	249	69
-1.449	256	67
-1.528	225	66
-1.497	229	59
-1.46	223	61
-1.543	210	62
-1.561	269	63
-1.517	231	59
-1.484	252	66
-1.511	285	72
-1.505	315	80
-1.476	240	57
-1.499	231	60
-1.511	232	66
-1.494	239	64
-1.518	266	78
-1.533	294	69
-1.478	234	59
-1.494	254	67
-1.496	223	64
-1.501	275	81
-1.5	256	70
-1.425	307	75
-1.506	265	72
-1.483	301	79
-1.49	224	61
-1.558	287	75
-1.518	214	64
-1.509	207	61
-1.502	272	73
-1.556	230	67
-1.489	244	66
-1.477	216	58
-1.531	282	68
-1.479	208	58
-1.491	224	67
-1.561	293	73
-1.475	195	54
-1.532	303	79
-1.489	301	71
-1.513	255	71
-1.517	263	72
-1.496	209	57
-1.572	312	86
-1.456	293	79
-1.525	197	57
-1.476	254	71
-1.536	234	63
-1.533	249	63
-1.537	309	76
-1.488	253	60
-1.562	280	87
-1.496	289	73
-1.5	227	63
-1.488	238	69
-1.479	251	67
-1.506	272	75
-1.486	315	78
-1.579	246	62
-1.492	204	59
-1.512	307	80
-1.486	199	64
-1.496	300	77
-1.51	284	83
-1.479	311	84
-1.485	254	67
-1.503	210	59
-1.551	260	74
-1.473	251	65
-1.497	234	64
-1.546	242	65
-1.517	231	64
-1.524	225	58
-1.492	344	83
-1.484	183	49
-1.577	347	87
-1.482	285	74
-1.482	378	80
-1.473	273	69
-1.488	256	68
-1.494	304	77
-1.534	206	56
-1.52	266	66
-1.542	274	75
-1.479	346	80
-1.486	209	58
-1.512	210	46
-1.498	233	63
-1.467	354	91
-1.493	284	69
-1.505	221	55
-1.519	255	66
-1.461	204	56
-1.569	202	57
-1.489	257	71
-1.518	246	64
-1.572	246	71
-1.464	301	76
-1.516	234	61
-1.52	248	72
-1.493	248	58
-1.516	246	71
-1.487	217	68
-1.496	307	74
-1.538	253	67
-1.508	195	58
-1.494	211	58
-1.576	217	68
-1.528	231	61
-1.304	442	100
-1.539	261	66
-1.499	288	81
-1.53	248	65
-1.514	370	90
-1.536	225	59
-1.481	260	69
-1.499	268	83
-1.505	199	55
-1.521	295	81
-1.511	303	77
-1.5	223	62
-1.539	289	78
-1.573	254	73
-1.497	205	56
-1.532	313	74
-1.464	256	78
-1.486	344	81
-1.488	199	62
-1.467	220	62
-1.508	260	63
-1.461	238	69
-1.585	198	58
-1.522	271	66
-1.489	185	52
-1.504	225	58
-1.489	308	78
-1.496	254	63
-1.559	237	62
-1.484	220	62
-0.93	305	74
-1.556	211	66
-1.493	203	57
-1.561	187	53
-1.482	256	60
-1.484	207	57
-1.462	250	66
-1.558	247	64
-1.499	235	69
-1.488	258	74
-1.488	268	72
-1.456	263	71
-1.553	280	71
-1.493	284	74
-1.473	292	74
-1.518	206	58
-1.503	224	54
-1.502	217	65
-1.487	351	82
-1.494	219	65
-1.487	283	70
-1.51	275	74
-1.483	325	83
-1.553	291	78
-1.484	270	72
-1.524	301	76
-1.535	258	73
-1.515	263	69
-1.576	277	65
-1.508	232	61
-1.554	232	61
-1.531	282	68
-1.495	206	61
-1.509	221	65
-1.469	238	65
-1.507	223	61
-1.541	207	57
-1.49	212	62
-1.513	238	69
-1.484	226	57
-1.483	263	65
-1.444	312	78
-1.483	254	72
-1.5	242	60
-1.504	303	80
-1.467	214	58
-1.511	304	78
-1.51	236	73
-1.482	197	55
-1.488	319	82
-1.493	359	88
-1.511	260	71
-1.523	223	56
-1.519	262	69
-1.485	287	67
-1.498	261	75
-1.478	367	90
-1.475	274	70
-1.509	192	52
-1.512	326	78
-1.471	280	64
-1.483	207	61
-1.554	271	73
-1.497	232	68
-1.48	293	71
-1.485	218	58
-1.538	283	75
-1.55	235	63
-1.479	263	68
-1.472	282	74
-1.474	228	57
-1.498	258	74
-1.518	215	56
-1.484	225	57
-1.514	262	67
-1.482	214	60
-1.491	226	58
-1.516	243	72
-1.549	244	76
-1.567	252	65
-1.51	210	59
-1.49	229	57
-1.498	233	58
-1.488	224	63
-1.57	232	63
-1.493	271	69
-1.498	214	61
-1.48	204	60
-1.502	313	78
-1.505	224	61
-1.47	209	55
-1.575	276	73
-1.484	328	87
-1.499	251	70
-1.5	314	79
-1.518	299	82
-1.501	262	72
-1.505	268	76
-1.453	276	74
-1.475	216	56
-1.501	314	77
-1.496	210	63
-1.476	204	57
-1.556	192	53
-1.495	266	69
-1.531	355	86
-1.528	339	84
-1.502	224	62
-1.476	211	59
-1.499	278	74
-1.483	198	51
-1.501	241	64
-1.492	224	57
-1.5	230	61
-1.523	226	59
-1.505	266	71
-1.59	202	56
-1.513	237	68
-1.54	205	61
-1.501	245	69
-1.503	324	78
-1.484	216	60
-1.503	229	63
-1.487	271	76
-1.503	253	73
-1.484	270	75
-1.462	265	69
-1.553	248	70
-1.498	252	71
-1.453	223	50
-1.487	237	69
-1.499	259	69
-1.498	268	65
-1.495	179	50
-1.493	292	72
-1.5	240	67
-1.542	223	65
-1.537	365	84
-1.482	252	61
-1.487	235	66
-1.5	268	66
-1.493	236	66
-1.469	230	61
-1.506	244	63
-1.503	232	67
-1.497	237	63
-1.469	283	76
-1.541	247	72
-1.528	283	69
-1.485	210	54
-1.503	194	56
-1.492	217	61
-1.508	203	59
-1.494	251	65
-1.509	203	54
-1.513	204	58
-1.508	291	80
-1.484	302	78
-1.53	270	67
-1.505	285	75
-1.542	235	62
-1.51	244	67
-1.521	209	55
-1.503	286	80
-1.489	259	65
-1.519	213	63
-1.509	254	79
-1.571	264	68
-1.568	311	75
-1.531	278	79
-1.46	257	70
-1.511	251	64
-1.495	310	74
-1.54	256	65
-1.505	210	59
-1.515	243	63
-1.479	274	71
-1.506	250	69
-1.49	211	60
-1.475	240	67
-1.513	282	66
-1.498	304	73
-1.49	250	74
-1.454	306	75
-1.502	195	52
-1.525	251	60
-1.495	229	69
-1.496	226	69
-1.514	295	68
-1.473	234	72
-1.495	219	55
-1.496	269	73
-1.501	226	62
-1.494	284	73
-1.501	309	77
-1.564	256	72
-1.476	207	58
-1.477	240	64
-1.526	300	81
-1.495	215	62
-1.553	264	66
-1.517	225	58
-1.492	226	60
-1.528	225	68
-1.497	253	75
-1.536	249	66
-1.519	252	74
-1.478	208	59
-1.483	313	77
-1.474	270	72
-1.514	235	64
-1.481	376	96
-1.503	220	53
-1.474	226	55
-1.46	202	55
-1.472	328	82
-1.495	211	62
-1.486	225	64
-1.501	258	72
-1.481	282	75
-1.475	269	69
-1.498	220	59
-1.503	288	68
-1.516	287	73
-1.508	267	72
-1.534	255	67
-1.487	224	66
-1.482	248	65
-1.534	212	61
-1.495	247	63
-1.5	210	54
-1.485	271	71
-1.479	305	74
-1.489	197	52
-1.492	254	64
-1.496	228	67
-1.505	258	71
-1.543	236	70
-1.549	371	87
-1.506	263	73
-1.503	260	75
-1.491	235	61
-1.535	196	57
-1.503	252	62
-1.488	267	77
-1.5	221	65
-1.541	210	60
-1.473	308	76
-1.484	244	68
-1.502	331	79
-1.545	253	62
-1.522	350	81
-1.473	280	73
-1.515	392	97
-1.523	226	56
-1.485	219	63
-1.519	186	51
-1.473	324	81
-1.518	301	73
-1.503	398	94
-1.57	320	88
-1.473	232	61
-1.562	270	69
-1.51	357	87
-1.501	286	71
-1.49	282	75
-1.529	289	73
-1.502	231	65
-1.506	216	67
-1.497	270	72
-1.525	194	56
-1.516	235	65
-1.502	223	62
-1.499	224	57
-1.489	170	47
-1.515	250	60
-1.501	238	61
-1.516	247	66
-1.503	224	69
-1.509	283	78
-1.519	281	72
-1.495	283	76
-1.494	226	62
-1.532	245	68
-1.501	287	76
-1.499	218	60
-1.499	251	69
-1.505	241	64
-1.491	217	56
-1.53	212	65
-1.517	217	58
-1.468	204	58
-1.495	316	77
-1.497	228	68
-1.489	232	65
-1.543	236	67
-1.476	234	59
-1.524	230	65
-1.51	282	75
-1.503	264	65
-1.517	251	65
-1.489	280	67
-1.522	331	80
-1.562	211	59
-1.506	208	54
-1.468	272	70
-1.509	237	67
-1.514	294	85
-1.493	229	67
-1.49	224	64
-1.499	306	77
-1.529	294	74
-1.509	214	63
-1.524	294	78
-1.51	349	86
-1.524	213	71
-1.55	271	73
-1.504	254	63
-1.495	301	81
-1.535	228	66
-1.507	273	75
-1.491	285	72
-1.509	215	60
-1.537	212	58
-1.533	237	58
-1.54	208	61
-1.505	241	63
-1.504	221	66
-1.51	255	71
-1.47	274	64
-1.484	256	68
-1.512	232	68
-1.483	256	67
-1.507	278	79
-1.476	268	71
-1.469	275	66
-1.504	299	80
-1.569	298	77
-1.499	207	56
-1.479	237	64
-1.48	331	78
-1.503	293	75
-1.478	226	73
-1.492	245	68
-1.523	255	66
-1.48	280	80
-1.494	273	73
-1.482	235	63
-1.503	255	70
-1.497	245	63
-1.476	242	60
-1.482	272	74
-1.488	284	73
-1.511	237	62
-1.503	298	68
-1.477	261	68
-1.509	192	55
-1.513	250	69
-1.516	297	74
-1.502	233	74
-1.51	194	52
-1.495	338	78
-1.479	185	53
-1.514	287	77
-1.483	303	72
-1.535	272	72
-1.524	300	69
-1.522	281	77
-1.5	245	65
-1.484	287	81
-1.512	231	60
-1.544	232	67
-1.571	261	68
-1.518	303	71
-1.505	305	80
-1.507	261	72
-1.486	299	78
-1.523	342	96
-1.508	359	86
-1.517	304	74
-1.519	240	67
-1.507	249	66
-1.561	238	62
-1.507	255	71
-1.489	313	76
-1.515	257	75
-1.515	222	63
-1.498	344	83
-1.505	213	56
-1.527	176	56
-1.489	268	64
-1.481	189	52
-1.49	264	62
-1.486	253	68
-1.474	260	67
-1.504	268	73
-1.504	237	64
-1.481	213	59
-1.519	220	63
-1.49	243	69
-1.547	451	100
-1.508	228	63
-1.504	388	93
-1.508	231	62
-1.502	233	64
-1.499	256	65
-1.482	266	76
-1.491	298	79
-1.496	235	66
-1.496	250	66
-1.546	215	64
-1.494	285	70
-1.586	261	65
-1.526	326	87
-1.502	275	72
-1.514	255	66
-1.475	260	79
-1.488	217	60
-1.466	284	78
-1.516	258	69
-1.528	238	64
-1.472	258	71
-1.528	236	59
-1.497	216	54
-1.516	234	68
-1.486	268	70
-1.508	326	80
-1.457	292	71
-1.497	272	69
-1.532	360	86
-1.458	361	84
-1.511	268	74
-1.477	236	64
-1.547	259	74
-1.488	202	62
-1.529	244	62
-1.481	287	77
-1.531	228	65
-1.48	253	65
-1.493	273	74
-1.525	210	56
-1.555	292	77
-1.534	423	100
-1.505	240	71
-1.503	270	74
-1.523	235	68
-1.497	228	64
-1.476	327	86
-1.492	198	57
-1.5	293	71
-1.513	266	73
-1.521	330	86
-1.461	281	71
-1.49	250	66
-1.513	269	72
-1.495	246	75
-1.52	189	59
-1.493	249	66
-1.513	237	61
-1.553	260	72
-1.492	287	73
-1.586	289	75
-1.509	258	66
-1.488	199	57
-1.532	207	57
-1.506	227	66
-1.498	194	57
-1.483	227	56
-1.505	243	66
-1.477	222	58
-1.534	224	59
-1.508	203	52
-1.49	201	59
-1.524	268	69
-1.518	266	76
-1.569	258	66
-1.548	216	61
-1.513	208	59
-1.575	256	66
-1.517	221	67
-1.448	313	83
-1.515	185	49
-1.511	237	60
-1.504	234	55
-1.526	319	79
-1.481	189	55
-1.477	228	67
-1.507	226	74
-1.482	224	60
-1.478	211	56
-1.504	241	65
-1.495	222	57
-1.482	242	70
-1.487	232	62
-1.518	254	67
-1.492	225	61
-1.507	210	61
-1.536	276	71
-1.498	216	66
-1.509	302	78
-1.465	372	83
-1.485	211	62
-1.503	226	57
-1.474	284	78
-1.487	208	55
-1.53	206	56
-1.537	234	70
-1.478	227	65
-1.497	229	62
-1.561	282	74
-1.486	270	75
-1.525	265	61
-1.555	384	90
-1.509	193	56
-1.505	214	60
-1.523	257	67
-1.483	340	83
-1.458	276	81
-1.498	327	83
-1.478	252	63
-1.534	304	71
-1.498	251	65
-1.479	254	62
-1.531	367	84
-1.491	201	52
-1.549	230	64
-1.486	240	61
-1.487	303	74
-1.541	287	73
-1.51	421	98
-1.463	279	63
-1.504	237	63
-1.524	282	81
-1.495	320	94
-1.58	277	68
-1.489	223	61
-1.528	224	59
-1.55	263	66
-1.496	209	57
-1.5	219	62
-1.522	291	76
-1.516	286	74
-1.486	280	70
-1.549	289	79
-1.485	353	94
-1.489	302	77
-1.586	271	78
-1.5	305	77
-1.519	247	67
-1.461	244	64
-1.536	261	74
-1.479	293	78
-1.529	198	62
-1.517	322	76
-1.504	252	72
-1.526	234	66
-1.494	292	77
-1.466	263	72
-1.565	212	53
-1.522	256	66
-1.501	297	81
-1.496	257	67
-1.497	235	63
-1.464	252	65
-1.494	367	81
-1.484	295	79
-1.502	205	59
-1.494	204	50
-1.495	303	66
-1.52	223	61
-1.54	222	59
-1.444	279	71
-1.528	238	69
-1.551	307	77
-1.476	219	57
-1.515	213	63
-1.534	224	66
-1.488	194	52
-1.525	283	75
-1.511	255	66
-1.512	210	58
-1.495	242	61
-1.508	298	90
-1.539	199	58
-1.503	234	65
-1.509	211	61
-1.51	262	68
-1.53	289	71
-1.522	210	57
-1.505	285	73
-1.489	242	68
-1.489	211	61
-1.488	246	61
-1.508	208	60
-1.508	228	60
-1.496	307	72
-1.505	240	62
-1.494	205	60
-1.546	325	75
-1.504	181	48
-1.512	243	68
-1.524	232	64
-1.49	235	66
-1.495	250	64
-1.494	244	61
-1.508	272	60
-1.529	300	78
-1.524	260	74
-1.582	228	67
-1.547	346	81
-1.489	264	74
-1.516	251	63
-1.5	376	86
-1.485	214	61
-1.552	213	62
-1.506	213	66
-1.48	290	66
-1.531	219	65
-1.488	229	54
-1.52	261	74
-1.519	346	84
-1.482	266	67
-1.591	327	74
-1.501	256	69
-1.498	255	79
-1.504	269	65
-1.513	254	64
-1.525	237	68
-1.501	273	83
-1.494	224	59
-1.524	283	76
-1.462	235	58
-1.503	249	70
-1.499	272	69
-1.465	217	62
-1.486	365	89
-1.501	299	79
-1.546	261	70
-1.527	275	81
-1.481	241	65
-1.523	239	70
-1.509	330	76
-1.505	222	64
-1.494	275	67
-1.509	241	72
-1.486	226	59
-1.515	357	86
-1.505	340	87
-1.503	319	79
-1.522	348	89
-1.496	272	71
-1.524	274	67
-1.505	184	52
-1.478	225	65
-1.504	188	56
-1.499	268	73
-1.514	317	78
-1.529	263	71
-1.509	273	69
-1.513	209	63
-1.481	216	57
-1.497	214	61
-1.497	328	79
-1.496	210	54
-1.503	253	65
-1.476	248	58
-1.498	297	75
-1.505	232	60
-1.494	241	63
-1.488	228	60
-1.508	244	63
-1.528	304	78
-1.508	223	62
-1.489	227	58
-1.476	241	61
-1.474	242	64
-1.525	250	72
-1.496	264	70
-1.527	253	67
-1.49	260	74
-1.52	340	86
-1.482	270	65
-1.48	197	54
-1.541	314	87
-1.479	264	74
-1.52	307	69
-1.492	213	59
-1.513	237	64
-1.487	226	63
-1.499	300	80
-1.486	249	60
-1.49	338	92
-1.473	320	80
-1.476	257	68
-1.55	266	76
-1.484	233	65
-1.509	226	67
-1.489	322	84
-1.508	249	63
-1.518	278	66
-1.496	270	80
-1.491	264	68
-1.507	360	89
-1.532	293	72
-1.547	297	77
-1.557	187	46
-1.537	333	78
-1.542	328	79
-1.478	254	66
-1.506	237	66
-1.474	208	67
-1.541	234	68
-1.512	207	63
-1.507	261	69
-1.491	180	53
-1.49	209	57
-1.514	290	75
-1.527	292	81
-1.498	275	81
-1.514	197	53
-1.512	247	64
-1.487	237	64
-1.502	271	68
-1.52	284	67
-1.508	391	93
-1.458	230	61
-1.488	189	49
-1.497	244	64
-1.525	225	67
-1.494	275	71
-1.528	223	57
-1.488	202	54
-1.487	222	72
-1.549	226	60
-1.291	274	69
-1.491	236	63
-1.518	224	67
-1.532	253	73
-1.549	327	77
-1.528	233	71
-1.506	260	66
-1.562	274	77
-1.505	250	66
-1.552	337	90
-1.504	234	59
-1.508	236	62
-1.498	225	62
-1.519	180	60
-1.534	238	61
-1.505	272	70
-1.504	241	70
-1.525	242	66
-1.496	299	69
-1.489	254	60
-1.549	245	68
-1.563	230	62
-1.514	209	54
-1.497	257	73
-1.473	216	55
-1.503	240	59
-1.492	196	53
-1.506	240	74
-1.561	267	71
-1.489	279	68
-1.561	254	65
-1.507	253	74
-1.491	295	75
-1.524	329	85
-1.538	239	62
-1.508	198	49
-1.479	279	69
-1.492	224	63
-1.5	247	66
-1.521	267	75
-1.506	221	64
-1.481	336	79
-1.515	239	63
-1.462	309	89
-1.499	305	83
-1.493	219	61
-1.483	260	67
-1.504	231	59
-1.59	212	55
-1.494	272	63
-1.491	258	67
-1.495	226	69
-1.498	200	54
-1.485	216	57
-1.557	298	74
-1.489	236	66
-1.55	321	81
-1.488	254	61
-1.483	204	62
-1.547	242	67
-1.488	244	70
-1.479	212	59
-1.571	264	67
-1.489	287	74
-1.52	276	73
-1.504	205	57
-1.538	210	57
-1.483	236	63
-1.481	236	67
-1.5	208	49
-1.521	250	72
-1.49	281	78
-1.489	202	59
-1.514	294	74
-1.502	306	86
-1.501	279	70
-1.48	199	60
-1.473	289	71
-1.487	337	91
-1.506	235	62
-1.482	231	62
-1.494	237	69
-1.48	213	59
-1.489	312	82
-1.489	262	70
-1.541	262	79
-1.498	216	57
-1.52	291	79
-1.539	246	61
-1.54	218	63
-1.493	233	68
-1.533	215	63
-1.48	206	56
-1.533	264	73
-1.369	414	90
-1.58	260	70
-1.544	241	71
-1.503	309	76
-1.51	247	67
-1.513	262	68
-1.514	233	68
-1.483	274	68
-1.524	205	55
-1.541	287	81
-1.512	236	65
-1.505	234	58
-1.508	250	82
-1.414	229	60
-1.534	292	73
-1.496	242	62
-1.545	250	67
-1.506	289	74
-1.537	245	63
-1.585	293	74
-1.577	305	83
-1.515	276	76
-1.523	267	71
-1.452	227	60
-1.495	189	47
-1.49	233	62
-1.504	338	83
-1.515	272	71
-1.459	228	63
-1.568	365	98
-1.544	273	67
-1.488	215	55
-1.504	235	67
-1.488	277	68
-1.492	221	57
-1.524	206	55
-1.506	230	65
-1.569	231	65
-1.486	307	82
-1.532	262	64
-1.606	235	69
-1.495	249	72
-1.477	250	66
-1.572	224	66
-1.504	210	60
-1.493	284	76
-1.508	292	68
-1.487	296	77
-1.496	266	74
-1.486	253	68
-1.542	232	68
-1.515	276	82
-1.526	238	65
-1.526	260	74
-1.476	236	65
-1.488	238	66
-1.462	189	52
-1.481	244	63
-1.499	238	69
-1.518	274	70
-1.49	187	48
-1.489	273	71
-1.511	195	55
-1.495	253	67
-1.53	226	55
-1.499	243	68
-1.574	249	67
-1.492	237	68
-1.529	296	77
-1.555	242	70
-1.489	192	53
-1.515	322	76
-1.562	196	55
-1.491	256	62
-1.467	243	64
-1.558	304	75
-1.538	205	57
-1.457	316	80
-1.499	239	61
-0.978	404	91
-1.477	257	60
-1.493	234	63
-1.49	239	62
-1.516	266	73
-1.496	217	51
-1.489	295	75
-1.497	226	61
-1.526	255	67
-1.509	280	69
-1.549	276	71
-1.52	250	65
-1.213	344	79
-1.504	273	75
-1.498	230	67
-1.521	247	71
-1.502	265	66
-1.499	221	58
-1.544	229	62
-1.487	261	64
-1.499	224	61
-1.483	278	75
-1.502	198	52
-1.516	270	76
-1.516	250	61
-1.476	279	70
-1.459	293	70
-1.501	251	65
-1.513	308	75
-1.481	313	80
-1.496	265	72
-1.498	229	63
-1.492	200	53
-1.487	236	63
-1.509	245	71
-1.532	384	94
-1.516	312	84
-1.493	207	52
-1.46	245	63
-1.528	222	60
-1.492	253	66
-1.509	228	57
-1.502	250	70
-1.481	220	62
-1.458	239	63
-1.511	223	62
-1.478	288	71
-1.548	307	74
-1.441	482	100
-1.486	226	55
-1.512	284	70
-1.526	219	67
-1.481	307	82
-1.521	327	87
-1.566	224	67
-1.469	194	55
-1.489	224	69
-1.529	245	70
-1.506	224	62
-1.493	262	68
-1.505	236	66
-1.52	208	58
-1.531	330	83
-1.48	214	61
-1.489	316	69
-1.461	309	84
-1.5	249	72
-1.482	241	62
-1.514	248	69
-1.498	312	72
-1.513	277	78
-1.512	272	73
-1.483	264	72
-1.54	227	59
-1.509	232	71
-1.511	322	80
-1.53	276	68
-1.515	291	67
-1.496	235	62
-1.492	258	67
-1.483	274	70
-1.497	239	59
-1.501	238	60
-1.479	295	72
-1.472	220	58
-1.477	227	62
-1.512	224	63
-1.481	239	71
-1.479	258	68
-1.563	335	92
-1.512	242	68
-1.507	218	65
-1.475	254	65
-1.517	276	73
-1.48	325	80
-1.474	297	76
-1.505	286	79
-1.573	208	60
-1.518	316	81
-1.493	264	76
-1.502	225	71
-1.503	241	63
-1.508	323	73
-1.514	205	53
-1.548	265	72
-1.51	282	78
-1.488	317	82
-1.487	223	62
-1.502	207	56
-1.579	284	71
-1.51	277	66
-0.352	338	89
-1.525	262	63
-1.482	255	68
-1.514	222	61
-1.501	241	60
-1.506	305	77
-1.491	358	93
-1.553	303	80
-1.478	220	62
-1.472	203	58
-1.481	288	76
-1.498	243	61
-1.488	240	69
-1.545	257	71
-1.516	258	70
-1.481	351	90
-1.501	298	75
-1.56	249	63
-1.471	263	68
-1.503	244	67
-1.516	238	63
-1.514	282	71
-1.493	218	60
-1.456	284	71
-1.481	312	77
-1.499	250	64
-1.509	239	70
-1.459	303	77
-1.597	299	77
-1.509	211	57
-1.458	192	59
-1.478	320	83
-1.503	254	63
-1.499	271	72
-1.568	320	86
-1.511	295	75
-1.477	242	68
-1.562	307	79
-1.472	262	70
-1.513	244	64
-1.479	234	64
-1.502	244	68
-1.507	218	65
-1.569	260	77
-1.49	212	55
-1.494	242	68
-1.489	403	96
-1.494	265	74
-1.542	211	55
-1.514	250	70
-1.538	246	71
-1.508	245	66
-1.516	252	69
-1.486	264	70
-1.478	270	65
-1.489	201	57
-1.496	290	73
-1.563	187	55
-1.513	230	67
-1.545	290	80
-1.549	272	71
-1.492	206	66
-1.56	340	85
-1.502	272	74
-1.505	234	65
-1.489	283	75
-1.519	320	87
-1.5	211	61
-1.477	227	62
-1.498	219	64
-1.49	330	95
-1.549	312	80
-1.504	278	70
-1.513	298	78
-1.511	269	74
-1.497	238	63
-1.452	235	64
-0.827	337	84
-1.485	226	62
-1.545	202	55
-1.474	299	69
-1.516	243	64
-1.5	178	55
-1.492	240	66
-1.472	391	84
-1.508	235	64
-1.506	304	83
-1.507	258	75
-1.526	311	84
-1.495	268	72
-1.508	287	71
-1.5	224	67
-1.527	280	72
-1.478	200	52
-1.497	298	69
-1.49	258	68
-1.489	335	81
-1.52	216	52
-1.531	387	97
-1.497	195	56
-1.502	223	62
-1.491	229	55
-1.485	259	72
-1.552	235	68
-1.511	245	66
-1.528	294	63
-1.54	212	58
-1.511	238	65
-1.493	263	61
-1.495	337	80
-1.536	318	76
-1.513	261	70
-1.492	266	74
-1.533	189	60
-1.538	338	83
-1.505	260	65
-1.49	216	59
-1.471	241	68
-1.49	262	66
-1.5	301	90
-1.504	221	61
-1.536	207	54
-1.514	263	62
-1.227	412	94
-1.503	280	74
-1.498	225	66
-1.498	289	77
-1.535	305	81
-1.504	284	71
-1.491	224	54
-1.479	380	96
-1.484	287	57
-1.452	247	65
-1.529	267	77
-1.573	212	62
-1.486	296	75
-1.496	234	63
-1.482	375	91
-1.487	217	60
-1.478	328	82
-1.553	337	84
-1.468	237	74
-1.492	258	70
-1.527	218	66
-1.494	189	55
-1.554	235	62
-1.487	258	63
-1.504	293	83
-1.515	278	81
-1.515	254	66
-1.522	194	52
-1.507	244	70
-1.497	239	62
-1.559	217	61
-1.49	227	64
-1.484	248	65
-1.538	299	79
-1.488	254	68
-1.467	353	90
-1.502	221	54
-1.52	211	54
-1.506	200	54
-1.494	209	54
-1.525	335	83
-1.581	223	61
-1.523	323	85
-1.5	265	69
-1.511	243	75
-1.5	270	71
-1.526	234	68
-1.486	209	58
-1.495	217	65
-1.506	219	62
-1.505	276	71
-1.53	221	55
-1.493	291	71
-1.498	285	68
-1.535	225	58
-1.511	232	57
-1.501	260	69
-1.496	262	72
-1.522	274	77
-1.459	312	82
-1.52	296	80
-1.487	245	65
-1.471	292	74
-1.55	281	76
-1.546	232	72
-1.564	261	67
-1.472	221	62
-1.483	220	61
-1.532	253	67
-1.493	288	71
-1.484	234	60
-1.498	242	55
-1.528	235	62
-1.548	241	61
-1.543	218	63
-1.552	237	61
-1.495	264	66
-1.481	196	57
-1.484	198	49
-1.487	271	70
-1.463	227	57
-1.479	209	60
-1.486	229	63
-1.48	210	52
-1.493	226	58
-1.529	242	65
-1.506	235	67
-1.518	219	58
-1.481	200	60
-1.499	228	67
-1.497	255	63
-1.503	301	69
-1.515	308	71
-1.492	311	82
-1.531	232	64
-1.491	208	60
-1.526	239	67
-1.517	212	58
-1.493	335	87
-1.481	216	66
-1.492	276	69
-1.546	196	54
-1.533	305	78
-1.5	256	66
-1.564	298	80
-1.502	272	71
-1.521	316	83
-1.482	247	67
-1.476	336	78
-1.492	306	73
-1.526	225	59
-1.538	266	70
-1.487	189	52
-1.515	269	82
-1.52	201	55
-1.51	254	77
-1.497	179	49
-1.491	247	66
-1.514	308	77
-1.57	208	57
-1.487	228	63
-1.48	211	58
-1.507	237	68
-1.535	285	84
-1.509	199	55
-1.48	262	70
-1.47	246	68
-1.446	235	58
-1.498	300	79
-1.512	357	84
-1.498	265	71
-1.544	266	68
-1.478	208	57
-1.465	298	76
-1.48	223	66
-1.504	218	58
-1.486	230	68
-1.487	195	54
-1.481	207	53
-1.53	217	62
-1.509	251	66
-1.507	266	70
-1.504	228	62
-1.503	241	66
-1.573	288	75
-1.488	212	56
-1.506	245	69
-1.502	196	54
-1.501	232	64
-1.456	259	70
-1.454	265	79
-1.476	237	63
-1.574	284	76
-1.465	262	69
-1.537	269	73
-1.476	255	67
-1.555	241	61
-1.492	313	83
-1.508	209	58
-1.522	248	69
-1.482	209	53
-1.528	249	64
-1.491	297	68
-1.555	316	76
-1.488	239	63
-1.484	277	72
-1.496	197	58
-1.511	299	78
-1.5	237	66
-1.476	209	53
-1.5	234	65
-1.486	228	62
-1.496	214	60
-1.524	290	70
-1.499	256	73
-1.497	225	60
-1.514	289	81
-1.475	213	59
-1.486	260	76
-1.502	265	67
-1.482	262	69
-1.48	185	52
-1.501	229	63
-1.492	215	56
-1.504	355	94
-1.498	284	75
-1.532	256	62
-1.578	250	68
-1.512	240	68
-1.5	206	60
-1.485	257	72
-1.472	282	73
-1.491	274	74
-1.498	255	69
-1.486	201	52
-1.471	300	73
-1.549	231	59
-1.558	278	73
-1.488	201	54
-1.504	215	56
-1.503	302	75
-1.513	280	71
-1.481	227	63
-1.511	209	61
-1.505	303	80
-1.491	323	85
-1.557	314	82
-1.496	243	67
-1.558	262	71
-1.486	299	68
-1.499	316	80
-1.516	270	71
-1.337	398	94
-1.498	248	65
-1.493	284	74
-1.488	292	76
-1.521	318	68
-1.531	233	65
-1.519	253	66
-1.508	392	90
-1.562	227	62
-1.563	230	64
-1.509	269	80
-1.5	214	56
-1.492	371	94
-1.512	249	66
-1.539	255	66
-1.489	262	72
-1.496	221	59
-1.515	231	58
-1.561	224	61
-1.522	253	66
-1.471	234	68
-1.482	239	61
-1.529	196	55
-1.509	305	76
-1.505	239	68
-1.49	249	71
-1.562	191	59
-1.515	288	78
-1.554	251	68
-1.521	238	68
-1.503	298	81
-1.574	296	86
-1.512	226	57
-1.521	207	61
-1.516	242	65
-1.527	289	74
-1.491	233	66
-1.549	249	70
-1.498	296	65
-1.475	222	63
-1.499	217	63
-1.513	267	67
-1.503	235	64
-1.504	263	71
-1.496	345	79
-1.497	289	75
-1.501	323	82
-1.503	254	72
-1.482	190	57
-1.489	261	64
-1.451	297	75
-1.553	220	61
-1.552	290	73
-1.491	227	66
-1.496	231	60
-1.485	275	69
-1.52	213	62
-1.556	274	76
-1.494	193	53
-1.496	300	80
-1.491	209	53
-1.399	306	78
-1.588	271	78
-1.541	339	85
-1.551	219	60
-1.558	325	79
-1.519	331	85
-1.501	232	67
-1.53	279	63
-1.509	232	61
-1.504	215	56
-1.486	231	63
-1.49	285	71
-1.494	263	68
-1.481	291	80
-1.475	260	74
-1.494	227	64
-1.561	197	61
-1.488	246	59
-1.455	366	88
-1.508	232	60
-1.478	319	82
-1.473	344	86
-1.523	346	85
-1.51	240	61
-1.484	293	73
-1.48	366	89
-1.546	258	70
-1.501	239	67
-1.505	210	67
-1.499	237	67
-1.569	264	72
-1.474	189	56
-1.52	251	66
-1.479	221	61
-1.544	353	84
-1.516	305	86
-1.462	227	59
-1.479	343	85
-1.511	335	75
-1.501	220	63
-1.525	210	57
-1.457	244	71
-1.519	357	89
-1.502	205	52
-1.555	277	73
-1.488	331	87
-1.472	213	55
-1.545	403	94
-1.572	324	80
-1.538	345	86
-1.522	220	57
-1.474	287	76
-1.533	262	74
-1.482	222	57
-1.517	214	66
-1.504	198	53
-1.531	185	50
-1.523	195	56
-1.486	250	69
-1.486	299	78
-1.49	246	70
-1.53	211	64
-1.494	237	64
-1.495	333	73
-1.527	212	64
-1.333	372	84
-1.532	246	68
-1.542	294	77
-1.511	220	60
-1.49	219	56
-1.506	199	51
-1.49	305	75
-1.55	242	62
-1.551	270	77
-1.572	267	70
-1.529	193	53
-1.494	295	78
-1.505	185	50
-1.492	356	92
-1.491	232	60
-1.521	220	61
-1.487	244	62
-1.503	180	55
-1.48	241	68
-1.564	260	72
-1.499	263	68
-1.218	432	92
-1.505	246	66
-1.495	232	58
-1.542	269	65
-1.507	244	62
-1.497	307	78
-1.516	283	71
-1.554	256	72
-1.48	230	62
-1.524	281	82
-1.505	255	72
-1.522	232	57
-1.469	213	61
-1.482	282	78
-1.594	261	70
-1.491	249	67
-1.47	319	75
-1.527	213	57
-1.466	269	64
-1.484	282	64
-1.498	223	64
-1.534	318	81
-1.486	186	52
-1.49	232	65
-1.495	217	59
-1.502	167	46
-1.494	225	59
-1.481	273	75
-1.516	303	82
-1.551	203	64
-1.521	276	71
-1.501	189	55
-1.474	277	80
-1.544	250	73
-1.489	232	70
-1.517	238	63
-1.477	229	63
-1.488	273	76
-1.499	264	63
-1.469	216	61
-1.502	248	67
-1.501	251	68
-1.491	303	78
-1.488	281	68
-1.495	258	67
-1.487	239	68
-1.498	262	61
-1.489	203	63
-1.503	313	71
-1.484	259	74
-1.5	255	62
-1.474	257	70
-1.482	286	77
-1.549	264	65
-1.498	232	60
-1.503	282	68
-1.479	206	52
-1.482	235	73
-1.508	252	64
-1.485	218	54
-1.489	218	62
-1.477	310	78
-1.473	208	59
-1.489	285	72
-1.468	248	62
-1.473	272	72
-1.507	251	66
-1.531	224	57
-1.52	228	66
-1.499	189	50
-1.485	272	70
-1.549	261	70
-1.535	239	68
-1.535	247	70
-1.52	353	89
-1.537	252	71
-1.5	260	66
-1.487	258	66
-1.481	211	57
-1.532	266	67
-1.497	286	79
-1.478	273	75
-1.481	220	61
-1.493	229	60
-1.463	194	55
-1.505	284	68
-1.497	328	82
-1.536	236	57
-1.507	228	67
-1.499	313	71
-1.46	212	54
-1.484	257	72
-1.502	207	54
-1.481	263	69
-1.509	296	69
-1.497	193	50
-1.54	231	61
-1.481	260	64
-1.508	235	64
-1.497	256	70
-1.507	219	64
-1.505	244	72
-1.494	203	58
-1.535	259	69
-1.498	265	75
-1.48	235	70
-1.479	195	57
-1.503	186	49
-1.524	209	58
-1.482	193	58
-1.488	291	80
-1.521	238	71
-1.482	234	63
-1.503	226	62
-1.543	287	79
-1.561	270	67
-1.548	389	86
-1.56	268	73
-1.511	165	47
-1.507	313	79
-1.53	277	65
-1.501	253	64
-1.49	259	68
-1.518	279	73
-1.517	195	52
-1.495	249	72
-1.511	233	64
-1.491	278	70
-1.522	202	62
-1.506	229	72
-1.519	244	70
-1.53	214	60
-1.486	262	72
-1.502	264	71
-1.495	313	80
-1.489	292	76
-1.465	242	65
-1.546	302	75
-1.518	334	75
-1.501	257	70
-1.497	206	56
-1.548	336	82
-1.512	273	68
-1.49	226	63
-1.524	196	57
-1.508	334	81
-1.498	263	73
-1.505	247	73
-1.484	248	70
-1.5	218	55
-1.494	214	63
-1.557	234	64
-1.505	223	57
-1.497	204	57
-1.504	257	62
-1.493	188	59
-1.43	241	70
-1.477	232	64
-1.507	292	70
-1.515	289	74
-1.47	308	88
-1.553	241	73
-1.487	290	71
-1.534	230	66
-1.478	257	75
-1.5	236	67
-1.488	191	54
-1.479	299	71
-1.517	222	66
-1.52	222	63
-1.515	306	79
-1.501	253	65
-1.505	211	59
-1.493	239	65
-1.508	369	96
-1.557	246	65
-1.49	237	63
-1.493	237	68
-1.491	245	68
-1.479	232	59
-1.516	308	78
-1.496	279	66
-1.487	217	61
-1.463	276	72
-1.488	235	62
-1.508	278	70
-1.534	216	60
-1.51	221	57
-1.521	268	73
-1.508	304	82
-1.48	273	66
-1.532	222	59
-1.486	257	68
-1.503	203	60
-1.491	224	61
-1.474	223	59
-1.492	207	57
-1.497	242	69
-1.488	251	63
-1.521	218	58
-1.545	277	79
-1.534	247	60
-1.512	233	65
-1.474	307	88
-1.468	236	59
-1.489	351	87
-1.478	303	78
-1.493	267	73
-1.489	242	66
-1.517	208	60
-1.512	257	71
-1.505	235	62
-1.504	205	61
-1.515	268	67
-1.494	241	66
-1.504	255	64
-1.491	218	62
-1.531	257	64
-1.485	195	52
-1.479	218	57
-1.561	233	67
-1.5	247	65
-1.475	269	57
-1.486	207	60
-1.482	222	67
-1.558	204	53
-1.52	251	71
-1.501	239	69
-1.513	255	63
-1.488	201	56
-1.506	279	70
-1.505	228	59
-1.503	197	52
-1.452	259	63
-1.406	343	82
-1.485	201	59
-1.486	261	66
-1.501	241	65
-1.489	195	59
-1.494	267	70
-1.52	316	82
-1.489	253	74
-1.516	263	70
-1.52	226	57
-1.532	231	71
-1.498	225	65
-1.502	270	71
-1.496	255	62
-1.5	224	60
-1.514	298	77
-1.523	258	68
-1.553	248	67
-1.52	199	58
-1.483	220	59
-1.495	263	65
-1.496	223	71
-1.493	207	65
-1.492	199	59
-1.518	214	58
-1.497	256	69
-1.505	260	75
-1.501	332	86
-1.484	212	62
-1.506	213	55
-1.538	335	79
-1.467	242	58
-1.489	303	77
-1.503	221	61
-1.488	225	62
-1.511	247	65
-1.474	208	53
-1.521	277	72
-1.492	283	68
-1.486	282	74
-1.491	246	73
-1.5	209	57
-1.492	344	79
-1.507	413	94
-1.551	285	76
-1.492	283	78
-1.562	225	54
-1.516	248	66
-1.49	244	65
-1.52	228	65
-1.505	294	80
-1.562	308	83
-1.475	267	67
-1.456	218	58
-1.538	214	61
-1.476	226	59
-1.504	259	65
-1.5	217	59
-1.537	248	60
-1.513	280	76
-1.507	238	64
-1.497	238	62
-1.536	252	68
-1.318	258	66
-1.508	234	69
-1.483	237	66
-1.498	217	59
-1.498	242	66
-1.498	223	65
-1.123	343	80
-1.512	328	73
-1.544	256	74
-1.494	286	82
-1.499	235	68
-1.519	209	68
-1.578	342	82
-1.486	275	65
-1.487	171	47
-1.505	226	60
-1.537	234	64
-1.574	219	63
-1.57	220	59
-1.491	284	66
-1.516	295	83
-1.515	252	63
-1.492	204	53
-1.522	263	67
-1.536	223	58
-1.489	270	74
-1.502	206	67
-1.525	267	72
-1.503	265	67
-1.511	199	57
-1.489	200	57
-1.485	245	60
-1.48	367	91
-1.559	297	76
-1.508	211	65
-1.478	264	73
-1.548	243	60
-1.538	180	58
-1.484	287	74
-1.503	253	65
-1.483	224	61
-1.516	229	61
-1.489	194	55
-1.541	187	51
-1.509	292	76
-1.504	255	67
-1.502	266	68
-1.512	220	64
-1.497	251	65
-1.537	266	68
-1.446	274	64
-1.51	298	84
-1.504	298	77
-1.501	253	69
-1.553	275	73
-1.471	210	57
-1.516	203	59
-1.489	244	65
-1.49	183	55
-1.51	270	68
-1.549	268	71
-0.545	396	92
-1.528	233	58
-1.485	229	60
-1.498	216	65
-1.55	279	71
-1.476	310	80
-1.507	212	60
-1.534	252	73
-1.513	255	68
-1.511	285	70
-1.487	239	64
-1.49	199	62
-1.487	229	61
-1.519	251	59
-1.511	260	61
-1.487	239	63
-1.453	303	85
-1.532	304	83
-1.541	256	66
-1.519	212	55
-1.492	216	67
-1.514	289	78
-1.496	275	73
-1.472	227	55
-1.497	219	60
-1.49	283	71
-1.469	229	63
-1.498	243	65
-1.502	289	74
-1.544	255	67
-1.519	246	71
-1.563	286	79
-1.47	249	70
-1.497	200	56
-1.554	367	87
-1.507	234	63
-1.491	212	59
-1.51	291	75
-1.507	266	60
-1.49	234	67
-1.474	199	55
-1.546	256	77
-1.043	425	100
-1.476	272	74
-1.495	276	72
-1.486	244	62
-1.47	368	91
-1.541	245	61
-1.516	233	70
-1.513	307	83
-1.579	288	81
-1.517	224	65
-1.452	234	58
-1.47	220	57
-1.518	316	82
-1.517	243	62
-1.514	296	84
-1.483	248	73
-1.543	238	63
-1.496	238	62
-1.505	269	69
-1.458	253	64
-1.497	268	65
-1.512	240	71
-1.515	250	62
-1.55	246	62
-1.533	216	65
-1.485	308	79
-1.488	188	50
-1.493	255	71
-1.472	211	51
-1.487	239	69
-1.467	208	61
-1.5	255	81
-1.496	248	63
-1.496	221	57
-1.484	259	63
-1.49	224	62
-1.494	348	84
-1.499	254	68
-1.501	215	65
-1.493	260	63
-1.556	237	70
-1.425	202	52
-1.467	266	77
-1.497	367	85
-1.498	248	59
-1.522	278	75
-1.502	230	57
-1.569	304	82
-1.55	230	62
-1.57	241	64
-1.494	205	56
-1.496	192	47
-1.47	236	68
-1.504	279	79
-1.506	284	72
-1.466	378	94
-1.477	220	68
-1.473	190	57
-1.474	286	82
-1.547	243	67
-1.475	198	56
-1.522	346	84
-1.466	253	68
-1.482	269	77
-1.479	283	67
-1.512	258	68
-1.511	246	67
-1.485	272	67
-1.478	264	71
-1.495	240	63
-1.519	315	78
-1.488	201	54
-1.488	290	67
-1.483	282	76
-1.545	335	85
-1.481	204	56
-1.504	178	51
-1.49	263	71
-1.505	242	62
-1.495	225	62
-1.517	268	65
-1.499	222	56
-1.492	267	76
-1.498	246	65
-1.549	321	80
-1.494	204	57
-1.486	214	68
-1.491	258	69
-1.477	218	62
-1.491	271	73
-1.529	242	70
-1.491	330	84
-1.51	352	94
-1.474	234	61
-1.508	293	80
-1.552	241	70
-1.558	251	67
-1.541	254	69
-1.492	282	76
-0.837	323	76
-1.565	259	72
-1.504	267	75
-1.507	238	68
-1.508	290	70
-1.471	258	65
-1.555	274	76
-1.488	294	69
-1.489	263	71
-1.522	230	69
-1.472	292	80
-1.486	258	63
-1.542	268	75
-1.508	224	60
-1.53	222	60
-1.505	265	75
-1.508	236	68
-1.564	294	78
-1.47	289	73
-1.513	279	71
-1.509	318	75
-1.474	261	73
-1.499	184	51
-1.551	238	59
-1.509	209	52
-1.501	227	61
-1.482	229	60
-1.492	248	68
-1.476	289	70
-1.49	290	74
-1.528	243	65
-1.49	209	64
-1.482	337	84
-1.5	225	58
-1.488	244	66
-1.5	260	65
-1.5	221	61
-1.484	275	68
-1.524	263	69
-1.499	283	71
-1.518	214	53
-1.494	319	81
-1.497	236	71
-1.468	319	79
-1.51	244	73
-1.466	253	63
-1.448	273	76
-1.46	286	81
-1.521	303	80
-1.484	237	62
-1.492	198	58
-1.498	192	53
-1.492	285	73
-1.476	232	60
-1.469	234	65
-1.476	309	84
-1.542	230	64
-1.479	266	64
-1.532	270	70
-1.533	295	71
-1.509	250	76
-1.479	305	78
-1.507	225	63
-1.514	200	58
-1.511	233	61
-1.523	210	63
-1.476	283	78
-1.504	250	57
-1.498	168	50
-1.479	239	63
-1.495	228	56
-1.542	218	53
-1.549	278	78
-1.494	275	71
-1.517	234	66
-1.5	266	77
-1.468	235	56
-1.506	253	70
-1.501	285	77
-1.468	258	68
-1.527	219	61
-1.603	277	75
-1.491	220	58
-1.488	207	57
-1.513	220	57
-1.503	182	57
-1.505	243	67
-1.503	270	63
-1.552	260	65
-1.493	220	56
-1.501	251	65
-1.502	221	64
-1.512	274	72
-1.528	264	71
-1.49	223	66
-1.507	316	78
-1.507	231	65
-1.497	217	55
-1.476	230	61
-1.484	225	58
-1.472	250	64
-1.52	326	79
-1.517	217	63
-1.495	293	82
-1.522	250	73
-1.543	228	62
-1.516	327	88
-1.497	224	67
-1.494	220	66
-1.51	178	55
-1.513	231	63
-1.515	226	62
-1.575	260	76
-1.483	284	75
-1.527	275	81
-1.499	226	58
-1.537	272	72
-1.529	252	63
-1.491	235	60
-1.552	267	71
-1.532	197	59
-1.486	234	69
-1.483	261	66
-1.528	296	74
-1.502	329	85
-1.493	226	65
-1.465	219	62
-1.521	331	86
-1.547	232	62
-1.484	257	66
-1.495	248	70
-1.556	224	62
-1.522	261	71
-1.474	238	66
-1.545	210	59
-1.54	254	71
-1.407	363	90
-1.538	243	65
-1.503	290	84
-1.54	239	67
-1.507	234	71
-1.495	310	80
-1.546	180	58
-1.489	227	64
-1.506	265	67
-1.494	350	86
-1.505	261	72
-1.49	213	58
-1.554	236	63
-1.497	263	68
-1.572	231	61
-1.505	259	67
-1.502	267	65
-1.498	240	64
-1.514	315	83
-1.495	234	70
-1.54	240	65
-1.485	232	63
-1.473	281	67
-1.468	181	50
-1.505	313	79
-1.538	367	86
-1.525	225	72
-1.48	344	93
-1.464	268	66
-1.491	216	57
-1.487	221	56
-1.562	221	62
-1.486	228	57
-1.514	284	82
-1.487	207	60
-1.487	356	83
-1.505	243	63
-1.464	286	81
-1.543	276	70
-1.481	230	60
-1.516	228	61
-1.528	204	53
-1.523	325	82
-1.516	202	56
-1.535	226	66
-1.526	233	57
-1.508	194	52
-1.466	262	66
-1.482	300	74
-1.493	308	89
-1.505	219	51
-1.527	217	66
-1.49	202	57
-1.473	297	72
-1.523	263	70
-1.501	235	63
-1.482	256	66
-1.516	219	62
-1.504	222	57
-1.536	223	67
-1.484	286	73
-1.578	208	52
-1.472	237	69
-1.522	250	73
-1.523	267	64
-1.506	270	78
-1.535	267	81
-1.492	206	61
-1.501	210	55
-1.527	301	84
-1.484	201	60
-1.504	208	58
-1.514	194	49
-1.488	257	66
-1.519	266	66
-1.523	177	56
-1.465	255	76
-1.478	234	60
-1.499	236	68
-1.484	236	62
-1.506	223	66
-1.508	194	54
-1.498	243	63
-1.502	228	63
-1.492	244	62
-1.596	282	73
-1.551	288	76
-1.481	246	60
-1.542	309	76
-1.49	291	80
-1.512	212	62
-1.498	230	60
-1.521	198	59
-1.539	224	66
-1.502	222	63
-1.468	216	62
-1.483	261	69
-1.47	232	65
-1.486	194	58
-1.524	184	58
-1.516	238	68
-1.506	200	60
-1.52	210	65
-1.506	209	61
-1.505	229	66
-1.509	270	64
-1.506	307	82
-1.507	242	61
-1.506	279	81
-1.515	202	57
-1.497	185	55
-1.512	300	74
-1.54	251	69
-1.509	235	60
-1.502	270	73
-1.518	249	65
-1.502	216	63
-1.546	227	68
-1.488	241	66
-1.494	289	71
-1.505	170	49
-1.507	217	51
-1.487	213	56
-1.504	266	64
-1.483	222	53
-1.51	268	72
-1.555	211	52
-1.54	252	58
-1.485	236	58
-1.51	233	64
-1.485	323	86
-1.457	251	67
-1.473	219	60
-1.493	254	64
-1.539	205	57
-1.466	267	70
-1.497	229	60
-1.479	180	50
-1.482	204	61
-1.518	241	67
-1.567	267	68
-1.483	326	84
-1.487	194	56
-1.468	260	62
-1.484	216	53
-1.479	279	74
-1.557	252	62
-1.529	218	62
-1.525	259	70
-1.524	252	69
-1.498	240	60
-1.488	214	57
-1.489	295	81
-1.491	210	63
-1.522	226	58
-1.51	232	64
-1.513	281	77
-1.491	188	52
-1.492	203	54
-1.479	266	70
-1.517	227	61
-1.466	251	72
-1.509	206	58
-1.109	332	85
-1.487	210	57
-1.47	324	80
-1.448	265	74
-1.514	273	76
-1.544	295	67
-1.538	288	76
-1.484	269	66
-1.572	320	84
-1.499	298	73
-1.506	196	58
-1.52	313	75
-1.487	257	63
-1.276	295	73
-1.479	301	81
-1.504	203	58
-1.533	326	87
-1.506	338	76
-1.51	223	58
-1.515	235	65
-1.512	224	61
-1.536	296	80
-1.515	229	60
-1.491	242	62
-1.471	224	59
-1.49	235	59
-1.542	269	71
-1.495	221	57
-1.554	229	61
-1.471	220	55
-1.5	467	100
-1.544	276	71
-1.503	276	70
-1.493	342	75
-1.502	254	72
-1.529	207	54
-1.503	185	50
-1.487	236	57
-1.546	248	62
-1.541	328	76
-1.483	239	66
-1.499	247	61
-1.476	285	69
-1.498	214	59
-1.407	284	71
-1.539	300	74
-1.454	311	77
-1.453	230	63
-0.892	258	70
-1.485	214	63
-1.473	246	65
-1.541	280	71
-1.51	280	72
-1.542	262	66
-1.489	233	68
-1.535	212	54
-1.505	183	47
-1.492	279	70
-1.528	283	68
-1.497	223	60
-1.544	269	77
-1.501	209	62
-1.469	256	70
-1.467	255	65
-1.501	246	66
-1.515	189	54
-1.48	239	60
-1.496	291	80
-1.464	269	70
-1.518	343	80
-1.501	273	73
-1.5	256	68
-1.494	174	52
-1.551	245	73
-1.501	261	67
-1.501	270	74
-1.528	286	79
-1.566	242	58
-1.504	205	57
-1.473	235	59
-1.494	239	69
-1.509	283	75
-1.569	256	68
-1.56	252	66
-1.461	425	98
-1.54	233	60
-1.521	312	78
-1.485	221	62
-1.501	264	66
-1.509	270	77
-1.495	269	63
-1.505	196	53
-1.473	221	58
-1.494	188	53
-1.495	295	78
-1.577	195	58
-1.558	226	65
-1.452	396	95
-1.472	228	65
-1.539	253	69
-1.498	213	59
-1.551	235	61
-1.533	362	89
-1.505	243	68
-1.497	243	66
-1.477	180	48
-1.521	228	69
-1.534	258	64
-1.5	336	85
-1.471	385	90
-1.581	286	75
-1.491	296	74
-1.537	247	68
-1.452	253	63
-1.505	312	81
-1.496	278	70
-1.489	207	55
-1.529	222	59
-1.483	253	65
-1.499	249	61
-1.481	211	54
-1.528	222	64
-1.487	276	77
-1.54	300	68
-1.483	196	56
-1.486	268	75
-1.498	235	67
-1.488	255	67
-1.536	268	77
-1.493	243	60
-1.477	319	79
-1.503	237	59
-1.502	211	65
-1.487	259	70
-1.48	251	63
-1.528	305	78
-1.521	255	66
-1.452	285	78
-1.527	285	76
-1.508	273	68
-1.499	169	49
-1.568	212	58
-1.544	282	73
-1.502	289	76
-1.489	258	67
-1.524	322	89
-1.531	254	73
-1.488	272	64
-1.489	204	57
-1.544	270	78
-1.593	256	76
-1.54	285	77
-1.519	238	68
-1.477	247	69
-1.488	197	55
-1.48	235	57
-1.539	264	77
-1.531	252	68
-1.559	280	72
-1.508	221	57
-1.492	335	82
-1.485	376	90
-1.495	257	76
-1.499	219	59
-1.536	298	86
-1.475	232	57
-1.492	270	70
-1.532	261	65
-1.508	240	61
-1.54	272	74
-1.506	188	55
-1.37	293	76
-1.489	271	75
-1.485	228	62
-1.495	270	70
-1.482	261	68
-1.512	277	71
-1.499	216	62
-1.55	291	81
-1.531	191	52
-1.51	251	78
-1.478	286	66
-1.485	170	45
-1.503	230	63
-1.503	242	66
-1.56	318	73
-1.509	217	54
-1.489	279	71
-1.545	346	89
-1.497	221	60
-1.488	230	65
-1.486	284	74
-1.547	321	88
-1.487	260	65
-1.499	197	54
-1.515	279	83
-1.492	243	61
-1.514	241	51
-1.567	265	74
-1.614	234	70
-1.496	268	75
-1.524	186	55
-1.502	272	78
-1.52	250	63
-1.492	248	67
-1.522	248	71
-1.574	245	68
-1.471	314	73
-1.485	414	89
-1.554	285	76
-1.49	237	66
-1.481	267	70
-1.476	242	73
-1.5	262	66
-1.513	372	83
-1.512	208	54
-1.505	259	64
-1.481	259	62
-1.355	377	89
-1.562	244	71
-1.573	229	59
-1.516	304	85
-1.496	205	61
-1.464	257	74
-1.484	273	73
-1.534	220	63
-1.495	336	78
-1.487	353	88
-1.49	252	75
-1.521	338	84
-1.509	243	64
-1.504	188	56
-1.564	287	71
-1.465	220	63
-1.552	214	59
-1.508	257	66
-1.49	214	64
-1.462	262	65
-1.553	248	68
-1.459	210	53
-1.505	262	73
-1.549	201	62
-1.553	238	71
-1.499	230	59
-1.488	238	72
-1.563	264	64
-1.533	279	69
-1.499	261	71
-1.508	225	60
-1.528	240	64
-1.502	288	76
-1.486	314	83
-1.514	249	65
-1.475	269	63
-1.527	240	60
-1.576	240	62
-1.558	260	70
-1.482	250	64
-1.477	290	70
-1.428	309	73
-1.477	208	61
-1.486	288	79
-1.526	258	68
-1.488	263	67
-1.5	262	71
-1.515	237	70
-1.494	280	72
-1.494	268	72
-1.506	218	66
-1.504	277	70
-1.525	264	69
-1.515	247	68
-1.502	240	68
-1.567	260	64
-1.52	267	76
-1.528	256	69
-1.461	226	59
-1.506	292	77
-1.495	228	61
-1.483	269	69
-1.53	294	72
-1.547	347	85
-1.491	204	59
-1.513	260	69
-1.527	328	84
-1.519	270	68
-1.487	238	58
-1.51	270	71
-1.496	264	69
-1.5	267	72
-1.483	233	58
-1.533	260	65
-1.46	257	67
-1.485	315	71
-1.462	376	88
-1.522	222	61
-1.446	202	59
-1.506	226	67
-1.519	269	68
-1.536	245	69
-1.499	320	84
-1.539	238	66
-1.498	316	73
-1.517	280	73
-1.491	238	67
-1.542	262	70
-1.523	194	57
-1.519	231	74
-1.492	254	71
-1.498	249	65
-1.53	205	60
-1.519	328	87
-1.518	273	75
-1.496	237	67
-1.508	232	66
-1.551	253	69
-1.495	282	78
-1.483	199	56
-1.555	242	70
-1.501	283	64
-1.518	354	89
-1.498	194	57
-1.502	276	69
-1.507	218	54
-1.513	226	55
-1.514	258	70
-1.484	224	64
-1.507	216	56
-1.495	230	58
-1.49	271	72
-1.48	217	59
-1.52	233	64
-1.534	268	78
-1.55	238	72
-1.47	252	75
-1.476	336	89
-1.495	212	50
-1.515	251	78
-0.417	319	81
-1.519	306	79
-1.506	264	71
-1.494	270	76
-1.504	257	70
-1.499	253	75
-1.504	215	56
-1.528	194	55
-1.548	311	85
-1.523	252	65
-1.533	284	77
-1.503	273	68
-1.493	247	62
-1.555	246	70
-1.476	238	64
-1.505	205	61
-1.568	304	84
-1.519	264	68
-1.491	267	71
-1.484	290	76
-1.475	318	83
-1.543	284	78
-1.495	255	71
-1.488	263	71
-1.473	223	62
-1.474	204	48
-1.45	295	70
-1.494	295	79
-1.512	210	55
-1.543	216	61
-1.482	267	59
-1.51	300	72
-1.497	240	63
-1.492	267	62
-1.466	222	61
-1.512	228	63
-1.467	192	47
-1.532	249	65
-1.481	220	62
-1.525	289	83
-1.509	295	74
-1.47	291	69
-1.462	205	56
-1.529	268	68
-1.461	255	70
-1.479	330	89
-1.512	222	60
-1.507	293	73
-1.499	290	81
-1.489	255	67
-1.494	386	94
-1.493	258	69
-1.479	255	65
-1.511	269	67
-1.499	195	50
-1.495	211	53
-1.477	261	69
-1.472	353	84
-1.497	238	58
-1.473	199	54
-1.484	315	79
-1.458	282	87
-1.471	245	69
-1.506	232	64
-1.517	234	60
-1.485	196	55
-1.5	256	66
-1.472	208	56
-1.5	195	52
-1.475	274	83
-1.571	260	69
-1.499	234	66
-1.512	312	77
-1.498	214	61
-1.472	333	83
-1.511	260	65
-1.496	311	75
-1.447	247	67
-1.512	225	63
-1.508	215	57
-1.498	240	69
-1.504	214	60
-1.517	290	74
-1.477	207	59
-1.554	278	71
-1.511	221	57
-1.487	242	66
-1.516	229	61
-1.479	242	65
-1.486	273	67
-1.536	237	76
-1.52	225	61
-1.498	293	86
-1.472	340	88
-1.48	285	82
-1.502	218	59
