-1.50063	620	310
-1.49752	620	310
-1.49958	620	310
-1.50145	620	310
-1.49839	620	310
-1.49925	620	310
-1.55662	620	310
-1.53899	620	310
-1.50272	620	310
-1.55101	620	310
-1.5536	620	310
-1.50937	620	310
-1.5365	620	310
-1.53573	620	310
-1.50012	620	310
-1.49832	620	310
-1.4969	620	310
-1.49935	620	310
-1.55156	620	310
-1.53694	620	310
-1.52657	620	310
-1.55897	620	310
-1.53943	620	310
-1.49792	620	310
-1.50084	620	310
-1.49921	620	310
-1.53365	620	310
-1.52477	620	310
-1.54831	620	310
-1.50065	620	310
-1.49934	620	310
-1.53657	620	310
-1.49554	620	310
-1.52414	620	310
-1.49566	620	310
-1.55171	620	310
-1.55959	620	310
-1.50069	620	310
-1.50086	620	310
-1.49919	620	310
-1.50015	620	310
-1.5195	620	310
-1.55516	620	310
-1.49703	620	310
-1.49693	620	310
-1.49917	620	310
-1.49801	620	310
-1.52479	620	310
-1.56291	620	310
-1.50599	620	310
-1.50017	620	310
-1.50009	620	310
-1.55969	620	310
-1.49581	620	310
-1.53376	620	310
-1.50031	620	310
-1.54507	620	310
-1.50015	620	310
-1.52185	620	310
-1.4999	620	310
-1.50024	620	310
-1.50329	620	310
-1.49969	620	310
-1.49948	620	310
-1.5195	620	310
-1.50608	620	310
-1.49859	620	310
-1.55334	620	310
-1.49986	620	310
-1.55128	620	310
-1.49867	620	310
-1.50117	620	310
-1.55309	620	310
-1.50061	620	310
-1.55997	620	310
-1.56113	620	310
-1.4964	620	310
-1.54833	620	310
-1.50016	620	310
-1.50074	620	310
-1.50258	620	310
-1.56055	620	310
-1.5365	620	310
-1.55353	620	310
-1.54394	620	310
-1.55755	620	310
-1.50107	620	310
-1.51148	620	310
-1.54459	620	310
-1.50078	620	310
-1.49978	620	310
-1.50118	620	310
-1.53648	620	310
-1.50121	620	310
-1.51306	620	310
-1.5017	620	310
-1.51723	620	310
-1.49899	620	310
-1.50009	620	310
-1.50021	620	310
-1.49825	620	310
-1.50078	620	310
-1.49917	620	310
-1.55494	620	310
-1.54194	620	310
-1.50187	620	310
-1.54665	620	310
-1.49927	620	310
-1.49783	620	310
-1.49685	620	310
-1.50136	620	310
-1.498	620	310
-1.50058	620	310
-1.54382	620	310
-1.49537	620	310
-1.56093	620	310
-1.50149	620	310
-1.49947	620	310
-1.5408	620	310
-1.50206	620	310
-1.50107	620	310
-1.55882	620	310
-1.49827	620	310
-1.50082	620	310
-1.49907	620	310
-1.50036	620	310
-1.53562	620	310
-1.49692	620	310
-1.55977	620	310
-1.49807	620	310
-1.49819	620	310
-1.55172	620	310
-1.49949	620	310
-1.50771	620	310
-1.50265	620	310
-1.53474	620	310
-1.50685	620	310
-1.49964	620	310
-1.50156	620	310
-1.51258	620	310
-1.54753	620	310
-1.50236	620	310
-1.50142	620	310
-1.55423	620	310
-1.49962	620	310
-1.49773	620	310
-1.54754	620	310
-1.50091	620	310
-1.49892	620	310
-1.49898	620	310
-1.5223	620	310
-1.49971	620	310
-1.4997	620	310
-1.50275	620	310
-1.49995	620	310
-1.51116	620	310
-1.54628	620	310
-1.4984	620	310
-1.49974	620	310
-1.54635	620	310
-1.49916	620	310
-1.49951	620	310
-1.49806	620	310
-1.53131	620	310
-1.52766	620	310
-1.55918	620	310
-1.5523	620	310
-1.5001	620	310
-1.55266	620	310
-1.49444	620	310
-1.49869	620	310
-1.4992	620	310
-1.49996	620	310
-1.49902	620	310
-1.49574	620	310
-1.50484	620	310
-1.49531	620	310
-1.49769	620	310
-1.49622	620	310
-1.50064	620	310
-1.51372	620	310
-1.50048	620	310
-1.49676	620	310
-1.54052	620	310
-1.49952	620	310
-1.50506	620	310
-1.55962	620	310
-1.55735	620	310
-1.55333	620	310
-1.49802	620	310
-1.49683	620	310
-1.49847	620	310
-1.55725	620	310
-1.50153	620	310
-1.49925	620	310
-1.50106	620	310
-1.5029	620	310
-1.49986	620	310
-1.53999	620	310
-1.49959	620	310
-1.55496	620	310
-1.49896	620	310
-1.49944	620	310
-1.49663	620	310
-1.50115	620	310
-1.55421	620	310
-1.4999	620	310
-1.50798	620	310
-1.50012	620	310
-1.49756	620	310
-1.56251	620	310
-1.49814	620	310
-1.50021	620	310
-1.53677	620	310
-1.49774	620	310
-1.52922	620	310
-1.49746	620	310
-1.55298	620	310
-1.55275	620	310
-1.50119	620	310
-1.54303	620	310
-1.54706	620	310
-1.51077	620	310
-1.50517	620	310
-1.50156	620	310
-1.55361	620	310
-1.49868	620	310
-1.52984	620	310
-1.55397	620	310
-1.55998	620	310
-1.49895	620	310
-1.54958	620	310
-1.55507	620	310
-1.53283	620	310
-1.54163	620	310
-1.54234	620	310
-1.55278	620	310
-1.49984	620	310
-1.5071	620	310
-1.52935	620	310
-1.50074	620	310
-1.49885	620	310
-1.55194	620	310
-1.56386	620	310
-1.49941	620	310
-1.49843	620	310
-1.50172	620	310
-1.55582	620	310
-1.50765	620	310
-1.55449	620	310
-1.53872	620	310
-1.49835	620	310
-1.49796	620	310
-1.53148	620	310
-1.4983	620	310
-1.49937	620	310
-1.55071	620	310
-1.5373	620	310
-1.56133	620	310
-1.4997	620	310
-1.49841	620	310
-1.51065	620	310
-1.51641	620	310
-1.53955	620	310
-1.53103	620	310
-1.50104	620	310
-1.49902	620	310
-1.50011	620	310
-1.50376	620	310
-1.55327	620	310
-1.51254	620	310
-1.54447	620	310
-1.49612	620	310
-1.50124	620	310
-1.51102	620	310
-1.53295	620	310
-1.53523	620	310
-1.49953	620	310
-1.50179	620	310
-1.55413	620	310
-1.50956	620	310
-1.50176	620	310
-1.50911	620	310
-1.50492	620	310
-1.4985	620	310
-1.49781	620	310
-1.50029	620	310
-1.56077	620	310
-1.49628	620	310
-1.52703	620	310
-1.49674	620	310
-1.55159	620	310
-1.50193	620	310
-1.51617	620	310
-1.55024	620	310
-1.55191	620	310
-1.49847	620	310
-1.53733	620	310
-1.50028	620	310
-1.49827	620	310
-1.49731	620	310
-1.55834	620	310
-1.49807	620	310
-1.54941	620	310
-1.55541	620	310
-1.50259	620	310
-1.5372	620	310
-1.51242	620	310
-1.49622	620	310
-1.50026	620	310
-1.52438	620	310
-1.55167	620	310
-1.51969	620	310
-1.53371	620	310
-1.49985	620	310
-1.55466	620	310
-1.49838	620	310
-1.49679	620	310
-1.49962	620	310
-1.49896	620	310
-1.55236	620	310
-1.5021	620	310
-1.55096	620	310
-1.50108	620	310
-1.56093	620	310
-1.49929	620	310
-1.52391	620	310
-1.50051	620	310
-1.53407	620	310
-1.50045	620	310
-1.55558	620	310
-1.49991	620	310
-1.49987	620	310
-1.49716	620	310
-1.50018	620	310
-1.49788	620	310
-1.49921	620	310
-1.53063	620	310
-1.50065	620	310
-1.49738	620	310
-1.49916	620	310
-1.53855	620	310
-1.53366	620	310
-1.50143	620	310
-1.54857	620	310
-1.49821	620	310
-1.50146	620	310
-1.49976	620	310
-1.49935	620	310
-1.49935	620	310
-1.54836	620	310
-1.5515	620	310
-1.55595	620	310
-1.56227	620	310
-1.55945	620	310
-1.55581	620	310
-1.50627	620	310
-1.51689	620	310
-1.56066	620	310
-1.52338	620	310
-1.52014	620	310
-1.52894	620	310
-1.5116	620	310
-1.5005	620	310
-1.54877	620	310
-1.55164	620	310
-1.49657	620	310
-1.49889	620	310
-1.51141	620	310
-1.55678	620	310
-1.49899	620	310
-1.49705	620	310
-1.54811	620	310
-1.55564	620	310
-1.4977	620	310
-1.50001	620	310
-1.49739	620	310
-1.5046	620	310
-1.4999	620	310
-1.54516	620	310
-1.50082	620	310
-1.49994	620	310
-1.50005	620	310
-1.50031	620	310
-1.55559	620	310
-1.49629	620	310
-1.49923	620	310
-1.54103	620	310
-1.50724	620	310
-1.50319	620	310
-1.5517	620	310
-1.51859	620	310
-1.50123	620	310
-1.55811	620	310
-1.51457	620	310
-1.54593	620	310
-1.55554	620	310
-1.49781	620	310
-1.4959	620	310
-1.54952	620	310
-1.50115	620	310
-1.50095	620	310
-1.50027	620	310
-1.52107	620	310
-1.53684	620	310
-1.49628	620	310
-1.50029	620	310
-1.50101	620	310
-1.56044	620	310
-1.50023	620	310
-1.50147	620	310
-1.49906	620	310
-1.55634	620	310
-1.50133	620	310
-1.53157	620	310
-1.50097	620	310
-1.50164	620	310
-1.4977	620	310
-1.49988	620	310
-1.51665	620	310
-1.49886	620	310
-1.55215	620	310
-1.52466	620	310
-1.5474	620	310
-1.55029	620	310
-1.501	620	310
-1.52203	620	310
-1.49802	620	310
-1.50218	620	310
-1.53948	620	310
-1.4988	620	310
-1.49911	620	310
-1.49796	620	310
-1.56179	620	310
-1.55629	620	310
-1.49724	620	310
-1.50106	620	310
-1.52127	620	310
-1.50222	620	310
-1.50035	620	310
-1.50185	620	310
-1.49935	620	310
-1.50069	620	310
-1.49737	620	310
-1.4994	620	310
-1.535	620	310
-1.50048	620	310
-1.49975	620	310
-1.526	620	310
-1.49898	620	310
-1.49805	620	310
-1.50024	620	310
-1.49914	620	310
-1.49868	620	310
-1.55119	620	310
-1.49708	620	310
-1.49686	620	310
-1.52828	620	310
-1.50179	620	310
-1.5018	620	310
-1.51601	620	310
-1.50163	620	310
-1.49873	620	310
-1.49858	620	310
-1.55782	620	310
-1.49729	620	310
-1.50154	620	310
-1.51785	620	310
-1.53567	620	310
-1.49943	620	310
-1.53425	620	310
-1.55487	620	310
-1.535	620	310
-1.49757	620	310
-1.54468	620	310
-1.50162	620	310
-1.49799	620	310
-1.49795	620	310
-1.49895	620	310
-1.50007	620	310
-1.4997	620	310
-1.49942	620	310
-1.51388	620	310
-1.4999	620	310
-1.56104	620	310
-1.55755	620	310
-1.497	620	310
-1.55534	620	310
-1.55368	620	310
-1.49974	620	310
-1.51623	620	310
-1.55591	620	310
-1.49875	620	310
-1.5546	620	310
-1.54856	620	310
-1.5573	620	310
-1.5137	620	310
-1.55051	620	310
-1.54836	620	310
-1.54313	620	310
-1.49802	620	310
-1.50547	620	310
-1.54616	620	310
-1.49476	620	310
-1.52172	620	310
-1.54052	620	310
-1.52485	620	310
-1.50086	620	310
-1.52466	620	310
-1.5005	620	310
-1.49717	620	310
-1.55623	620	310
-1.49985	620	310
-1.54441	620	310
-1.55092	620	310
-1.50114	620	310
-1.55201	620	310
-1.50041	620	310
-1.49897	620	310
-1.49655	620	310
-1.55774	620	310
-1.5399	620	310
-1.55362	620	310
-1.49983	620	310
-1.54703	620	310
-1.49852	620	310
-1.50214	620	310
-1.56077	620	310
-1.49531	620	310
-1.50024	620	310
-1.55307	620	310
-1.55532	620	310
-1.49913	620	310
-1.49831	620	310
-1.49968	620	310
-1.5009	620	310
-1.50131	620	310
-1.49753	620	310
-1.49919	620	310
-1.55714	620	310
-1.54979	620	310
-1.5006	620	310
-1.49827	620	310
-1.49798	620	310
-1.5615	620	310
-1.5078	620	310
-1.50008	620	310
-1.49986	620	310
-1.49747	620	310
-1.49911	620	310
-1.55896	620	310
-1.53711	620	310
-1.5467	620	310
-1.56068	620	310
-1.50186	620	310
-1.49906	620	310
-1.49881	620	310
-1.49848	620	310
-1.55074	620	310
-1.54901	620	310
-1.52576	620	310
-1.49846	620	310
-1.55849	620	310
-1.50062	620	310
-1.53857	620	310
-1.49689	620	310
-1.50204	620	310
-1.52959	620	310
-1.55572	620	310
-1.54447	620	310
-1.49851	620	310
-1.53872	620	310
-1.5005	620	310
-1.50004	620	310
-1.51562	620	310
-1.50029	620	310
-1.49986	620	310
-1.50012	620	310
-1.50006	620	310
-1.49935	620	310
-1.53822	620	310
-1.50001	620	310
-1.54619	620	310
-1.49547	620	310
-1.52293	620	310
-1.50196	620	310
-1.49854	620	310
-1.49785	620	310
-1.50048	620	310
-1.49823	620	310
-1.49976	620	310
-1.49822	620	310
-1.50261	620	310
-1.49893	620	310
-1.50141	620	310
-1.52495	620	310
-1.53727	620	310
-1.53789	620	310
-1.49694	620	310
-1.50152	620	310
-1.55921	620	310
-1.55708	620	310
-1.49973	620	310
-1.49808	620	310
-1.50068	620	310
-1.49794	620	310
-1.50087	620	310
-1.49964	620	310
-1.53898	620	310
-1.50114	620	310
-1.52368	620	310
-1.54959	620	310
-1.54937	620	310
-1.49879	620	310
-1.53328	620	310
-1.51639	620	310
-1.55278	620	310
-1.50693	620	310
-1.50004	620	310
-1.52105	620	310
-1.54946	620	310
-1.49788	620	310
-1.50029	620	310
-1.56191	620	310
-1.51029	620	310
-1.50131	620	310
-1.55279	620	310
-1.4977	620	310
-1.52178	620	310
-1.4982	620	310
-1.49991	620	310
-1.49949	620	310
-1.50849	620	310
-1.5565	620	310
-1.49928	620	310
-1.51329	620	310
-1.53044	620	310
-1.49844	620	310
-1.53403	620	310
-1.50192	620	310
-1.55869	620	310
-1.49816	620	310
-1.49801	620	310
-1.56103	620	310
-1.55029	620	310
-1.49867	620	310
-1.53125	620	310
-1.55513	620	310
-1.49869	620	310
-1.51741	620	310
-1.4986	620	310
-1.55881	620	310
-1.4996	620	310
-1.50041	620	310
-1.50154	620	310
-1.49897	620	310
-1.50906	620	310
-1.5003	620	310
-1.49988	620	310
-1.50024	620	310
-1.49887	620	310
-1.54811	620	310
-1.49973	620	310
-1.53735	620	310
-1.49528	620	310
-1.49886	620	310
-1.55675	620	310
-1.49844	620	310
-1.546	620	310
-1.49916	620	310
-1.51336	620	310
-1.49731	620	310
-1.49847	620	310
-1.50027	620	310
-1.50053	620	310
-1.49971	620	310
-1.5471	620	310
-1.54482	620	310
-1.50025	620	310
-1.55963	620	310
-1.53432	620	310
-1.56109	620	310
-1.5557	620	310
-1.5489	620	310
-1.49744	620	310
-1.49902	620	310
-1.49966	620	310
-1.49886	620	310
-1.55184	620	310
-1.54563	620	310
-1.54644	620	310
-1.55293	620	310
-1.55965	620	310
-1.55506	620	310
-1.55687	620	310
-1.49999	620	310
-1.53518	620	310
-1.49827	620	310
-1.50034	620	310
-1.49986	620	310
-1.50875	620	310
-1.55349	620	310
-1.5039	620	310
-1.50355	620	310
-1.50027	620	310
-1.49803	620	310
-1.51899	620	310
-1.55089	620	310
-1.50108	620	310
-1.56246	620	310
-1.49973	620	310
-1.5518	620	310
-1.5357	620	310
-1.49902	620	310
-1.49929	620	310
-1.4976	620	310
-1.49611	620	310
-1.55873	620	310
-1.55739	620	310
-1.50319	620	310
-1.51482	620	310
-1.50029	620	310
-1.52291	620	310
-1.54029	620	310
-1.49904	620	310
-1.53493	620	310
-1.52276	620	310
-1.50163	620	310
-1.51197	620	310
-1.5492	620	310
-1.4975	620	310
-1.55039	620	310
-1.49851	620	310
-1.49977	620	310
-1.52409	620	310
-1.5555	620	310
-1.52359	620	310
-1.49857	620	310
-1.49842	620	310
-1.50221	620	310
-1.53033	620	310
-1.52072	620	310
-1.54417	620	310
-1.51785	620	310
-1.52982	620	310
-1.49809	620	310
-1.50108	620	310
-1.49889	620	310
-1.49841	620	310
-1.49988	620	310
-1.54539	620	310
-1.50032	620	310
-1.5535	620	310
-1.50169	620	310
-1.49934	620	310
-1.51357	620	310
-1.49951	620	310
-1.51898	620	310
-1.55786	620	310
-1.53557	620	310
-1.56228	620	310
-1.547	620	310
-1.49883	620	310
-1.49956	620	310
-1.50232	620	310
-1.51152	620	310
-1.49541	620	310
-1.49658	620	310
-1.54278	620	310
-1.52604	620	310
-1.53472	620	310
-1.49885	620	310
-1.54968	620	310
-1.54283	620	310
-1.49772	620	310
-1.51976	620	310
-1.49885	620	310
-1.50452	620	310
-1.50124	620	310
-1.49473	620	310
-1.54543	620	310
-1.50127	620	310
-1.49901	620	310
-1.54818	620	310
-1.49785	620	310
-1.5475	620	310
-1.54035	620	310
-1.54985	620	310
-1.53274	620	310
-1.49875	620	310
-1.49786	620	310
-1.50175	620	310
-1.5629	620	310
-1.52145	620	310
-1.54823	620	310
-1.49592	620	310
-1.52644	620	310
-1.49835	620	310
-1.53393	620	310
-1.51097	620	310
-1.54823	620	310
-1.54397	620	310
-1.50904	620	310
-1.5007	620	310
-1.51786	620	310
-1.49796	620	310
-1.55086	620	310
-1.55353	620	310
-1.49677	620	310
-1.55581	620	310
-1.49971	620	310
-1.49916	620	310
-1.54668	620	310
-1.49854	620	310
-1.50962	620	310
-1.50256	620	310
-1.53286	620	310
-1.52124	620	310
-1.50213	620	310
-1.55044	620	310
-1.54708	620	310
-1.49726	620	310
-1.55125	620	310
-1.49521	620	310
-1.5465	620	310
-1.50455	620	310
-1.49809	620	310
-1.50085	620	310
-1.53796	620	310
-1.50054	620	310
-1.49987	620	310
-1.49891	620	310
-1.56158	620	310
-1.49586	620	310
-1.54803	620	310
-1.49654	620	310
-1.50481	620	310
-1.49578	620	310
-1.50051	620	310
-1.5037	620	310
-1.50157	620	310
-1.49895	620	310
-1.53338	620	310
-1.49904	620	310
-1.49994	620	310
-1.49895	620	310
-1.55584	620	310
-1.49589	620	310
-1.5023	620	310
-1.50064	620	310
-1.49948	620	310
-1.49807	620	310
-1.50108	620	310
-1.49726	620	310
-1.49968	620	310
-1.49801	620	310
-1.49734	620	310
-1.53329	620	310
-1.5027	620	310
-1.49916	620	310
-1.55853	620	310
-1.51045	620	310
-1.51293	620	310
-1.49993	620	310
-1.49818	620	310
-1.4989	620	310
-1.52639	620	310
-1.498	620	310
-1.54962	620	310
-1.50005	620	310
-1.5008	620	310
-1.49449	620	310
-1.54664	620	310
-1.49884	620	310
-1.50868	620	310
-1.50629	620	310
-1.5019	620	310
-1.49619	620	310
-1.49943	620	310
-1.52314	620	310
-1.50029	620	310
-1.49836	620	310
-1.49616	620	310
-1.50003	620	310
-1.49967	620	310
-1.50137	620	310
-1.49983	620	310
-1.49637	620	310
-1.49645	620	310
-1.55843	620	310
-1.49848	620	310
-1.54861	620	310
-1.53846	620	310
-1.49943	620	310
-1.54742	620	310
-1.50246	620	310
-1.50224	620	310
-1.50201	620	310
-1.52139	620	310
-1.50048	620	310
-1.55577	620	310
-1.52151	620	310
-1.50097	620	310
-1.49828	620	310
-1.49995	620	310
-1.49796	620	310
-1.52735	620	310
-1.49759	620	310
-1.55338	620	310
-1.51242	620	310
-1.54397	620	310
-1.50071	620	310
-1.49785	620	310
-1.53833	620	310
-1.52905	620	310
-1.50066	620	310
-1.49912	620	310
-1.53226	620	310
-1.52492	620	310
-1.50172	620	310
-1.52347	620	310
-1.56094	620	310
-1.49969	620	310
-1.54469	620	310
-1.51913	620	310
-1.49892	620	310
-1.50023	620	310
-1.55808	620	310
-1.49919	620	310
-1.53939	620	310
-1.52355	620	310
-1.55379	620	310
-1.53122	620	310
-1.4992	620	310
-1.50097	620	310
-1.5009	620	310
-1.55164	620	310
-1.50034	620	310
-1.5466	620	310
-1.49699	620	310
-1.50078	620	310
-1.53005	620	310
-1.49837	620	310
-1.55022	620	310
-1.55427	620	310
-1.52623	620	310
-1.53263	620	310
-1.52871	620	310
-1.52541	620	310
-1.49756	620	310
-1.53982	620	310
-1.53031	620	310
-1.49999	620	310
-1.51067	620	310
-1.50693	620	310
-1.55298	620	310
-1.4993	620	310
-1.5023	620	310
-1.498	620	310
-1.50615	620	310
-1.49815	620	310
-1.55746	620	310
-1.49575	620	310
-1.50321	620	310
-1.49812	620	310
-1.49858	620	310
-1.49965	620	310
-1.50033	620	310
-1.55783	620	310
-1.53089	620	310
-1.53693	620	310
-1.54733	620	310
-1.51779	620	310
-1.49916	620	310
-1.56022	620	310
-1.49941	620	310
-1.5447	620	310
-1.54668	620	310
-1.49647	620	310
-1.50191	620	310
-1.49794	620	310
-1.49669	620	310
-1.53262	620	310
-1.52004	620	310
-1.54848	620	310
-1.49808	620	310
-1.52937	620	310
-1.50055	620	310
-1.55961	620	310
-1.52832	620	310
-1.49999	620	310
-1.5035	620	310
-1.53704	620	310
-1.55221	620	310
-1.53912	620	310
-1.52565	620	310
-1.55065	620	310
-1.51085	620	310
-1.4994	620	310
-1.5082	620	310
-1.50019	620	310
-1.49623	620	310
-1.49957	620	310
-1.551	620	310
-1.50243	620	310
-1.49927	620	310
-1.49952	620	310
-1.49968	620	310
-1.54612	620	310
-1.50605	620	310
-1.49853	620	310
-1.55863	620	310
-1.50323	620	310
-1.50424	620	310
-1.49801	620	310
-1.49834	620	310
-1.5003	620	310
-1.49637	620	310
-1.49636	620	310
-1.50376	620	310
-1.4978	620	310
-1.49906	620	310
-1.53997	620	310
-1.55725	620	310
-1.50372	620	310
-1.49632	620	310
-1.49849	620	310
-1.5344	620	310
-1.55707	620	310
-1.50075	620	310
-1.5017	620	310
-1.54531	620	310
-1.50739	620	310
-1.499	620	310
-1.49805	620	310
-1.49784	620	310
-1.50219	620	310
-1.50716	620	310
-1.53359	620	310
-1.4989	620	310
-1.49645	620	310
-1.55501	620	310
-1.56153	620	310
-1.49843	620	310
-1.52222	620	310
-1.49775	620	310
-1.50146	620	310
-1.53043	620	310
-1.50466	620	310
-1.55658	620	310
-1.54886	620	310
-1.51019	620	310
-1.54326	620	310
-1.53142	620	310
-1.50095	620	310
-1.52335	620	310
-1.5193	620	310
-1.49945	620	310
-1.50247	620	310
-1.55353	620	310
-1.52993	620	310
-1.51842	620	310
-1.5512	620	310
-1.54255	620	310
-1.55261	620	310
-1.55695	620	310
-1.49903	620	310
-1.54536	620	310
-1.50084	620	310
-1.55599	620	310
-1.50162	620	310
-1.50116	620	310
-1.49978	620	310
-1.52907	620	310
-1.52211	620	310
-1.49788	620	310
-1.5584	620	310
-1.52047	620	310
-1.54	620	310
-1.49881	620	310
-1.52265	620	310
-1.49553	620	310
-1.55759	620	310
-1.5531	620	310
-1.55469	620	310
-1.4999	620	310
-1.49952	620	310
-1.50388	620	310
-1.50153	620	310
-1.52889	620	310
-1.498	620	310
-1.54081	620	310
-1.50212	620	310
-1.52149	620	310
-1.49919	620	310
-1.5538	620	310
-1.54926	620	310
-1.53526	620	310
-1.55328	620	310
-1.55343	620	310
-1.4913	620	310
-1.54474	620	310
-1.5459	620	310
-1.52956	620	310
-1.49818	620	310
-1.50887	620	310
-1.54039	620	310
-1.53659	620	310
-1.49995	620	310
-1.5013	620	310
-1.49735	620	310
-1.49899	620	310
-1.49779	620	310
-1.55745	620	310
-1.49789	620	310
-1.52619	620	310
-1.5006	620	310
-1.5019	620	310
-1.52346	620	310
-1.53794	620	310
-1.53592	620	310
-1.49902	620	310
-1.49629	620	310
-1.49715	620	310
-1.54143	620	310
-1.53291	620	310
-1.55831	620	310
-1.50107	620	310
-1.55648	620	310
-1.54382	620	310
-1.50933	620	310
-1.52328	620	310
-1.50154	620	310
-1.53764	620	310
-1.50112	620	310
-1.49721	620	310
-1.55724	620	310
-1.50199	620	310
-1.50181	620	310
-1.55418	620	310
-1.50792	620	310
-1.55014	620	310
-1.50123	620	310
-1.55398	620	310
-1.55611	620	310
-1.49861	620	310
-1.49779	620	310
-1.54419	620	310
-1.50004	620	310
-1.5427	620	310
-1.54882	620	310
-1.521	620	310
-1.55632	620	310
-1.49954	620	310
-1.5008	620	310
-1.49991	620	310
-1.50284	620	310
-1.49738	620	310
-1.49828	620	310
-1.55517	620	310
-1.52807	620	310
-1.50284	620	310
-1.5081	620	310
-1.49934	620	310
-1.49998	620	310
-1.50002	620	310
-1.4975	620	310
-1.50999	620	310
-1.55152	620	310
-1.51985	620	310
-1.53602	620	310
-1.50053	620	310
-1.55015	620	310
-1.49327	620	310
-1.49871	620	310
-1.49388	620	310
-1.56142	620	310
-1.55934	620	310
-1.49922	620	310
-1.4986	620	310
-1.49938	620	310
-1.55132	620	310
-1.53407	620	310
-1.49779	620	310
-1.54929	620	310
-1.50315	620	310
-1.5325	620	310
-1.50211	620	310
-1.49833	620	310
-1.50021	620	310
-1.51973	620	310
-1.50699	620	310
-1.49795	620	310
-1.49974	620	310
-1.55216	620	310
-1.55715	620	310
-1.51998	620	310
-1.49975	620	310
-1.53885	620	310
-1.49914	620	310
-1.55678	620	310
-1.49847	620	310
-1.50242	620	310
-1.55615	620	310
-1.5597	620	310
-1.52695	620	310
-1.49985	620	310
-1.49902	620	310
-1.5522	620	310
-1.55679	620	310
-1.4966	620	310
-1.50028	620	310
-1.53697	620	310
-1.54943	620	310
-1.49797	620	310
-1.50112	620	310
-1.50047	620	310
-1.53534	620	310
-1.49935	620	310
-1.50431	620	310
-1.5476	620	310
-1.50122	620	310
-1.54414	620	310
-1.54414	620	310
-1.53378	620	310
-1.49591	620	310
-1.54073	620	310
-1.4991	620	310
-1.5504	620	310
-1.52203	620	310
-1.5633	620	310
-1.5464	620	310
-1.50155	620	310
-1.4991	620	310
-1.56109	620	310
-1.55317	620	310
-1.49843	620	310
-1.55103	620	310
-1.55703	620	310
-1.54262	620	310
-1.53839	620	310
-1.49992	620	310
-1.49957	620	310
-1.53114	620	310
-1.53933	620	310
-1.5214	620	310
-1.49407	620	310
-1.55732	620	310
-1.50292	620	310
-1.50059	620	310
-1.56309	620	310
-1.50013	620	310
-1.54139	620	310
-1.55204	620	310
-1.50122	620	310
-1.49973	620	310
-1.50174	620	310
-1.50024	620	310
-1.50281	620	310
-1.51384	620	310
-1.49912	620	310
-1.51432	620	310
-1.49833	620	310
-1.55976	620	310
-1.49965	620	310
-1.50305	620	310
-1.55329	620	310
-1.50379	620	310
-1.49714	620	310
-1.52283	620	310
-1.55057	620	310
-1.54857	620	310
-1.55777	620	310
-1.49781	620	310
-1.49873	620	310
-1.50045	620	310
-1.50172	620	310
-1.5002	620	310
-1.55689	620	310
-1.50097	620	310
-1.50344	620	310
-1.49613	620	310
-1.55651	620	310
-1.49926	620	310
-1.5325	620	310
-1.50142	620	310
-1.49946	620	310
-1.55974	620	310
-1.5001	620	310
-1.52149	620	310
-1.49831	620	310
-1.49822	620	310
-1.5143	620	310
-1.50027	620	310
-1.55222	620	310
-1.49726	620	310
-1.50106	620	310
-1.50014	620	310
-1.55523	620	310
-1.55118	620	310
-1.50846	620	310
-1.49995	620	310
-1.50032	620	310
-1.49912	620	310
-1.52994	620	310
-1.49706	620	310
-1.50133	620	310
-1.54189	620	310
-1.50013	620	310
-1.49726	620	310
-1.54315	620	310
-1.54561	620	310
-1.52894	620	310
-1.50122	620	310
-1.49838	620	310
-1.55084	620	310
-1.5582	620	310
-1.50203	620	310
-1.50008	620	310
-1.49798	620	310
-1.55498	620	310
-1.55853	620	310
-1.49875	620	310
-1.56236	620	310
-1.49732	620	310
-1.49703	620	310
-1.50068	620	310
-1.501	620	310
-1.49839	620	310
-1.4993	620	310
-1.52755	620	310
-1.49991	620	310
-1.54615	620	310
-1.50021	620	310
-1.50233	620	310
-1.5161	620	310
-1.51662	620	310
-1.54538	620	310
-1.55689	620	310
-1.49982	620	310
-1.49577	620	310
-1.4999	620	310
-1.51641	620	310
-1.49825	620	310
-1.53849	620	310
-1.50005	620	310
-1.545	620	310
-1.49796	620	310
-1.49738	620	310
-1.55458	620	310
-1.49948	620	310
-1.50076	620	310
-1.51395	620	310
-1.49834	620	310
-1.49942	620	310
-1.49718	620	310
-1.50108	620	310
-1.49998	620	310
-1.49971	620	310
-1.54032	620	310
-1.54176	620	310
-1.49664	620	310
-1.53011	620	310
-1.55203	620	310
-1.50205	620	310
-1.53813	620	310
-1.49576	620	310
-1.4993	620	310
-1.54016	620	310
-1.49938	620	310
-1.50083	620	310
-1.51302	620	310
-1.50498	620	310
-1.49639	620	310
-1.5006	620	310
-1.52288	620	310
-1.52018	620	310
-1.50103	620	310
-1.50209	620	310
-1.55168	620	310
-1.5499	620	310
-1.49102	620	310
-1.50113	620	310
-1.49578	620	310
-1.49935	620	310
-1.50027	620	310
-1.55314	620	310
-1.52865	620	310
-1.49868	620	310
-1.56194	620	310
-1.5514	620	310
-1.49603	620	310
-1.49787	620	310
-1.5583	620	310
-1.55451	620	310
-1.49832	620	310
-1.4992	620	310
-1.55448	620	310
-1.54089	620	310
-1.50075	620	310
-1.5224	620	310
-1.50131	620	310
-1.5575	620	310
-1.5169	620	310
-1.49633	620	310
-1.49502	620	310
-1.56174	620	310
-1.50093	620	310
-1.51714	620	310
-1.4964	620	310
-1.5012	620	310
-1.50032	620	310
-1.49962	620	310
-1.54694	620	310
-1.50075	620	310
-1.51678	620	310
-1.49909	620	310
-1.5011	620	310
-1.50403	620	310
-1.49947	620	310
-1.52283	620	310
-1.51165	620	310
-1.49764	620	310
-1.54036	620	310
-1.52262	620	310
-1.49965	620	310
-1.49705	620	310
-1.55573	620	310
-1.50663	620	310
-1.52533	620	310
-1.50139	620	310
-1.5275	620	310
-1.55763	620	310
-1.50067	620	310
-1.55704	620	310
-1.56113	620	310
-1.52263	620	310
-1.49591	620	310
-1.49935	620	310
-1.50144	620	310
-1.50463	620	310
-1.53914	620	310
-1.55579	620	310
-1.4989	620	310
-1.49746	620	310
-1.54268	620	310
-1.49907	620	310
-1.4982	620	310
-1.49746	620	310
-1.5165	620	310
-1.54918	620	310
-1.49833	620	310
-1.4999	620	310
-1.50003	620	310
-1.49899	620	310
-1.49742	620	310
-1.49945	620	310
-1.49827	620	310
-1.55281	620	310
-1.50015	620	310
-1.54385	620	310
-1.50063	620	310
-1.50074	620	310
-1.49983	620	310
-1.54052	620	310
-1.53814	620	310
-1.54317	620	310
-1.50059	620	310
-1.52868	620	310
-1.51224	620	310
-1.50093	620	310
-1.4992	620	310
-1.50629	620	310
-1.55053	620	310
-1.55566	620	310
-1.49998	620	310
-1.49965	620	310
-1.50219	620	310
-1.50981	620	310
-1.55192	620	310
-1.50878	620	310
-1.50045	620	310
-1.50088	620	310
-1.52506	620	310
-1.5011	620	310
-1.52701	620	310
-1.49919	620	310
-1.51535	620	310
-1.50096	620	310
-1.54594	620	310
-1.54552	620	310
-1.50333	620	310
-1.51128	620	310
-1.49874	620	310
-1.50247	620	310
-1.50019	620	310
-1.54727	620	310
-1.49723	620	310
-1.4989	620	310
-1.56377	620	310
-1.49804	620	310
-1.54664	620	310
-1.54712	620	310
-1.4998	620	310
-1.50073	620	310
-1.49919	620	310
-1.4994	620	310
-1.51882	620	310
-1.49914	620	310
-1.50013	620	310
-1.51697	620	310
-1.50058	620	310
-1.49818	620	310
-1.49861	620	310
-1.49935	620	310
-1.49895	620	310
-1.49926	620	310
-1.50067	620	310
-1.53465	620	310
-1.50016	620	310
-1.55067	620	310
-1.49902	620	310
-1.55495	620	310
-1.50047	620	310
-1.54928	620	310
-1.49863	620	310
-1.49735	620	310
-1.50432	620	310
-1.5059	620	310
-1.50166	620	310
-1.52458	620	310
-1.49622	620	310
-1.49822	620	310
-1.52079	620	310
-1.49938	620	310
-1.49946	620	310
-1.51742	620	310
-1.49863	620	310
-1.49508	620	310
-1.54113	620	310
-1.53129	620	310
-1.55849	620	310
-1.50256	620	310
-1.50248	620	310
-1.54105	620	310
-1.5528	620	310
-1.53361	620	310
-1.50155	620	310
-1.5461	620	310
-1.5597	620	310
-1.51403	620	310
-1.49993	620	310
-1.49708	620	310
-1.49855	620	310
-1.49876	620	310
-1.49713	620	310
-1.49926	620	310
-1.5025	620	310
-1.49809	620	310
-1.54103	620	310
-1.49976	620	310
-1.49702	620	310
-1.50425	620	310
-1.50075	620	310
-1.50472	620	310
-1.49799	620	310
-1.50417	620	310
-1.50032	620	310
-1.50044	620	310
-1.54049	620	310
-1.5455	620	310
-1.49767	620	310
-1.49998	620	310
-1.50029	620	310
-1.55104	620	310
-1.51677	620	310
-1.50165	620	310
-1.49885	620	310
-1.54318	620	310
-1.55978	620	310
-1.4982	620	310
-1.53534	620	310
-1.53392	620	310
-1.50245	620	310
-1.49999	620	310
-1.49965	620	310
-1.50106	620	310
-1.49824	620	310
-1.55342	620	310
-1.55405	620	310
-1.50745	620	310
-1.50996	620	310
-1.5618	620	310
-1.50063	620	310
-1.49897	620	310
-1.49668	620	310
-1.49995	620	310
-1.49788	620	310
-1.50032	620	310
-1.54784	620	310
-1.55491	620	310
-1.49581	620	310
-1.50214	620	310
-1.49903	620	310
-1.49734	620	310
-1.55585	620	310
-1.49904	620	310
-1.51087	620	310
-1.5073	620	310
-1.53961	620	310
-1.5026	620	310
-1.50288	620	310
-1.54669	620	310
-1.5001	620	310
-1.49948	620	310
-1.49825	620	310
-1.55387	620	310
-1.51731	620	310
-1.51968	620	310
-1.49967	620	310
-1.54461	620	310
-1.52497	620	310
-1.55189	620	310
-1.49674	620	310
-1.50033	620	310
-1.50018	620	310
-1.50298	620	310
-1.52427	620	310
-1.49977	620	310
-1.50035	620	310
-1.50079	620	310
-1.52321	620	310
-1.49983	620	310
-1.53384	620	310
-1.55471	620	310
-1.5445	620	310
-1.49889	620	310
-1.49963	620	310
-1.52212	620	310
-1.49554	620	310
-1.54046	620	310
-1.52184	620	310
-1.56093	620	310
-1.49723	620	310
-1.5001	620	310
-1.49894	620	310
-1.53325	620	310
-1.50052	620	310
-1.50022	620	310
-1.50998	620	310
-1.51235	620	310
-1.56022	620	310
-1.53294	620	310
-1.49671	620	310
-1.49984	620	310
-1.50105	620	310
-1.53135	620	310
-1.49755	620	310
-1.50127	620	310
-1.49982	620	310
-1.56294	620	310
-1.49951	620	310
-1.49915	620	310
-1.49672	620	310
-1.49728	620	310
-1.52187	620	310
-1.5022	620	310
-1.53702	620	310
-1.52659	620	310
-1.49786	620	310
-1.533	620	310
-1.53351	620	310
-1.55893	620	310
-1.50204	620	310
-1.49545	620	310
-1.50121	620	310
-1.49813	620	310
-1.55548	620	310
-1.53396	620	310
-1.54322	620	310
-1.55002	620	310
-1.54578	620	310
-1.52439	620	310
-1.55838	620	310
-1.49985	620	310
-1.49488	620	310
-1.5233	620	310
-1.54146	620	310
-1.50156	620	310
-1.53868	620	310
-1.56031	620	310
-1.4996	620	310
-1.49988	620	310
-1.54096	620	310
-1.50129	620	310
-1.50073	620	310
-1.50216	620	310
-1.5419	620	310
-1.54288	620	310
-1.49899	620	310
-1.54558	620	310
-1.52728	620	310
-1.54134	620	310
-1.55232	620	310
-1.49993	620	310
-1.49976	620	310
-1.54753	620	310
-1.55872	620	310
-1.49646	620	310
-1.49862	620	310
-1.49997	620	310
-1.49842	620	310
-1.49943	620	310
-1.55305	620	310
-1.49961	620	310
-1.52828	620	310
-1.49967	620	310
-1.55636	620	310
-1.55766	620	310
-1.54685	620	310
-1.55624	620	310
-1.51755	620	310
-1.55947	620	310
-1.5126	620	310
-1.50411	620	310
-1.49937	620	310
-1.49921	620	310
-1.50217	620	310
-1.54133	620	310
-1.49833	620	310
-1.53275	620	310
-1.49825	620	310
-1.49796	620	310
-1.55033	620	310
-1.4986	620	310
-1.50036	620	310
-1.49976	620	310
-1.49893	620	310
-1.55099	620	310
-1.54954	620	310
-1.4976	620	310
-1.53797	620	310
-1.54274	620	310
-1.49861	620	310
-1.50105	620	310
-1.49867	620	310
-1.49857	620	310
-1.50009	620	310
-1.52268	620	310
-1.56185	620	310
-1.51282	620	310
-1.49901	620	310
-1.55342	620	310
-1.55368	620	310
-1.5577	620	310
-1.51815	620	310
-1.52859	620	310
-1.49626	620	310
-1.51243	620	310
-1.49812	620	310
-1.49958	620	310
-1.53093	620	310
-1.49476	620	310
-1.49713	620	310
-1.49831	620	310
-1.49917	620	310
-1.53375	620	310
-1.50063	620	310
-1.55943	620	310
-1.55708	620	310
-1.5158	620	310
-1.54833	620	310
-1.49933	620	310
-1.52312	620	310
-1.54138	620	310
-1.55624	620	310
-1.49945	620	310
-1.50136	620	310
-1.49904	620	310
-1.50132	620	310
-1.55721	620	310
-1.54388	620	310
-1.5406	620	310
-1.54877	620	310
-1.5483	620	310
-1.52125	620	310
-1.49596	620	310
-1.54808	620	310
-1.54472	620	310
-1.50048	620	310
-1.49964	620	310
-1.55554	620	310
-1.49719	620	310
-1.49898	620	310
-1.50145	620	310
-1.54008	620	310
-1.54757	620	310
-1.51871	620	310
-1.50108	620	310
-1.50031	620	310
-1.49885	620	310
-1.49782	620	310
-1.49698	620	310
-1.55002	620	310
-1.54726	620	310
-1.50161	620	310
-1.55478	620	310
-1.49898	620	310
-1.5561	620	310
-1.49286	620	310
-1.49874	620	310
-1.55543	620	310
-1.49859	620	310
-1.5001	620	310
-1.49832	620	310
-1.54875	620	310
-1.49987	620	310
-1.50111	620	310
-1.56024	620	310
-1.53524	620	310
-1.49863	620	310
-1.50114	620	310
-1.50484	620	310
-1.55094	620	310
-1.5015	620	310
-1.49471	620	310
-1.56034	620	310
-1.49737	620	310
-1.49855	620	310
-1.49935	620	310
-1.49764	620	310
-1.49954	620	310
-1.55516	620	310
-1.50361	620	310
-1.50063	620	310
-1.49599	620	310
-1.54621	620	310
-1.5014	620	310
-1.5387	620	310
-1.50053	620	310
-1.49929	620	310
-1.49954	620	310
-1.50022	620	310
-1.50463	620	310
-1.49812	620	310
-1.55604	620	310
-1.49724	620	310
-1.54005	620	310
-1.50024	620	310
-1.50002	620	310
-1.49638	620	310
-1.50067	620	310
-1.49499	620	310
-1.49892	620	310
-1.50125	620	310
-1.52939	620	310
-1.49712	620	310
-1.50165	620	310
-1.49804	620	310
-1.55498	620	310
-1.4992	620	310
-1.54513	620	310
-1.5466	620	310
-1.49889	620	310
-1.5044	620	310
-1.56172	620	310
-1.49947	620	310
-1.51427	620	310
-1.56189	620	310
-1.49831	620	310
-1.53095	620	310
-1.50035	620	310
-1.51923	620	310
-1.52687	620	310
-1.53474	620	310
-1.55863	620	310
-1.5476	620	310
-1.49742	620	310
-1.49991	620	310
-1.55491	620	310
-1.54531	620	310
-1.54551	620	310
-1.50049	620	310
-1.50073	620	310
-1.52372	620	310
-1.51515	620	310
-1.49652	620	310
-1.52193	620	310
-1.54993	620	310
-1.49908	620	310
-1.49911	620	310
-1.49799	620	310
-1.49526	620	310
-1.49984	620	310
-1.5011	620	310
-1.56072	620	310
-1.4968	620	310
-1.49747	620	310
-1.5018	620	310
-1.50394	620	310
-1.49718	620	310
-1.55485	620	310
-1.54378	620	310
-1.51989	620	310
-1.56086	620	310
-1.54312	620	310
-1.54133	620	310
-1.49949	620	310
-1.55532	620	310
-1.5427	620	310
-1.50193	620	310
-1.49966	620	310
-1.54063	620	310
-1.53712	620	310
-1.50116	620	310
-1.50025	620	310
-1.54128	620	310
-1.52894	620	310
-1.50517	620	310
-1.49646	620	310
-1.56251	620	310
-1.50211	620	310
-1.54333	620	310
-1.49993	620	310
-1.5002	620	310
-1.50089	620	310
-1.49799	620	310
-1.55804	620	310
-1.50155	620	310
-1.5534	620	310
-1.54186	620	310
-1.52835	620	310
-1.55557	620	310
-1.49858	620	310
-1.50027	620	310
-1.55294	620	310
-1.54988	620	310
-1.49875	620	310
-1.55154	620	310
-1.50206	620	310
-1.50209	620	310
-1.50016	620	310
-1.53099	620	310
-1.50751	620	310
-1.49974	620	310
-1.54932	620	310
-1.55382	620	310
-1.52815	620	310
-1.51958	620	310
-1.52179	620	310
-1.49782	620	310
-1.55126	620	310
-1.54462	620	310
-1.56124	620	310
-1.55535	620	310
-1.49918	620	310
-1.55328	620	310
-1.52585	620	310
-1.55633	620	310
-1.49853	620	310
-1.50011	620	310
-1.49855	620	310
-1.55994	620	310
-1.5554	620	310
-1.49739	620	310
-1.50084	620	310
-1.49906	620	310
-1.49946	620	310
-1.5494	620	310
-1.50397	620	310
-1.49951	620	310
-1.49831	620	310
-1.49909	620	310
-1.49945	620	310
-1.50074	620	310
-1.49452	620	310
-1.50164	620	310
-1.50039	620	310
-1.50109	620	310
-1.51977	620	310
-1.50277	620	310
-1.53722	620	310
-1.49976	620	310
-1.49717	620	310
-1.54401	620	310
-1.49556	620	310
-1.54814	620	310
-1.54144	620	310
-1.50209	620	310
-1.5216	620	310
-1.54693	620	310
-1.56017	620	310
-1.50227	620	310
-1.49726	620	310
-1.5407	620	310
-1.53178	620	310
-1.49873	620	310
-1.55581	620	310
-1.50078	620	310
-1.56041	620	310
-1.55077	620	310
-1.50158	620	310
-1.54453	620	310
-1.49944	620	310
-1.49815	620	310
-1.49972	620	310
-1.54496	620	310
-1.50112	620	310
-1.49853	620	310
-1.49455	620	310
-1.54241	620	310
-1.50092	620	310
-1.5039	620	310
-1.51825	620	310
-1.52063	620	310
-1.55124	620	310
-1.50265	620	310
-1.49781	620	310
-1.54837	620	310
-1.49693	620	310
-1.50107	620	310
-1.52152	620	310
-1.53878	620	310
-1.55278	620	310
-1.49883	620	310
-1.50055	620	310
-1.49757	620	310
-1.49937	620	310
-1.49613	620	310
-1.55154	620	310
-1.53247	620	310
-1.49563	620	310
-1.54331	620	310
-1.53555	620	310
-1.49742	620	310
-1.55632	620	310
-1.49619	620	310
-1.49897	620	310
-1.50216	620	310
-1.50082	620	310
-1.52889	620	310
-1.49805	620	310
-1.49876	620	310
-1.50062	620	310
-1.50146	620	310
-1.49893	620	310
-1.5322	620	310
-1.49784	620	310
-1.50023	620	310
-1.49221	620	310
-1.51694	620	310
-1.50047	620	310
-1.4981	620	310
-1.55496	620	310
-1.49436	620	310
-1.51207	620	310
-1.4993	620	310
-1.51505	620	310
-1.5034	620	310
-1.54519	620	310
-1.50688	620	310
-1.54014	620	310
-1.55858	620	310
-1.51287	620	310
-1.50677	620	310
-1.49907	620	310
-1.4996	620	310
-1.54896	620	310
-1.52154	620	310
-1.51695	620	310
-1.55596	620	310
-1.49827	620	310
-1.49379	620	310
-1.56009	620	310
-1.49958	620	310
-1.50067	620	310
-1.55252	620	310
-1.53165	620	310
-1.55903	620	310
-1.54674	620	310
-1.55999	620	310
-1.54366	620	310
-1.50167	620	310
-1.49871	620	310
-1.49974	620	310
-1.49446	620	310
-1.49818	620	310
-1.54578	620	310
-1.51306	620	310
-1.51202	620	310
-1.50001	620	310
-1.49788	620	310
-1.54853	620	310
-1.55629	620	310
-1.49964	620	310
-1.52437	620	310
-1.50043	620	310
-1.49851	620	310
-1.54856	620	310
-1.49788	620	310
-1.5589	620	310
-1.55889	620	310
-1.50004	620	310
-1.52486	620	310
-1.5313	620	310
-1.55001	620	310
-1.5312	620	310
-1.49727	620	310
-1.4983	620	310
-1.51361	620	310
-1.53846	620	310
-1.56184	620	310
-1.49638	620	310
-1.54979	620	310
-1.49759	620	310
-1.50139	620	310
-1.49815	620	310
-1.52881	620	310
-1.50302	620	310
-1.49955	620	310
-1.50057	620	310
-1.55798	620	310
-1.50108	620	310
-1.53681	620	310
-1.55572	620	310
-1.50192	620	310
-1.52151	620	310
-1.49766	620	310
-1.50041	620	310
-1.49859	620	310
-1.49984	620	310
-1.55471	620	310
-1.49821	620	310
-1.49706	620	310
-1.54062	620	310
-1.50042	620	310
-1.49894	620	310
-1.53505	620	310
-1.50148	620	310
-1.54835	620	310
-1.50214	620	310
-1.53789	620	310
-1.51125	620	310
-1.55466	620	310
-1.50093	620	310
-1.49514	620	310
-1.52342	620	310
-1.49995	620	310
-1.514	620	310
-1.49727	620	310
-1.55639	620	310
-1.53548	620	310
-1.5006	620	310
-1.49946	620	310
-1.51934	620	310
-1.54195	620	310
-1.49391	620	310
-1.50284	620	310
-1.49772	620	310
-1.49707	620	310
-1.54833	620	310
-1.55638	620	310
-1.50056	620	310
-1.51674	620	310
-1.52377	620	310
-1.5486	620	310
-1.50031	620	310
-1.49877	620	310
-1.55507	620	310
-1.49587	620	310
-1.54949	620	310
-1.50129	620	310
-1.49915	620	310
-1.55145	620	310
-1.52248	620	310
-1.55508	620	310
-1.54758	620	310
-1.50094	620	310
-1.50158	620	310
-1.50103	620	310
-1.49728	620	310
-1.50148	620	310
-1.55377	620	310
-1.55762	620	310
-1.547	620	310
-1.55473	620	310
-1.50041	620	310
-1.4986	620	310
-1.55667	620	310
-1.50027	620	310
-1.54529	620	310
-1.49869	620	310
-1.50154	620	310
-1.49767	620	310
-1.55376	620	310
-1.55193	620	310
-1.51473	620	310
-1.49906	620	310
-1.53429	620	310
-1.49753	620	310
-1.49955	620	310
-1.55979	620	310
-1.49925	620	310
-1.50337	620	310
-1.53306	620	310
-1.49648	620	310
-1.5295	620	310
-1.52527	620	310
-1.55125	620	310
-1.49744	620	310
-1.50063	620	310
-1.54326	620	310
-1.49989	620	310
-1.49844	620	310
-1.50016	620	310
-1.54594	620	310
-1.50109	620	310
-1.50858	620	310
-1.50203	620	310
-1.54981	620	310
-1.49678	620	310
-1.49716	620	310
-1.50266	620	310
-1.53495	620	310
-1.49865	620	310
-1.49945	620	310
-1.49973	620	310
-1.49824	620	310
-1.52678	620	310
-1.49789	620	310
-1.4953	620	310
-1.52749	620	310
-1.50248	620	310
-1.49906	620	310
-1.50214	620	310
-1.54337	620	310
-1.49926	620	310
-1.49851	620	310
-1.53516	620	310
-1.49975	620	310
-1.49786	620	310
-1.49558	620	310
-1.55779	620	310
-1.51345	620	310
-1.53331	620	310
-1.49917	620	310
-1.55074	620	310
-1.50024	620	310
-1.5503	620	310
-1.49911	620	310
-1.52075	620	310
-1.52873	620	310
-1.50219	620	310
-1.49872	620	310
-1.55088	620	310
-1.50113	620	310
-1.54616	620	310
-1.49742	620	310
-1.50047	620	310
-1.50118	620	310
-1.54385	620	310
-1.50016	620	310
-1.54386	620	310
-1.50093	620	310
-1.49905	620	310
-1.5003	620	310
-1.55628	620	310
-1.54391	620	310
-1.5452	620	310
-1.49301	620	310
-1.49512	620	310
-1.50137	620	310
-1.55958	620	310
-1.50017	620	310
-1.49983	620	310
-1.5007	620	310
-1.50524	620	310
-1.49843	620	310
-1.5619	620	310
-1.55692	620	310
-1.50119	620	310
-1.49954	620	310
-1.50836	620	310
-1.49866	620	310
-1.52613	620	310
-1.49894	620	310
-1.50097	620	310
-1.56077	620	310
-1.49729	620	310
-1.49375	620	310
-1.54927	620	310
-1.53781	620	310
-1.50821	620	310
-1.49746	620	310
-1.50032	620	310
-1.50131	620	310
-1.49903	620	310
-1.55386	620	310
-1.50005	620	310
-1.49825	620	310
-1.53871	620	310
-1.49776	620	310
-1.54403	620	310
-1.49839	620	310
-1.5014	620	310
-1.50089	620	310
-1.52768	620	310
-1.50023	620	310
-1.49879	620	310
-1.51381	620	310
-1.49966	620	310
-1.51027	620	310
-1.50579	620	310
-1.49844	620	310
-1.4996	620	310
-1.49559	620	310
-1.54363	620	310
-1.49841	620	310
-1.4971	620	310
-1.51846	620	310
-1.49709	620	310
-1.49934	620	310
-1.53755	620	310
-1.50072	620	310
-1.50066	620	310
-1.49967	620	310
-1.49677	620	310
-1.5556	620	310
-1.50597	620	310
-1.49883	620	310
-1.50896	620	310
-1.50675	620	310
-1.49766	620	310
-1.50365	620	310
-1.55444	620	310
-1.539	620	310
-1.55876	620	310
-1.49825	620	310
-1.49702	620	310
-1.50451	620	310
-1.55841	620	310
-1.54698	620	310
-1.52608	620	310
-1.55768	620	310
-1.5522	620	310
-1.49941	620	310
-1.50119	620	310
-1.499	620	310
-1.51172	620	310
-1.55664	620	310
-1.49885	620	310
-1.49814	620	310
-1.5487	620	310
-1.49799	620	310
-1.4982	620	310
-1.50032	620	310
-1.50498	620	310
-1.50071	620	310
-1.53224	620	310
-1.50041	620	310
-1.49851	620	310
-1.52678	620	310
-1.50205	620	310
-1.50036	620	310
-1.49868	620	310
-1.55019	620	310
-1.55056	620	310
-1.49768	620	310
-1.55836	620	310
-1.4995	620	310
-1.49802	620	310
-1.54799	620	310
-1.4988	620	310
-1.50112	620	310
-1.55085	620	310
-1.55141	620	310
-1.56267	620	310
-1.55337	620	310
-1.49804	620	310
-1.49839	620	310
-1.55557	620	310
-1.50022	620	310
-1.49816	620	310
-1.50016	620	310
-1.5011	620	310
-1.55834	620	310
-1.50259	620	310
-1.52779	620	310
-1.55874	620	310
-1.4986	620	310
-1.49935	620	310
-1.5399	620	310
-1.54176	620	310
-1.52165	620	310
-1.5014	620	310
-1.556	620	310
-1.52165	620	310
-1.50126	620	310
-1.49526	620	310
-1.5001	620	310
-1.55227	620	310
-1.5193	620	310
-1.51432	620	310
-1.50093	620	310
-1.51743	620	310
-1.49683	620	310
-1.49789	620	310
-1.51296	620	310
-1.50494	620	310
-1.54044	620	310
-1.50068	620	310
-1.52747	620	310
-1.49906	620	310
-1.51808	620	310
-1.54804	620	310
-1.53636	620	310
-1.49754	620	310
-1.49781	620	310
-1.49815	620	310
-1.4982	620	310
-1.50018	620	310
-1.5001	620	310
-1.50028	620	310
-1.51702	620	310
-1.50092	620	310
-1.50051	620	310
-1.55189	620	310
-1.50084	620	310
-1.51219	620	310
-1.49996	620	310
-1.50008	620	310
-1.53242	620	310
-1.50263	620	310
-1.50034	620	310
-1.53342	620	310
-1.50121	620	310
-1.55357	620	310
-1.51762	620	310
-1.51043	620	310
-1.50101	620	310
-1.5152	620	310
-1.53146	620	310
-1.49692	620	310
-1.50094	620	310
-1.50007	620	310
-1.52334	620	310
-1.5078	620	310
-1.53134	620	310
-1.55713	620	310
-1.52554	620	310
-1.50359	620	310
-1.49879	620	310
-1.49927	620	310
-1.49995	620	310
-1.49955	620	310
-1.50142	620	310
-1.49961	620	310
-1.54334	620	310
-1.49967	620	310
-1.52265	620	310
-1.49914	620	310
-1.499	620	310
-1.51661	620	310
-1.52055	620	310
-1.54396	620	310
-1.49912	620	310
-1.4996	620	310
-1.55609	620	310
-1.49769	620	310
-1.55895	620	310
-1.54108	620	310
-1.49886	620	310
-1.52004	620	310
-1.50013	620	310
-1.55102	620	310
-1.50028	620	310
-1.49734	620	310
-1.4973	620	310
-1.50221	620	310
-1.55992	620	310
-1.49981	620	310
-1.55441	620	310
-1.55766	620	310
-1.4994	620	310
-1.49845	620	310
-1.53564	620	310
-1.49701	620	310
-1.50005	620	310
-1.5033	620	310
-1.497	620	310
-1.5251	620	310
-1.50884	620	310
-1.49762	620	310
-1.54708	620	310
-1.50162	620	310
-1.50134	620	310
-1.50003	620	310
-1.54699	620	310
-1.49139	620	310
-1.49993	620	310
-1.50806	620	310
-1.50179	620	310
-1.5577	620	310
-1.53664	620	310
-1.50128	620	310
-1.50462	620	310
-1.53516	620	310
-1.49771	620	310
-1.4978	620	310
-1.55915	620	310
-1.49765	620	310
-1.55692	620	310
-1.49673	620	310
-1.49985	620	310
-1.49857	620	310
-1.56037	620	310
-1.53639	620	310
-1.52086	620	310
-1.49826	620	310
-1.4991	620	310
-1.54389	620	310
-1.51209	620	310
-1.4981	620	310
-1.49896	620	310
-1.49944	620	310
-1.50162	620	310
-1.52382	620	310
-1.49991	620	310
-1.50104	620	310
-1.55774	620	310
-1.49686	620	310
-1.50297	620	310
-1.54031	620	310
-1.49814	620	310
-1.49977	620	310
-1.50073	620	310
-1.49957	620	310
-1.50094	620	310
-1.556	620	310
-1.52959	620	310
-1.49666	620	310
-1.54098	620	310
-1.50113	620	310
-1.4959	620	310
-1.49856	620	310
-1.49651	620	310
-1.55016	620	310
-1.55801	620	310
-1.55183	620	310
-1.55202	620	310
-1.49952	620	310
-1.53578	620	310
-1.55574	620	310
-1.49894	620	310
-1.50131	620	310
-1.49691	620	310
-1.53937	620	310
-1.5173	620	310
-1.53525	620	310
-1.49475	620	310
-1.49976	620	310
-1.49976	620	310
-1.49843	620	310
-1.55348	620	310
-1.55261	620	310
-1.55735	620	310
-1.49947	620	310
-1.50956	620	310
-1.55744	620	310
-1.49725	620	310
-1.55343	620	310
-1.54958	620	310
-1.49515	620	310
-1.52738	620	310
-1.53673	620	310
-1.49836	620	310
-1.53033	620	310
-1.49761	620	310
-1.49794	620	310
-1.4992	620	310
-1.49518	620	310
-1.50002	620	310
-1.55804	620	310
-1.54865	620	310
-1.52278	620	310
-1.52975	620	310
-1.49676	620	310
-1.50134	620	310
-1.52608	620	310
-1.49822	620	310
-1.50003	620	310
-1.51672	620	310
-1.49836	620	310
-1.55416	620	310
-1.49757	620	310
-1.50255	620	310
-1.49941	620	310
-1.51429	620	310
-1.55022	620	310
-1.5299	620	310
-1.50141	620	310
-1.49706	620	310
-1.49908	620	310
-1.50115	620	310
-1.55169	620	310
-1.50072	620	310
-1.49744	620	310
-1.49644	620	310
-1.49939	620	310
-1.50336	620	310
-1.49942	620	310
-1.55413	620	310
-1.50169	620	310
-1.49923	620	310
-1.49767	620	310
-1.51295	620	310
-1.53832	620	310
-1.54496	620	310
-1.51994	620	310
-1.55879	620	310
-1.52643	620	310
-1.50206	620	310
-1.49942	620	310
-1.53773	620	310
-1.49897	620	310
-1.50041	620	310
-1.54493	620	310
-1.49928	620	310
-1.56049	620	310
-1.52008	620	310
-1.52785	620	310
-1.5359	620	310
-1.50092	620	310
-1.50846	620	310
-1.56056	620	310
-1.55385	620	310
-1.51142	620	310
-1.49828	620	310
-1.51808	620	310
-1.50067	620	310
-1.54621	620	310
-1.52424	620	310
-1.49995	620	310
-1.54394	620	310
-1.50033	620	310
-1.50117	620	310
-1.49601	620	310
-1.49884	620	310
-1.50455	620	310
-1.50098	620	310
-1.49711	620	310
-1.4998	620	310
-1.55382	620	310
-1.55741	620	310
-1.5458	620	310
-1.53205	620	310
-1.49855	620	310
-1.4949	620	310
-1.56076	620	310
-1.52328	620	310
-1.4996	620	310
-1.53943	620	310
-1.52989	620	310
-1.50105	620	310
-1.56378	620	310
-1.5032	620	310
-1.49865	620	310
-1.49645	620	310
-1.49881	620	310
-1.50088	620	310
-1.50015	620	310
-1.55907	620	310
-1.49641	620	310
-1.50094	620	310
-1.50018	620	310
-1.53805	620	310
-1.50588	620	310
-1.53143	620	310
-1.49789	620	310
-1.56364	620	310
-1.49797	620	310
-1.49687	620	310
-1.55653	620	310
-1.56073	620	310
-1.49894	620	310
-1.49808	620	310
-1.50035	620	310
-1.52451	620	310
-1.49964	620	310
-1.55072	620	310
-1.53052	620	310
-1.49821	620	310
-1.49843	620	310
-1.54757	620	310
-1.51533	620	310
-1.49835	620	310
-1.49978	620	310
-1.52508	620	310
-1.49789	620	310
-1.52152	620	310
-1.49974	620	310
-1.51826	620	310
-1.49929	620	310
-1.51074	620	310
-1.50133	620	310
-1.49988	620	310
-1.54214	620	310
-1.49419	620	310
-1.50066	620	310
-1.53576	620	310
-1.49907	620	310
-1.55378	620	310
-1.4976	620	310
-1.49941	620	310
-1.49601	620	310
-1.55662	620	310
-1.49941	620	310
-1.54142	620	310
-1.51035	620	310
-1.52839	620	310
-1.50123	620	310
-1.55816	620	310
-1.55482	620	310
-1.54801	620	310
-1.50294	620	310
-1.51031	620	310
-1.51908	620	310
-1.49848	620	310
-1.52425	620	310
-1.50318	620	310
-1.51976	620	310
-1.49689	620	310
-1.51468	620	310
-1.49887	620	310
-1.50195	620	310
-1.49635	620	310
-1.49627	620	310
-1.49999	620	310
-1.49646	620	310
-1.49903	620	310
-1.55762	620	310
-1.51521	620	310
-1.49623	620	310
-1.56039	620	310
-1.49617	620	310
-1.52524	620	310
-1.56008	620	310
-1.55266	620	310
-1.50214	620	310
-1.53406	620	310
-1.50154	620	310
-1.53028	620	310
-1.50024	620	310
-1.50056	620	310
-1.52108	620	310
-1.55856	620	310
-1.50002	620	310
-1.50161	620	310
-1.53804	620	310
-1.55688	620	310
-1.49539	620	310
-1.50037	620	310
-1.50111	620	310
-1.52313	620	310
-1.52571	620	310
-1.49978	620	310
-1.50202	620	310
-1.49869	620	310
-1.49646	620	310
-1.49975	620	310
-1.54515	620	310
-1.49981	620	310
-1.54319	620	310
-1.49936	620	310
-1.55153	620	310
-1.55182	620	310
-1.49906	620	310
-1.49948	620	310
-1.49846	620	310
-1.55491	620	310
-1.56327	620	310
-1.50838	620	310
-1.49903	620	310
-1.50101	620	310
-1.49913	620	310
-1.49602	620	310
-1.54198	620	310
-1.56049	620	310
-1.49969	620	310
-1.55197	620	310
-1.50955	620	310
-1.55366	620	310
-1.52518	620	310
-1.55262	620	310
-1.52199	620	310
-1.50155	620	310
-1.53022	620	310
-1.54689	620	310
-1.55436	620	310
-1.49964	620	310
-1.49944	620	310
-1.49908	620	310
-1.50125	620	310
-1.49988	620	310
-1.49754	620	310
-1.49985	620	310
-1.49835	620	310
-1.55253	620	310
-1.5005	620	310
-1.52532	620	310
-1.50266	620	310
-1.49833	620	310
-1.53154	620	310
-1.50492	620	310
-1.49735	620	310
-1.53541	620	310
-1.52393	620	310
-1.50984	620	310
-1.49808	620	310
-1.55745	620	310
-1.49796	620	310
-1.50061	620	310
-1.50147	620	310
-1.5014	620	310
-1.49845	620	310
-1.49949	620	310
-1.55871	620	310
-1.5083	620	310
-1.55489	620	310
-1.52787	620	310
-1.49768	620	310
-1.50129	620	310
-1.5515	620	310
-1.53367	620	310
-1.52476	620	310
-1.56443	620	310
-1.50195	620	310
-1.50132	620	310
-1.54648	620	310
-1.50067	620	310
-1.50889	620	310
-1.49811	620	310
-1.49691	620	310
-1.49933	620	310
-1.54999	620	310
-1.55339	620	310
-1.49898	620	310
-1.55927	620	310
-1.55845	620	310
-1.50274	620	310
-1.49833	620	310
-1.52056	620	310
-1.49924	620	310
-1.49859	620	310
-1.49775	620	310
-1.49759	620	310
-1.49874	620	310
-1.56189	620	310
-1.54677	620	310
-1.49882	620	310
-1.50135	620	310
-1.49943	620	310
-1.49978	620	310
-1.49822	620	310
-1.50111	620	310
-1.56347	620	310
-1.50159	620	310
-1.55465	620	310
-1.49825	620	310
-1.49983	620	310
-1.49707	620	310
-1.53348	620	310
-1.49865	620	310
-1.49779	620	310
-1.49663	620	310
-1.50143	620	310
-1.52216	620	310
-1.511	620	310
-1.4996	620	310
-1.50123	620	310
-1.53266	620	310
-1.5506	620	310
-1.50311	620	310
-1.50605	620	310
-1.49942	620	310
-1.49885	620	310
-1.55753	620	310
-1.54384	620	310
-1.55138	620	310
-1.49881	620	310
-1.49886	620	310
-1.50094	620	310
-1.5084	620	310
-1.53728	620	310
-1.53952	620	310
-1.50661	620	310
-1.51029	620	310
-1.53034	620	310
-1.53648	620	310
-1.5281	620	310
-1.55185	620	310
-1.49657	620	310
-1.52489	620	310
-1.53325	620	310
-1.49673	620	310
-1.52159	620	310
-1.55009	620	310
-1.5545	620	310
-1.49848	620	310
-1.49828	620	310
-1.5011	620	310
-1.5005	620	310
-1.56009	620	310
-1.49744	620	310
-1.49851	620	310
-1.54929	620	310
-1.53873	620	310
-1.50168	620	310
-1.4985	620	310
-1.49782	620	310
-1.50146	620	310
-1.51518	620	310
-1.49667	620	310
-1.50926	620	310
-1.49772	620	310
-1.5022	620	310
-1.54741	620	310
-1.49993	620	310
-1.55642	620	310
-1.4975	620	310
-1.4968	620	310
-1.55433	620	310
-1.50116	620	310
-1.50164	620	310
-1.49953	620	310
-1.50008	620	310
-1.4977	620	310
-1.50146	620	310
-1.49745	620	310
-1.5565	620	310
-1.53576	620	310
-1.55949	620	310
-1.49866	620	310
-1.51306	620	310
-1.49909	620	310
-1.49812	620	310
-1.50213	620	310
-1.49985	620	310
-1.54952	620	310
-1.51233	620	310
-1.4995	620	310
-1.4969	620	310
-1.53186	620	310
-1.49987	620	310
-1.50087	620	310
-1.49767	620	310
-1.49973	620	310
-1.49972	620	310
-1.49867	620	310
-1.55832	620	310
-1.5028	620	310
-1.50709	620	310
-1.5412	620	310
-1.50014	620	310
-1.49907	620	310
-1.49672	620	310
-1.55444	620	310
-1.49928	620	310
-1.52739	620	310
-1.50385	620	310
-1.55661	620	310
-1.50214	620	310
-1.4984	620	310
-1.53764	620	310
-1.49493	620	310
-1.5009	620	310
-1.55995	620	310
-1.50297	620	310
-1.49629	620	310
-1.50866	620	310
-1.49987	620	310
-1.49963	620	310
-1.54285	620	310
-1.54604	620	310
-1.55003	620	310
-1.50135	620	310
-1.49729	620	310
-1.4998	620	310
-1.49398	620	310
-1.55847	620	310
-1.55347	620	310
-1.55462	620	310
-1.49695	620	310
-1.50268	620	310
-1.54579	620	310
-1.50011	620	310
-1.53216	620	310
-1.49746	620	310
-1.50263	620	310
-1.52737	620	310
-1.54965	620	310
-1.53518	620	310
-1.52002	620	310
-1.49992	620	310
-1.4992	620	310
-1.50267	620	310
-1.49752	620	310
-1.50208	620	310
-1.49877	620	310
-1.49476	620	310
-1.49692	620	310
-1.51093	620	310
-1.52462	620	310
-1.55149	620	310
-1.49892	620	310
-1.50148	620	310
-1.55239	620	310
-1.49987	620	310
-1.56136	620	310
-1.52133	620	310
-1.49838	620	310
-1.50494	620	310
-1.52803	620	310
-1.49696	620	310
-1.50345	620	310
-1.49956	620	310
-1.49962	620	310
-1.49913	620	310
-1.49638	620	310
-1.49765	620	310
-1.53291	620	310
-1.49941	620	310
-1.52094	620	310
-1.49946	620	310
-1.56086	620	310
-1.54834	620	310
-1.49866	620	310
-1.49818	620	310
-1.53885	620	310
-1.50002	620	310
-1.49821	620	310
-1.52003	620	310
-1.49872	620	310
-1.51523	620	310
-1.56448	620	310
-1.49901	620	310
-1.49892	620	310
-1.50044	620	310
-1.5544	620	310
-1.49839	620	310
-1.54814	620	310
-1.52218	620	310
-1.4977	620	310
-1.5375	620	310
-1.49945	620	310
-1.54984	620	310
-1.55191	620	310
-1.55005	620	310
-1.52985	620	310
-1.50281	620	310
-1.49359	620	310
-1.55842	620	310
-1.49839	620	310
-1.54382	620	310
-1.4989	620	310
-1.49667	620	310
-1.50582	620	310
-1.50241	620	310
-1.50232	620	310
-1.53617	620	310
-1.55475	620	310
-1.49878	620	310
-1.50085	620	310
-1.50011	620	310
-1.49803	620	310
-1.51537	620	310
-1.49948	620	310
-1.55608	620	310
-1.559	620	310
-1.54907	620	310
-1.49788	620	310
-1.50173	620	310
-1.50079	620	310
-1.52201	620	310
-1.54737	620	310
-1.51037	620	310
-1.53583	620	310
-1.55427	620	310
-1.50186	620	310
-1.499	620	310
-1.5005	620	310
-1.49981	620	310
-1.53921	620	310
-1.55453	620	310
-1.553	620	310
-1.50011	620	310
-1.53272	620	310
-1.50205	620	310
-1.50262	620	310
-1.53131	620	310
-1.49489	620	310
-1.53147	620	310
-1.51793	620	310
-1.55334	620	310
-1.50165	620	310
-1.55286	620	310
-1.49949	620	310
-1.49945	620	310
-1.49914	620	310
-1.50645	620	310
-1.49753	620	310
-1.50031	620	310
-1.56031	620	310
-1.5234	620	310
-1.54004	620	310
-1.49969	620	310
-1.54665	620	310
-1.49843	620	310
-1.55362	620	310
-1.50089	620	310
-1.50133	620	310
-1.50123	620	310
-1.56068	620	310
-1.49865	620	310
-1.50065	620	310
-1.49902	620	310
-1.55421	620	310
-1.50011	620	310
-1.49841	620	310
-1.51096	620	310
-1.49584	620	310
-1.49912	620	310
-1.5253	620	310
-1.50181	620	310
-1.49792	620	310
-1.5018	620	310
-1.53574	620	310
-1.5513	620	310
-1.49748	620	310
-1.53797	620	310
-1.5009	620	310
-1.55327	620	310
-1.53646	620	310
-1.55213	620	310
-1.54892	620	310
-1.50087	620	310
-1.49779	620	310
-1.49851	620	310
-1.53654	620	310
-1.54737	620	310
-1.52724	620	310
-1.49974	620	310
-1.50191	620	310
-1.52938	620	310
-1.52171	620	310
-1.50781	620	310
-1.50534	620	310
-1.49969	620	310
-1.49936	620	310
-1.55009	620	310
-1.55095	620	310
-1.55462	620	310
-1.49624	620	310
-1.49896	620	310
-1.50716	620	310
-1.49926	620	310
-1.49844	620	310
-1.5015	620	310
-1.54554	620	310
-1.55575	620	310
-1.53118	620	310
-1.49894	620	310
-1.56146	620	310
-1.54879	620	310
-1.55016	620	310
-1.49906	620	310
-1.49918	620	310
-1.49678	620	310
-1.54441	620	310
-1.50311	620	310
-1.51187	620	310
-1.51989	620	310
-1.50028	620	310
-1.50124	620	310
-1.50025	620	310
-1.55618	620	310
-1.54686	620	310
-1.55318	620	310
-1.50307	620	310
-1.50056	620	310
-1.54043	620	310
-1.49975	620	310
-1.52635	620	310
-1.55405	620	310
-1.54555	620	310
-1.5453	620	310
-1.55911	620	310
-1.49855	620	310
-1.50276	620	310
-1.49998	620	310
-1.49957	620	310
-1.55079	620	310
-1.49717	620	310
-1.50371	620	310
-1.50281	620	310
-1.5599	620	310
-1.55126	620	310
-1.54816	620	310
-1.49777	620	310
-1.5509	620	310
-1.50096	620	310
-1.49488	620	310
-1.4996	620	310
-1.50138	620	310
-1.49807	620	310
-1.56509	620	310
-1.51902	620	310
-1.5025	620	310
-1.55921	620	310
-1.53858	620	310
-1.49726	620	310
-1.50283	620	310
-1.5016	620	310
-1.50225	620	310
-1.49729	620	310
-1.50108	620	310
-1.49929	620	310
-1.50239	620	310
-1.50058	620	310
-1.56009	620	310
-1.53374	620	310
-1.56063	620	310
-1.50152	620	310
-1.49956	620	310
-1.49717	620	310
-1.54241	620	310
-1.49729	620	310
-1.50095	620	310
-1.49776	620	310
-1.55568	620	310
-1.51046	620	310
-1.55461	620	310
-1.50094	620	310
-1.49622	620	310
-1.4986	620	310
-1.49718	620	310
-1.49929	620	310
-1.49593	620	310
-1.50135	620	310
-1.49884	620	310
-1.5555	620	310
-1.50102	620	310
-1.56111	620	310
-1.50104	620	310
-1.49968	620	310
-1.50063	620	310
-1.50064	620	310
-1.49822	620	310
-1.4974	620	310
-1.50194	620	310
-1.49845	620	310
-1.55046	620	310
-1.5437	620	310
-1.53709	620	310
-1.50185	620	310
-1.52634	620	310
-1.49946	620	310
-1.49877	620	310
-1.50363	620	310
-1.50171	620	310
-1.49997	620	310
-1.49804	620	310
-1.54369	620	310
-1.53014	620	310
-1.52844	620	310
-1.54852	620	310
-1.55261	620	310
-1.49871	620	310
-1.52464	620	310
-1.49469	620	310
-1.49823	620	310
-1.49893	620	310
-1.51731	620	310
-1.54367	620	310
-1.55216	620	310
-1.49894	620	310
-1.49872	620	310
-1.49912	620	310
-1.50098	620	310
-1.49837	620	310
-1.54046	620	310
-1.54828	620	310
-1.49927	620	310
-1.54563	620	310
-1.54147	620	310
-1.54472	620	310
-1.55617	620	310
-1.49821	620	310
-1.54447	620	310
-1.54628	620	310
-1.56293	620	310
-1.55888	620	310
-1.55517	620	310
-1.53109	620	310
-1.50112	620	310
-1.50136	620	310
-1.54879	620	310
-1.49984	620	310
-1.50106	620	310
-1.55499	620	310
-1.53999	620	310
-1.52103	620	310
-1.52852	620	310
-1.5003	620	310
-1.5477	620	310
-1.55462	620	310
-1.55939	620	310
-1.49863	620	310
-1.5013	620	310
-1.55098	620	310
-1.49869	620	310
-1.49967	620	310
-1.49818	620	310
-1.49866	620	310
-1.49809	620	310
-1.50534	620	310
-1.49748	620	310
-1.49795	620	310
-1.53449	620	310
-1.4967	620	310
-1.49775	620	310
-1.56074	620	310
-1.55808	620	310
-1.55642	620	310
-1.50604	620	310
-1.49849	620	310
-1.50102	620	310
-1.49926	620	310
-1.4993	620	310
-1.49996	620	310
-1.51002	620	310
-1.55618	620	310
-1.50017	620	310
-1.49814	620	310
-1.55239	620	310
-1.50008	620	310
-1.51312	620	310
-1.54964	620	310
-1.49788	620	310
-1.53188	620	310
-1.50009	620	310
-1.49776	620	310
-1.4989	620	310
-1.49644	620	310
-1.51827	620	310
-1.49903	620	310
-1.49904	620	310
-1.52332	620	310
-1.49654	620	310
-1.54582	620	310
-1.52778	620	310
-1.49994	620	310
-1.49889	620	310
-1.49661	620	310
-1.55419	620	310
-1.53401	620	310
-1.49911	620	310
-1.55049	620	310
-1.49837	620	310
-1.4977	620	310
-1.5382	620	310
-1.53032	620	310
-1.50085	620	310
-1.54186	620	310
-1.49728	620	310
-1.50076	620	310
-1.52934	620	310
-1.49782	620	310
-1.56061	620	310
-1.53495	620	310
-1.51776	620	310
-1.50311	620	310
-1.50168	620	310
-1.50022	620	310
-1.53643	620	310
-1.51606	620	310
-1.49921	620	310
-1.49817	620	310
-1.50153	620	310
-1.5003	620	310
-1.49774	620	310
-1.53907	620	310
-1.55335	620	310
-1.50329	620	310
-1.49766	620	310
-1.49919	620	310
-1.51111	620	310
-1.55513	620	310
-1.49915	620	310
-1.49881	620	310
-1.4975	620	310
-1.49893	620	310
-1.54143	620	310
-1.49959	620	310
-1.49931	620	310
-1.53981	620	310
-1.51104	620	310
-1.5014	620	310
-1.52047	620	310
-1.55471	620	310
-1.54025	620	310
-1.50182	620	310
-1.49723	620	310
-1.49829	620	310
-1.49996	620	310
-1.51195	620	310
-1.49955	620	310
-1.50125	620	310
-1.54778	620	310
-1.50133	620	310
-1.50032	620	310
-1.50053	620	310
-1.53929	620	310
-1.55233	620	310
-1.49916	620	310
-1.49651	620	310
-1.55654	620	310
-1.49978	620	310
-1.53557	620	310
-1.54671	620	310
-1.56013	620	310
-1.53385	620	310
-1.50229	620	310
-1.49684	620	310
-1.50073	620	310
-1.50842	620	310
-1.52455	620	310
-1.49794	620	310
-1.53905	620	310
-1.51661	620	310
-1.50025	620	310
-1.50013	620	310
-1.53973	620	310
-1.5501	620	310
-1.50019	620	310
-1.50136	620	310
-1.53768	620	310
-1.52284	620	310
-1.49813	620	310
-1.5584	620	310
-1.50052	620	310
-1.49831	620	310
-1.50837	620	310
-1.50143	620	310
-1.53133	620	310
-1.50625	620	310
-1.49974	620	310
-1.52288	620	310
-1.5561	620	310
-1.5582	620	310
-1.53292	620	310
-1.50098	620	310
-1.49948	620	310
-1.4998	620	310
-1.54507	620	310
-1.49985	620	310
-1.5003	620	310
-1.4992	620	310
-1.49809	620	310
-1.49994	620	310
-1.49748	620	310
-1.49893	620	310
-1.49912	620	310
-1.50153	620	310
-1.49801	620	310
-1.50042	620	310
-1.53759	620	310
-1.49858	620	310
-1.50524	620	310
-1.55226	620	310
-1.49796	620	310
-1.52971	620	310
-1.52966	620	310
-1.5002	620	310
-1.50042	620	310
-1.53696	620	310
-1.49885	620	310
-1.51618	620	310
-1.49762	620	310
-1.55617	620	310
-1.49526	620	310
-1.50012	620	310
-1.55967	620	310
-1.49884	620	310
-1.52177	620	310
-1.50061	620	310
-1.53492	620	310
-1.49939	620	310
-1.50101	620	310
-1.54855	620	310
-1.5007	620	310
-1.50065	620	310
-1.54945	620	310
-1.53132	620	310
-1.5513	620	310
-1.51131	620	310
-1.49899	620	310
-1.55605	620	310
-1.49973	620	310
-1.49848	620	310
-1.49862	620	310
-1.50001	620	310
-1.50987	620	310
-1.49872	620	310
-1.50126	620	310
-1.49883	620	310
-1.49736	620	310
-1.55163	620	310
-1.51197	620	310
-1.51341	620	310
-1.53882	620	310
-1.54565	620	310
-1.49855	620	310
-1.4989	620	310
-1.49925	620	310
-1.5003	620	310
-1.50046	620	310
-1.50005	620	310
-1.552	620	310
-1.49985	620	310
-1.52353	620	310
-1.50171	620	310
-1.52792	620	310
-1.50068	620	310
-1.49533	620	310
-1.49819	620	310
-1.49885	620	310
-1.49948	620	310
-1.50038	620	310
-1.49684	620	310
-1.55913	620	310
-1.55037	620	310
-1.54164	620	310
-1.49823	620	310
-1.50132	620	310
-1.54224	620	310
-1.50047	620	310
-1.49815	620	310
-1.51702	620	310
-1.53127	620	310
-1.50099	620	310
-1.55003	620	310
-1.52914	620	310
-1.496	620	310
-1.54929	620	310
-1.53448	620	310
-1.50074	620	310
-1.55535	620	310
-1.50641	620	310
-1.49841	620	310
-1.54354	620	310
-1.50147	620	310
-1.49779	620	310
-1.52554	620	310
-1.54266	620	310
-1.55268	620	310
-1.50725	620	310
-1.51333	620	310
-1.50148	620	310
-1.50119	620	310
-1.55416	620	310
-1.51281	620	310
-1.50017	620	310
-1.55553	620	310
-1.54186	620	310
-1.51732	620	310
-1.497	620	310
-1.49963	620	310
-1.52122	620	310
-1.52357	620	310
-1.55303	620	310
-1.55362	620	310
-1.49876	620	310
-1.5012	620	310
-1.49928	620	310
-1.49957	620	310
-1.53434	620	310
-1.49901	620	310
-1.55797	620	310
-1.54614	620	310
-1.50296	620	310
-1.49993	620	310
-1.56297	620	310
-1.55957	620	310
-1.50169	620	310
-1.54767	620	310
-1.51052	620	310
-1.55719	620	310
-1.50067	620	310
-1.49831	620	310
-1.5504	620	310
-1.49784	620	310
-1.55775	620	310
-1.50801	620	310
-1.49756	620	310
-1.50041	620	310
-1.49989	620	310
-1.55948	620	310
-1.49621	620	310
-1.55599	620	310
-1.50183	620	310
-1.4986	620	310
-1.50168	620	310
-1.55735	620	310
-1.50139	620	310
-1.56167	620	310
-1.50025	620	310
-1.49934	620	310
-1.49868	620	310
-1.49615	620	310
-1.49835	620	310
-1.50046	620	310
-1.5035	620	310
-1.50153	620	310
-1.49829	620	310
-1.50473	620	310
-1.54082	620	310
-1.49966	620	310
-1.49956	620	310
-1.49941	620	310
-1.51314	620	310
-1.49626	620	310
-1.50159	620	310
-1.55628	620	310
-1.49652	620	310
-1.49768	620	310
-1.49885	620	310
-1.50072	620	310
-1.50081	620	310
-1.54092	620	310
-1.51274	620	310
-1.52395	620	310
-1.49704	620	310
-1.50033	620	310
-1.55693	620	310
-1.50241	620	310
-1.50541	620	310
-1.49996	620	310
-1.52094	620	310
-1.53252	620	310
-1.49815	620	310
-1.52051	620	310
-1.50141	620	310
-1.5522	620	310
-1.53292	620	310
-1.50436	620	310
-1.49663	620	310
-1.49942	620	310
-1.49925	620	310
-1.49767	620	310
-1.4938	620	310
-1.50083	620	310
-1.49884	620	310
-1.54922	620	310
-1.55925	620	310
-1.50124	620	310
-1.50211	620	310
-1.56161	620	310
-1.56297	620	310
-1.49987	620	310
-1.49521	620	310
-1.50365	620	310
-1.49992	620	310
-1.49636	620	310
-1.54757	620	310
-1.51756	620	310
-1.51775	620	310
-1.50344	620	310
-1.49916	620	310
-1.54959	620	310
-1.50743	620	310
-1.49825	620	310
-1.49654	620	310
-1.49655	620	310
-1.50029	620	310
-1.50229	620	310
-1.4966	620	310
-1.50821	620	310
-1.50008	620	310
-1.55028	620	310
-1.55163	620	310
-1.54394	620	310
-1.49891	620	310
-1.49662	620	310
-1.5248	620	310
-1.54908	620	310
-1.49758	620	310
-1.5527	620	310
-1.50041	620	310
-1.50082	620	310
-1.50077	620	310
-1.49848	620	310
-1.56037	620	310
-1.537	620	310
-1.52771	620	310
-1.49896	620	310
-1.54983	620	310
-1.49843	620	310
-1.50157	620	310
-1.49891	620	310
-1.54067	620	310
-1.49523	620	310
-1.51168	620	310
-1.50024	620	310
-1.55826	620	310
-1.50436	620	310
-1.5012	620	310
-1.49926	620	310
-1.5384	620	310
-1.56082	620	310
-1.50192	620	310
-1.49917	620	310
-1.50103	620	310
-1.50164	620	310
-1.49864	620	310
-1.50035	620	310
-1.53113	620	310
-1.56167	620	310
-1.54265	620	310
-1.49862	620	310
-1.53509	620	310
-1.511	620	310
-1.49921	620	310
-1.49661	620	310
-1.50111	620	310
-1.5535	620	310
-1.499	620	310
-1.54931	620	310
-1.49872	620	310
-1.55734	620	310
-1.53213	620	310
-1.50072	620	310
-1.56214	620	310
-1.49749	620	310
-1.50759	620	310
-1.50163	620	310
-1.56009	620	310
-1.56015	620	310
-1.49867	620	310
-1.49997	620	310
-1.49909	620	310
-1.50037	620	310
-1.55624	620	310
-1.50073	620	310
-1.55575	620	310
-1.49457	620	310
-1.49964	620	310
-1.50342	620	310
-1.52746	620	310
-1.55461	620	310
-1.55429	620	310
-1.5256	620	310
-1.49781	620	310
-1.50028	620	310
-1.49852	620	310
-1.55527	620	310
-1.49802	620	310
-1.55553	620	310
-1.50142	620	310
-1.49806	620	310
-1.52148	620	310
-1.53296	620	310
-1.55077	620	310
-1.52721	620	310
-1.56274	620	310
-1.538	620	310
-1.549	620	310
-1.50107	620	310
-1.50011	620	310
-1.52203	620	310
-1.52517	620	310
-1.54535	620	310
-1.53121	620	310
-1.49714	620	310
-1.54774	620	310
-1.49736	620	310
-1.50178	620	310
-1.5078	620	310
-1.5194	620	310
-1.50248	620	310
-1.56047	620	310
-1.5449	620	310
-1.49821	620	310
-1.52426	620	310
-1.51385	620	310
-1.55141	620	310
-1.49989	620	310
-1.4985	620	310
-1.5004	620	310
-1.50656	620	310
-1.50157	620	310
-1.55052	620	310
-1.49851	620	310
-1.51804	620	310
-1.50171	620	310
-1.49975	620	310
-1.49971	620	310
-1.54713	620	310
-1.49986	620	310
-1.49856	620	310
-1.50202	620	310
-1.507	620	310
-1.55217	620	310
-1.49971	620	310
-1.49682	620	310
-1.4996	620	310
-1.50195	620	310
-1.56035	620	310
-1.499	620	310
-1.50183	620	310
-1.50225	620	310
-1.49853	620	310
-1.49835	620	310
-1.55549	620	310
-1.49608	620	310
-1.50828	620	310
-1.49717	620	310
-1.55715	620	310
-1.529	620	310
-1.49747	620	310
-1.52538	620	310
-1.50851	620	310
-1.54107	620	310
-1.52201	620	310
-1.49977	620	310
-1.55093	620	310
-1.54741	620	310
-1.50248	620	310
-1.49974	620	310
-1.54993	620	310
-1.50274	620	310
-1.49647	620	310
-1.51053	620	310
-1.50112	620	310
-1.52822	620	310
-1.51352	620	310
-1.49838	620	310
-1.49933	620	310
-1.49834	620	310
-1.49836	620	310
-1.55472	620	310
-1.50221	620	310
-1.49468	620	310
-1.55478	620	310
-1.49699	620	310
-1.55423	620	310
-1.53346	620	310
-1.50017	620	310
-1.53169	620	310
-1.49892	620	310
-1.49652	620	310
-1.55945	620	310
-1.52209	620	310
-1.54986	620	310
-1.53304	620	310
-1.52654	620	310
-1.52661	620	310
-1.49882	620	310
-1.4971	620	310
-1.49509	620	310
-1.49659	620	310
-1.50083	620	310
-1.51246	620	310
-1.49795	620	310
-1.50208	620	310
-1.52736	620	310
-1.52546	620	310
-1.56189	620	310
-1.50457	620	310
-1.49512	620	310
-1.55959	620	310
-1.50096	620	310
-1.5037	620	310
-1.4999	620	310
-1.54625	620	310
-1.54979	620	310
-1.49913	620	310
-1.53093	620	310
-1.49816	620	310
-1.49578	620	310
-1.50075	620	310
-1.49732	620	310
-1.49697	620	310
-1.52217	620	310
-1.49931	620	310
-1.49664	620	310
-1.50065	620	310
-1.54677	620	310
-1.50031	620	310
-1.49856	620	310
-1.54237	620	310
-1.49956	620	310
-1.49941	620	310
-1.49947	620	310
-1.4966	620	310
-1.53287	620	310
-1.49509	620	310
-1.52399	620	310
-1.49626	620	310
-1.49989	620	310
-1.55065	620	310
-1.49538	620	310
-1.5077	620	310
-1.55725	620	310
-1.50154	620	310
-1.53149	620	310
-1.50242	620	310
-1.50065	620	310
-1.49744	620	310
-1.50103	620	310
-1.53948	620	310
-1.51565	620	310
-1.4973	620	310
-1.49957	620	310
-1.49931	620	310
-1.52166	620	310
-1.55959	620	310
-1.50192	620	310
-1.50105	620	310
-1.49615	620	310
-1.50592	620	310
-1.50074	620	310
-1.49977	620	310
-1.5019	620	310
-1.49758	620	310
-1.49723	620	310
-1.49865	620	310
-1.54009	620	310
-1.52875	620	310
-1.5562	620	310
-1.50051	620	310
-1.52166	620	310
-1.49906	620	310
-1.49803	620	310
-1.50037	620	310
-1.49816	620	310
-1.52008	620	310
-1.49871	620	310
-1.49783	620	310
-1.55468	620	310
-1.54249	620	310
-1.49991	620	310
-1.50211	620	310
-1.49956	620	310
-1.49858	620	310
-1.53991	620	310
-1.49831	620	310
-1.49973	620	310
-1.56263	620	310
-1.49888	620	310
-1.50103	620	310
-1.49773	620	310
-1.54146	620	310
-1.49753	620	310
-1.49923	620	310
-1.49798	620	310
-1.50624	620	310
-1.49825	620	310
-1.51945	620	310
-1.49987	620	310
-1.49681	620	310
-1.49873	620	310
-1.51471	620	310
-1.49811	620	310
-1.49859	620	310
-1.49912	620	310
-1.49931	620	310
-1.49765	620	310
-1.4987	620	310
-1.53639	620	310
-1.55786	620	310
-1.5025	620	310
-1.56107	620	310
-1.54788	620	310
-1.4976	620	310
-1.49738	620	310
-1.4993	620	310
-1.50052	620	310
-1.49964	620	310
-1.49845	620	310
-1.53467	620	310
-1.49773	620	310
-1.50092	620	310
-1.53781	620	310
-1.49949	620	310
-1.50087	620	310
-1.49958	620	310
-1.49951	620	310
-1.50234	620	310
-1.54766	620	310
-1.49943	620	310
-1.55297	620	310
-1.56003	620	310
-1.50653	620	310
-1.5033	620	310
-1.55564	620	310
-1.49693	620	310
-1.5347	620	310
-1.49984	620	310
-1.50455	620	310
-1.56475	620	310
-1.54164	620	310
-1.54052	620	310
-1.49875	620	310
-1.51433	620	310
-1.50133	620	310
-1.55807	620	310
-1.50264	620	310
-1.52129	620	310
-1.55503	620	310
-1.49475	620	310
-1.49746	620	310
-1.49947	620	310
-1.50323	620	310
-1.49787	620	310
-1.49829	620	310
-1.52152	620	310
-1.55539	620	310
-1.49899	620	310
-1.50761	620	310
-1.49709	620	310
-1.49796	620	310
-1.49794	620	310
-1.52774	620	310
-1.49749	620	310
-1.49901	620	310
-1.508	620	310
-1.52378	620	310
-1.49999	620	310
-1.53676	620	310
-1.55626	620	310
-1.49693	620	310
-1.5001	620	310
-1.5412	620	310
-1.50172	620	310
-1.49986	620	310
-1.5001	620	310
-1.49898	620	310
-1.50018	620	310
-1.49765	620	310
-1.49767	620	310
-1.55162	620	310
-1.54677	620	310
-1.50343	620	310
-1.50127	620	310
-1.49902	620	310
-1.50137	620	310
-1.49866	620	310
-1.49892	620	310
-1.50083	620	310
-1.55028	620	310
-1.49944	620	310
-1.49965	620	310
-1.50014	620	310
-1.4979	620	310
-1.55368	620	310
-1.51639	620	310
-1.5602	620	310
-1.5011	620	310
-1.5549	620	310
-1.49623	620	310
-1.50179	620	310
-1.53985	620	310
-1.49879	620	310
-1.49946	620	310
-1.55187	620	310
-1.49933	620	310
-1.50511	620	310
-1.50341	620	310
-1.53323	620	310
-1.49767	620	310
-1.50065	620	310
-1.49728	620	310
-1.50109	620	310
-1.54177	620	310
-1.50213	620	310
-1.52551	620	310
-1.50006	620	310
-1.49958	620	310
-1.50173	620	310
-1.55718	620	310
-1.50164	620	310
-1.5426	620	310
-1.50206	620	310
-1.49938	620	310
-1.49886	620	310
-1.49828	620	310
-1.49909	620	310
-1.5012	620	310
-1.49973	620	310
-1.5581	620	310
-1.50225	620	310
-1.499	620	310
-1.4982	620	310
-1.51386	620	310
-1.49925	620	310
-1.52186	620	310
-1.54641	620	310
-1.55758	620	310
-1.55305	620	310
-1.49994	620	310
-1.49598	620	310
-1.51989	620	310
-1.54802	620	310
-1.51056	620	310
-1.50468	620	310
-1.50646	620	310
-1.50121	620	310
-1.49807	620	310
-1.51998	620	310
-1.50247	620	310
-1.55612	620	310
-1.50086	620	310
-1.50661	620	310
-1.49881	620	310
-1.53902	620	310
-1.50076	620	310
-1.49753	620	310
-1.4989	620	310
-1.49812	620	310
-1.49846	620	310
-1.49731	620	310
-1.53928	620	310
-1.49981	620	310
-1.50098	620	310
-1.49935	620	310
-1.52607	620	310
-1.52231	620	310
-1.49857	620	310
-1.50055	620	310
-1.50204	620	310
-1.52538	620	310
-1.5022	620	310
-1.49923	620	310
-1.503	620	310
-1.4964	620	310
-1.50323	620	310
-1.55182	620	310
-1.50204	620	310
-1.55666	620	310
-1.4946	620	310
-1.5596	620	310
-1.49517	620	310
-1.56037	620	310
-1.49925	620	310
-1.49809	620	310
-1.50285	620	310
-1.53939	620	310
-1.49795	620	310
-1.55658	620	310
-1.50312	620	310
-1.49943	620	310
-1.50329	620	310
-1.49846	620	310
-1.49858	620	310
-1.55314	620	310
-1.49986	620	310
-1.50034	620	310
-1.49768	620	310
-1.49775	620	310
-1.49965	620	310
-1.49554	620	310
-1.49894	620	310
-1.56349	620	310
-1.50009	620	310
-1.53595	620	310
-1.49896	620	310
-1.54899	620	310
-1.49964	620	310
-1.49888	620	310
-1.49846	620	310
-1.55424	620	310
-1.50017	620	310
-1.49976	620	310
-1.53328	620	310
-1.49578	620	310
-1.51842	620	310
-1.50835	620	310
-1.50027	620	310
-1.49918	620	310
-1.50155	620	310
-1.55391	620	310
-1.55255	620	310
-1.49855	620	310
-1.561	620	310
-1.49898	620	310
-1.54407	620	310
-1.50146	620	310
-1.54723	620	310
-1.54398	620	310
-1.50772	620	310
-1.55741	620	310
-1.54488	620	310
-1.49855	620	310
-1.49926	620	310
-1.55238	620	310
-1.5397	620	310
-1.55297	620	310
-1.50071	620	310
-1.50403	620	310
-1.49712	620	310
-1.49904	620	310
-1.55754	620	310
-1.49616	620	310
-1.50094	620	310
-1.49757	620	310
-1.55217	620	310
-1.55577	620	310
-1.49899	620	310
-1.51551	620	310
-1.49977	620	310
-1.49868	620	310
-1.54253	620	310
-1.49778	620	310
-1.52045	620	310
-1.50109	620	310
-1.49852	620	310
-1.50074	620	310
-1.50837	620	310
-1.52154	620	310
-1.50045	620	310
-1.55059	620	310
-1.5256	620	310
-1.50536	620	310
-1.4972	620	310
-1.5563	620	310
-1.50117	620	310
-1.55654	620	310
-1.50129	620	310
-1.54946	620	310
-1.51246	620	310
-1.55153	620	310
-1.4968	620	310
-1.54595	620	310
-1.49848	620	310
-1.49967	620	310
-1.49829	620	310
-1.56044	620	310
-1.49756	620	310
-1.50164	620	310
-1.54863	620	310
-1.49808	620	310
-1.54503	620	310
-1.49575	620	310
-1.49787	620	310
-1.4999	620	310
-1.54788	620	310
-1.49906	620	310
-1.49901	620	310
-1.55122	620	310
-1.55819	620	310
-1.49875	620	310
-1.56079	620	310
-1.49183	620	310
-1.49744	620	310
-1.54092	620	310
-1.51998	620	310
-1.53673	620	310
-1.50145	620	310
-1.49845	620	310
-1.52126	620	310
-1.50038	620	310
-1.52801	620	310
-1.49354	620	310
-1.50177	620	310
-1.49626	620	310
-1.53902	620	310
-1.55477	620	310
-1.49629	620	310
-1.49436	620	310
-1.53465	620	310
-1.49966	620	310
-1.49981	620	310
-1.4998	620	310
-1.51501	620	310
-1.50005	620	310
-1.56347	620	310
-1.54994	620	310
-1.49895	620	310
-1.55567	620	310
-1.53939	620	310
-1.50195	620	310
-1.51312	620	310
-1.53071	620	310
-1.53488	620	310
-1.50049	620	310
-1.49741	620	310
-1.50043	620	310
-1.49733	620	310
-1.5004	620	310
-1.53043	620	310
-1.50263	620	310
-1.51064	620	310
-1.55513	620	310
-1.50044	620	310
-1.51991	620	310
-1.49804	620	310
-1.5362	620	310
-1.4992	620	310
-1.50043	620	310
-1.50072	620	310
-1.49902	620	310
-1.50058	620	310
-1.50672	620	310
-1.50165	620	310
-1.5009	620	310
-1.49971	620	310
-1.5465	620	310
-1.54068	620	310
-1.49153	620	310
-1.5038	620	310
-1.52054	620	310
-1.4976	620	310
-1.53277	620	310
-1.4957	620	310
-1.49893	620	310
-1.49986	620	310
-1.52452	620	310
-1.49811	620	310
-1.50011	620	310
-1.53916	620	310
-1.49829	620	310
-1.53446	620	310
-1.49976	620	310
-1.50122	620	310
-1.50031	620	310
-1.49945	620	310
-1.49404	620	310
-1.54358	620	310
-1.55375	620	310
-1.49903	620	310
-1.49497	620	310
-1.5189	620	310
-1.54667	620	310
-1.52745	620	310
-1.50115	620	310
-1.49896	620	310
-1.49953	620	310
-1.49864	620	310
-1.49811	620	310
-1.55239	620	310
-1.4962	620	310
-1.51559	620	310
-1.49217	620	310
-1.50043	620	310
-1.49813	620	310
-1.51963	620	310
-1.54621	620	310
-1.4988	620	310
-1.49942	620	310
-1.55331	620	310
-1.55785	620	310
-1.4979	620	310
-1.49774	620	310
-1.50243	620	310
-1.54575	620	310
-1.5575	620	310
-1.53992	620	310
-1.55728	620	310
-1.5538	620	310
-1.55913	620	310
-1.49731	620	310
-1.50023	620	310
-1.5607	620	310
-1.52621	620	310
-1.54184	620	310
-1.49428	620	310
-1.56056	620	310
-1.49753	620	310
-1.49979	620	310
-1.55338	620	310
-1.49888	620	310
-1.50235	620	310
-1.50097	620	310
-1.50091	620	310
-1.49735	620	310
-1.4973	620	310
-1.52875	620	310
-1.53257	620	310
-1.495	620	310
-1.53679	620	310
-1.50124	620	310
-1.55975	620	310
-1.53937	620	310
-1.49958	620	310
-1.5007	620	310
-1.50134	620	310
-1.50004	620	310
-1.4988	620	310
-1.50016	620	310
-1.50376	620	310
-1.51444	620	310
-1.552	620	310
-1.5004	620	310
-1.50188	620	310
-1.53354	620	310
-1.50098	620	310
-1.56034	620	310
-1.55532	620	310
-1.50228	620	310
-1.50011	620	310
-1.49803	620	310
-1.54059	620	310
-1.52414	620	310
-1.55223	620	310
-1.52172	620	310
-1.54469	620	310
-1.52843	620	310
-1.50088	620	310
-1.50105	620	310
-1.53514	620	310
-1.55102	620	310
-1.49907	620	310
-1.50302	620	310
-1.49553	620	310
-1.50083	620	310
-1.49884	620	310
-1.54515	620	310
-1.55754	620	310
-1.50214	620	310
-1.51651	620	310
-1.51234	620	310
-1.56159	620	310
-1.49856	620	310
-1.49843	620	310
-1.49773	620	310
-1.53422	620	310
-1.55754	620	310
-1.50056	620	310
-1.49729	620	310
-1.50003	620	310
-1.49973	620	310
-1.49851	620	310
-1.50034	620	310
-1.56069	620	310
-1.49978	620	310
-1.49513	620	310
-1.49898	620	310
-1.50014	620	310
-1.50311	620	310
-1.53027	620	310
-1.55832	620	310
-1.55392	620	310
-1.54596	620	310
-1.50801	620	310
-1.50166	620	310
-1.49946	620	310
-1.54596	620	310
-1.49937	620	310
-1.50107	620	310
-1.5245	620	310
-1.52286	620	310
-1.49999	620	310
-1.50222	620	310
-1.499	620	310
-1.50231	620	310
-1.54581	620	310
-1.49605	620	310
-1.51445	620	310
-1.49915	620	310
-1.49923	620	310
-1.55089	620	310
-1.55387	620	310
-1.49752	620	310
-1.49685	620	310
-1.50053	620	310
-1.51483	620	310
-1.51003	620	310
-1.50154	620	310
-1.50131	620	310
-1.49905	620	310
-1.49885	620	310
-1.49788	620	310
-1.49795	620	310
-1.51644	620	310
-1.53774	620	310
-1.49924	620	310
-1.54792	620	310
-1.49988	620	310
-1.52195	620	310
-1.5596	620	310
-1.55021	620	310
-1.54393	620	310
-1.52221	620	310
-1.49832	620	310
-1.53038	620	310
-1.49675	620	310
-1.50231	620	310
-1.55626	620	310
-1.49973	620	310
-1.49987	620	310
-1.52416	620	310
-1.56119	620	310
-1.4982	620	310
-1.52788	620	310
-1.54128	620	310
-1.49706	620	310
-1.49851	620	310
-1.51788	620	310
-1.50347	620	310
-1.50067	620	310
-1.49447	620	310
-1.50283	620	310
-1.51104	620	310
-1.50139	620	310
-1.52461	620	310
-1.49722	620	310
-1.55593	620	310
-1.53226	620	310
-1.49905	620	310
-1.50366	620	310
-1.49871	620	310
-1.52768	620	310
-1.49718	620	310
-1.50214	620	310
-1.49643	620	310
-1.50041	620	310
-1.50946	620	310
-1.50114	620	310
-1.5436	620	310
-1.56045	620	310
-1.49632	620	310
-1.5373	620	310
-1.5477	620	310
-1.50028	620	310
-1.5023	620	310
-1.55386	620	310
-1.53911	620	310
-1.49974	620	310
-1.4992	620	310
-1.49821	620	310
-1.5229	620	310
-1.50713	620	310
-1.54327	620	310
-1.5022	620	310
-1.51054	620	310
-1.4997	620	310
-1.50087	620	310
-1.49698	620	310
-1.50059	620	310
-1.50018	620	310
-1.5112	620	310
-1.49968	620	310
-1.50022	620	310
-1.49953	620	310
-1.52405	620	310
-1.53142	620	310
-1.50018	620	310
-1.50191	620	310
-1.52052	620	310
-1.51772	620	310
-1.49802	620	310
-1.50034	620	310
-1.50127	620	310
-1.50273	620	310
-1.49773	620	310
-1.50236	620	310
-1.54044	620	310
-1.50001	620	310
-1.50962	620	310
-1.49862	620	310
-1.49928	620	310
-1.4993	620	310
-1.49778	620	310
-1.54511	620	310
-1.55512	620	310
-1.5485	620	310
-1.4974	620	310
-1.50198	620	310
-1.49853	620	310
-1.55537	620	310
-1.49929	620	310
-1.4976	620	310
-1.50269	620	310
-1.50043	620	310
-1.5078	620	310
-1.49915	620	310
-1.49829	620	310
-1.51959	620	310
-1.53981	620	310
-1.49934	620	310
-1.49779	620	310
-1.50105	620	310
-1.49744	620	310
-1.5332	620	310
-1.50012	620	310
-1.50096	620	310
-1.50007	620	310
-1.49665	620	310
-1.49952	620	310
-1.54957	620	310
-1.49992	620	310
-1.50012	620	310
-1.49928	620	310
-1.49886	620	310
-1.51327	620	310
-1.4985	620	310
-1.50078	620	310
-1.49984	620	310
-1.54197	620	310
-1.51015	620	310
-1.501	620	310
-1.5178	620	310
-1.49972	620	310
-1.4988	620	310
-1.49836	620	310
-1.52121	620	310
-1.51258	620	310
-1.54275	620	310
-1.5608	620	310
-1.53272	620	310
-1.50603	620	310
-1.49765	620	310
-1.49932	620	310
-1.5517	620	310
-1.54809	620	310
-1.49958	620	310
-1.49824	620	310
-1.54578	620	310
-1.50608	620	310
-1.49907	620	310
-1.49669	620	310
-1.49815	620	310
-1.49876	620	310
-1.5454	620	310
-1.49972	620	310
-1.51269	620	310
-1.55172	620	310
-1.4974	620	310
-1.50285	620	310
-1.52095	620	310
-1.49841	620	310
-1.55552	620	310
-1.54797	620	310
-1.50032	620	310
-1.54171	620	310
-1.499	620	310
-1.55709	620	310
-1.50044	620	310
-1.55494	620	310
-1.50829	620	310
-1.55138	620	310
-1.4999	620	310
-1.50028	620	310
-1.54251	620	310
-1.55545	620	310
-1.50051	620	310
-1.5473	620	310
-1.50199	620	310
-1.49903	620	310
-1.49957	620	310
-1.49983	620	310
-1.50035	620	310
-1.54081	620	310
-1.49853	620	310
-1.55369	620	310
-1.50219	620	310
-1.49925	620	310
-1.49879	620	310
-1.49257	620	310
-1.55236	620	310
-1.50108	620	310
-1.53918	620	310
-1.50864	620	310
-1.49853	620	310
-1.50125	620	310
-1.51796	620	310
-1.54961	620	310
-1.55529	620	310
-1.5211	620	310
-1.49957	620	310
-1.54723	620	310
-1.49842	620	310
-1.49945	620	310
-1.49716	620	310
-1.50119	620	310
-1.50123	620	310
-1.55549	620	310
-1.49714	620	310
-1.53403	620	310
-1.49833	620	310
-1.50023	620	310
-1.49954	620	310
-1.4995	620	310
-1.54286	620	310
-1.49783	620	310
-1.5013	620	310
-1.54664	620	310
-1.51084	620	310
-1.54116	620	310
-1.50136	620	310
-1.50063	620	310
-1.54285	620	310
-1.49774	620	310
-1.49884	620	310
-1.50108	620	310
-1.4996	620	310
-1.49605	620	310
-1.49924	620	310
-1.49843	620	310
-1.54833	620	310
-1.5501	620	310
-1.50119	620	310
-1.49556	620	310
-1.49975	620	310
-1.55278	620	310
-1.49837	620	310
-1.51448	620	310
-1.50232	620	310
-1.55634	620	310
-1.53302	620	310
-1.49938	620	310
-1.54398	620	310
-1.56014	620	310
-1.51825	620	310
-1.55704	620	310
-1.49619	620	310
-1.49736	620	310
-1.52225	620	310
-1.53471	620	310
