-1.520095	632	316
-1.525374	632	316
-1.499684	632	316
-1.503918	632	316
-1.54956	632	316
-1.4983	632	316
-1.49397	632	316
-1.525758	632	316
-1.555194	632	316
-1.49837	632	316
-1.503164	632	316
-1.498901	632	316
-1.53705	632	316
-1.499146	632	316
-1.509772	632	316
-1.554947	632	316
-1.548966	632	316
-1.526805	632	316
-1.531686	632	316
-1.534618	632	316
-1.499965	632	316
-1.49863	632	316
-1.519988	632	316
-1.503568	632	316
-1.499326	632	316
-1.500089	632	316
-1.559394	632	316
-1.503667	632	316
-1.500004	632	316
-1.499186	632	316
-1.545529	632	316
-1.499129	632	316
-1.530717	632	316
-1.49877	632	316
-1.497931	632	316
-1.499903	632	316
-1.507038	632	316
-1.498678	632	316
-1.552647	632	316
-1.499895	632	316
-1.508681	632	316
-1.503572	632	316
-1.498336	632	316
-1.496851	632	316
-1.506054	632	316
-1.559179	632	316
-1.550762	632	316
-1.518711	632	316
-1.520491	632	316
-1.500215	632	316
-1.544717	632	316
-1.499652	632	316
-1.500485	632	316
-1.548613	632	316
-1.558954	632	316
-1.544227	632	316
-1.537737	632	316
-1.49928	632	316
-1.516275	632	316
-1.506279	632	316
-1.52337	632	316
-1.516563	632	316
-1.548765	632	316
-1.499399	632	316
-1.531585	632	316
-1.505212	632	316
-1.509542	632	316
-1.4992	632	316
-1.499335	632	316
-1.499673	632	316
-1.500421	632	316
-1.555491	632	316
-1.549118	632	316
-1.498684	632	316
-1.558639	632	316
-1.517673	632	316
-1.538833	632	316
-1.499647	632	316
-1.556616	632	316
-1.550013	632	316
-1.542726	632	316
-1.559496	632	316
-1.500324	632	316
-1.498773	632	316
-1.555425	632	316
-1.500587	632	316
-1.516976	632	316
-1.49855	632	316
-1.499691	632	316
-1.503167	632	316
-1.499813	632	316
-1.553465	632	316
-1.545733	632	316
-1.500651	632	316
-1.514858	632	316
-1.505864	632	316
-1.546524	632	316
-1.500067	632	316
-1.499651	632	316
-1.541259	632	316
-1.499471	632	316
-1.499465	632	316
-1.499626	632	316
-1.500358	632	316
-1.521428	632	316
-1.555245	632	316
-1.539475	632	316
-1.499212	632	316
-1.499302	632	316
-1.498871	632	316
-1.50137	632	316
-1.519229	632	316
-1.508483	632	316
-1.500258	632	316
-1.504169	632	316
-1.55782	632	316
-1.500392	632	316
-1.499747	632	316
-1.499049	632	316
-1.522502	632	316
-1.499705	632	316
-1.533261	632	316
-1.498963	632	316
-1.542688	632	316
-1.499133	632	316
-1.535032	632	316
-1.500333	632	316
-1.542508	632	316
-1.500713	632	316
-1.524223	632	316
-1.49628	632	316
-1.500331	632	316
-1.497308	632	316
-1.499119	632	316
-1.499627	632	316
-1.500221	632	316
-1.500396	632	316
-1.499783	632	316
-1.499302	632	316
-1.561476	632	316
-1.499195	632	316
-1.543023	632	316
-1.544801	632	316
-1.551813	632	316
-1.49883	632	316
-1.499438	632	316
-1.498039	632	316
-1.49996	632	316
-1.499767	632	316
-1.498964	632	316
-1.49832	632	316
-1.551048	632	316
-1.5003	632	316
-1.498494	632	316
-1.499734	632	316
-1.500191	632	316
-1.498685	632	316
-1.499352	632	316
-1.517084	632	316
-1.498793	632	316
-1.510617	632	316
-1.504703	632	316
-1.55945	632	316
-1.499071	632	316
-1.552775	632	316
-1.540428	632	316
-1.547321	632	316
-1.546382	632	316
-1.545338	632	316
-1.549166	632	316
-1.499626	632	316
-1.500159	632	316
-1.556389	632	316
-1.49974	632	316
-1.540416	632	316
-1.499192	632	316
-1.539585	632	316
-1.500404	632	316
-1.518215	632	316
-1.553754	632	316
-1.500716	632	316
-1.523205	632	316
-1.49988	632	316
-1.518517	632	316
-1.554756	632	316
-1.49703	632	316
-1.499951	632	316
-1.527546	632	316
-1.541818	632	316
-1.546966	632	316
-1.499669	632	316
-1.526181	632	316
-1.498235	632	316
-1.526837	632	316
-1.499463	632	316
-1.508026	632	316
-1.558479	632	316
-1.560508	632	316
-1.500021	632	316
-1.498846	632	316
-1.547577	632	316
-1.527869	632	316
-1.500174	632	316
-1.524802	632	316
-1.49626	632	316
-1.504442	632	316
-1.499005	632	316
-1.500444	632	316
-1.496709	632	316
-1.550672	632	316
-1.531032	632	316
-1.500754	632	316
-1.531484	632	316
-1.530146	632	316
-1.501012	632	316
-1.538523	632	316
-1.498956	632	316
-1.500639	632	316
-1.558199	632	316
-1.533729	632	316
-1.499064	632	316
-1.499542	632	316
-1.550992	632	316
-1.499377	632	316
-1.498797	632	316
-1.554824	632	316
-1.498949	632	316
-1.497711	632	316
-1.499837	632	316
-1.500588	632	316
-1.520402	632	316
-1.504391	632	316
-1.498768	632	316
-1.52984	632	316
-1.550724	632	316
-1.554548	632	316
-1.499332	632	316
-1.545169	632	316
-1.499165	632	316
-1.49938	632	316
-1.49741	632	316
-1.513275	632	316
-1.499928	632	316
-1.498954	632	316
-1.526961	632	316
-1.500699	632	316
-1.502103	632	316
-1.498796	632	316
-1.547705	632	316
-1.538052	632	316
-1.551404	632	316
-1.56161	632	316
-1.558202	632	316
-1.514266	632	316
-1.499849	632	316
-1.558786	632	316
-1.498947	632	316
-1.499988	632	316
-1.499042	632	316
-1.547137	632	316
-1.50016	632	316
-1.559568	632	316
-1.508629	632	316
-1.498338	632	316
-1.499908	632	316
-1.498285	632	316
-1.498811	632	316
-1.53271	632	316
-1.504985	632	316
-1.546712	632	316
-1.534965	632	316
-1.49842	632	316
-1.546543	632	316
-1.499333	632	316
-1.540238	632	316
-1.499224	632	316
-1.514009	632	316
-1.499236	632	316
-1.52859	632	316
-1.527168	632	316
-1.49864	632	316
-1.520915	632	316
-1.544713	632	316
-1.499218	632	316
-1.501342	632	316
-1.500316	632	316
-1.499574	632	316
-1.49935	632	316
-1.504561	632	316
-1.499693	632	316
-1.498698	632	316
-1.498682	632	316
-1.499758	632	316
-1.499497	632	316
-1.500494	632	316
-1.500319	632	316
-1.499242	632	316
-1.501958	632	316
-1.499384	632	316
-1.555685	632	316
-1.554707	632	316
-1.499725	632	316
-1.497112	632	316
-1.554848	632	316
-1.502413	632	316
-1.536967	632	316
-1.526274	632	316
-1.555477	632	316
-1.533102	632	316
-1.500218	632	316
-1.555219	632	316
-1.499603	632	316
-1.542829	632	316
-1.498701	632	316
-1.532894	632	316
-1.535844	632	316
-1.4991	632	316
-1.500365	632	316
-1.533904	632	316
-1.508251	632	316
-1.536758	632	316
-1.499494	632	316
-1.528779	632	316
-1.551499	632	316
-1.50024	632	316
-1.499711	632	316
-1.548123	632	316
-1.499762	632	316
-1.55639	632	316
-1.523574	632	316
-1.525746	632	316
-1.499143	632	316
-1.552218	632	316
-1.497475	632	316
-1.49911	632	316
-1.497897	632	316
-1.499566	632	316
-1.502458	632	316
-1.555447	632	316
-1.497151	632	316
-1.545806	632	316
-1.499168	632	316
-1.505216	632	316
-1.499381	632	316
-1.505287	632	316
-1.4999	632	316
-1.508889	632	316
-1.522867	632	316
-1.498821	632	316
-1.551101	632	316
-1.548216	632	316
-1.499436	632	316
-1.536201	632	316
-1.50078	632	316
-1.557782	632	316
-1.499596	632	316
-1.499757	632	316
-1.554172	632	316
-1.498911	632	316
-1.500002	632	316
-1.500203	632	316
-1.54405	632	316
-1.499033	632	316
-1.499655	632	316
-1.515584	632	316
-1.51853	632	316
-1.536905	632	316
-1.499432	632	316
-1.525939	632	316
-1.558238	632	316
-1.500002	632	316
-1.499563	632	316
-1.525213	632	316
-1.543985	632	316
-1.499243	632	316
-1.51753	632	316
-1.546575	632	316
-1.497743	632	316
-1.499661	632	316
-1.499984	632	316
-1.51619	632	316
-1.556558	632	316
-1.554337	632	316
-1.499735	632	316
-1.498041	632	316
-1.498947	632	316
-1.503373	632	316
-1.533802	632	316
-1.497319	632	316
-1.525934	632	316
-1.499681	632	316
-1.529907	632	316
-1.50483	632	316
-1.498991	632	316
-1.500357	632	316
-1.54983	632	316
-1.499145	632	316
-1.499585	632	316
-1.498695	632	316
-1.499035	632	316
-1.499244	632	316
-1.541268	632	316
-1.53404	632	316
-1.500068	632	316
-1.499839	632	316
-1.535429	632	316
-1.554443	632	316
-1.498976	632	316
-1.499518	632	316
-1.532498	632	316
-1.49923	632	316
-1.499887	632	316
-1.550248	632	316
-1.53188	632	316
-1.4973	632	316
-1.528442	632	316
-1.499735	632	316
-1.498395	632	316
-1.500817	632	316
-1.546457	632	316
-1.49987	632	316
-1.499722	632	316
-1.499484	632	316
-1.506851	632	316
-1.499401	632	316
-1.500475	632	316
-1.498305	632	316
-1.498977	632	316
-1.499731	632	316
-1.499166	632	316
-1.514244	632	316
-1.499273	632	316
-1.535288	632	316
-1.538312	632	316
-1.49995	632	316
-1.542225	632	316
-1.497069	632	316
-1.560468	632	316
-1.559728	632	316
-1.498956	632	316
-1.498972	632	316
-1.541484	632	316
-1.526829	632	316
-1.506233	632	316
-1.499167	632	316
-1.540508	632	316
-1.555475	632	316
-1.499096	632	316
-1.498858	632	316
-1.499681	632	316
-1.545485	632	316
-1.500286	632	316
-1.50821	632	316
-1.498722	632	316
-1.546449	632	316
-1.498708	632	316
-1.534447	632	316
-1.499442	632	316
-1.517572	632	316
-1.499184	632	316
-1.498479	632	316
-1.500199	632	316
-1.499845	632	316
-1.517794	632	316
-1.50033	632	316
-1.498597	632	316
-1.499998	632	316
-1.54671	632	316
-1.50009	632	316
-1.540197	632	316
-1.499502	632	316
-1.531108	632	316
-1.496827	632	316
-1.555126	632	316
-1.500232	632	316
-1.552291	632	316
-1.497467	632	316
-1.497163	632	316
-1.497946	632	316
-1.499505	632	316
-1.514286	632	316
-1.500619	632	316
-1.538097	632	316
-1.498268	632	316
-1.552308	632	316
-1.500552	632	316
-1.545068	632	316
-1.499534	632	316
-1.500326	632	316
-1.499825	632	316
-1.500063	632	316
-1.520437	632	316
-1.499796	632	316
-1.559098	632	316
-1.515808	632	316
-1.499376	632	316
-1.499598	632	316
-1.521666	632	316
-1.531892	632	316
-1.498626	632	316
-1.547813	632	316
-1.499384	632	316
-1.498489	632	316
-1.550416	632	316
-1.539564	632	316
-1.499305	632	316
-1.499005	632	316
-1.499299	632	316
-1.499173	632	316
-1.525756	632	316
-1.503019	632	316
-1.552682	632	316
-1.499372	632	316
-1.499889	632	316
-1.501332	632	316
-1.538133	632	316
-1.499012	632	316
-1.556199	632	316
-1.499157	632	316
-1.499817	632	316
-1.499618	632	316
-1.494302	632	316
-1.49874	632	316
-1.540836	632	316
-1.499314	632	316
-1.54846	632	316
-1.501225	632	316
-1.499256	632	316
-1.498003	632	316
-1.499831	632	316
-1.499518	632	316
-1.49752	632	316
-1.558493	632	316
-1.551065	632	316
-1.511528	632	316
-1.499685	632	316
-1.557189	632	316
-1.500065	632	316
-1.554362	632	316
-1.506357	632	316
-1.494816	632	316
-1.498027	632	316
-1.559162	632	316
-1.547198	632	316
-1.499221	632	316
-1.498551	632	316
-1.497678	632	316
-1.499527	632	316
-1.521697	632	316
-1.500308	632	316
-1.51418	632	316
-1.500307	632	316
-1.498782	632	316
-1.503376	632	316
-1.535205	632	316
-1.542162	632	316
-1.498908	632	316
-1.554568	632	316
-1.547649	632	316
-1.504959	632	316
-1.551504	632	316
-1.499747	632	316
-1.49955	632	316
-1.498682	632	316
-1.517543	632	316
-1.496799	632	316
-1.538901	632	316
-1.556107	632	316
-1.499319	632	316
-1.498581	632	316
-1.558918	632	316
-1.556312	632	316
-1.499705	632	316
-1.501704	632	316
-1.505362	632	316
-1.558122	632	316
-1.499223	632	316
-1.500737	632	316
-1.499667	632	316
-1.501641	632	316
-1.552312	632	316
-1.500908	632	316
-1.498995	632	316
-1.499051	632	316
-1.499989	632	316
-1.550177	632	316
-1.556687	632	316
-1.505013	632	316
-1.550863	632	316
-1.523798	632	316
-1.499625	632	316
-1.500144	632	316
-1.499434	632	316
-1.497806	632	316
-1.560202	632	316
-1.500678	632	316
-1.528113	632	316
-1.550363	632	316
-1.541577	632	316
-1.499562	632	316
-1.498956	632	316
-1.529905	632	316
-1.50023	632	316
-1.49942	632	316
-1.498734	632	316
-1.500698	632	316
-1.499729	632	316
-1.499907	632	316
-1.499338	632	316
-1.49892	632	316
-1.551844	632	316
-1.50016	632	316
-1.497066	632	316
-1.499486	632	316
-1.516509	632	316
-1.545777	632	316
-1.533084	632	316
-1.545014	632	316
-1.543186	632	316
-1.499306	632	316
-1.499277	632	316
-1.51344	632	316
-1.559641	632	316
-1.555419	632	316
-1.499352	632	316
-1.494927	632	316
-1.498767	632	316
-1.498545	632	316
-1.499334	632	316
-1.499749	632	316
-1.499776	632	316
-1.545155	632	316
-1.500034	632	316
-1.499671	632	316
-1.49979	632	316
-1.49832	632	316
-1.498324	632	316
-1.498658	632	316
-1.554454	632	316
-1.542613	632	316
-1.499196	632	316
-1.54245	632	316
-1.49959	632	316
-1.505034	632	316
-1.500055	632	316
-1.500536	632	316
-1.498966	632	316
-1.547188	632	316
-1.498533	632	316
-1.539413	632	316
-1.498637	632	316
-1.49821	632	316
-1.498066	632	316
-1.500067	632	316
-1.499786	632	316
-1.499895	632	316
-1.498691	632	316
-1.499378	632	316
-1.499605	632	316
-1.499331	632	316
-1.506138	632	316
-1.499319	632	316
-1.531868	632	316
-1.539278	632	316
-1.541028	632	316
-1.550014	632	316
-1.499368	632	316
-1.547953	632	316
-1.552072	632	316
-1.503787	632	316
-1.499013	632	316
-1.495619	632	316
-1.52385	632	316
-1.50037	632	316
-1.539172	632	316
-1.559801	632	316
-1.548367	632	316
-1.549267	632	316
-1.499977	632	316
-1.500021	632	316
-1.500534	632	316
-1.500491	632	316
-1.505705	632	316
-1.499559	632	316
-1.527929	632	316
-1.499977	632	316
-1.529148	632	316
-1.543941	632	316
-1.500176	632	316
-1.531871	632	316
-1.499117	632	316
-1.561001	632	316
-1.541565	632	316
-1.499628	632	316
-1.499985	632	316
-1.49816	632	316
-1.501835	632	316
-1.556207	632	316
-1.555608	632	316
-1.50065	632	316
-1.521772	632	316
-1.534581	632	316
-1.49749	632	316
-1.533831	632	316
-1.552339	632	316
-1.559049	632	316
-1.500138	632	316
-1.50094	632	316
-1.547414	632	316
-1.500022	632	316
-1.497906	632	316
-1.546421	632	316
-1.543418	632	316
-1.49941	632	316
-1.499523	632	316
-1.506069	632	316
-1.499307	632	316
-1.499485	632	316
-1.499023	632	316
-1.522678	632	316
-1.546824	632	316
-1.49988	632	316
-1.501228	632	316
-1.500986	632	316
-1.499029	632	316
-1.497632	632	316
-1.500364	632	316
-1.546494	632	316
-1.542474	632	316
-1.549774	632	316
-1.497782	632	316
-1.556833	632	316
-1.499335	632	316
-1.498962	632	316
-1.561318	632	316
-1.512689	632	316
-1.532172	632	316
-1.499457	632	316
-1.534044	632	316
-1.499616	632	316
-1.536592	632	316
-1.508354	632	316
-1.500156	632	316
-1.535722	632	316
-1.501249	632	316
-1.498989	632	316
-1.499776	632	316
-1.50442	632	316
-1.499758	632	316
-1.555151	632	316
-1.500026	632	316
-1.499883	632	316
-1.555356	632	316
-1.499811	632	316
-1.496122	632	316
-1.498207	632	316
-1.529539	632	316
-1.558584	632	316
-1.556035	632	316
-1.499223	632	316
-1.554108	632	316
-1.500015	632	316
-1.499133	632	316
-1.54167	632	316
-1.522097	632	316
-1.498958	632	316
-1.500036	632	316
-1.552625	632	316
-1.50867	632	316
-1.499828	632	316
-1.50694	632	316
-1.499271	632	316
-1.498009	632	316
-1.55335	632	316
-1.499522	632	316
-1.549901	632	316
-1.54904	632	316
-1.512819	632	316
-1.498667	632	316
-1.511574	632	316
-1.499593	632	316
-1.551338	632	316
-1.554153	632	316
-1.500151	632	316
-1.497567	632	316
-1.499954	632	316
-1.49886	632	316
-1.5	632	316
-1.498985	632	316
-1.499548	632	316
-1.496657	632	316
-1.49922	632	316
-1.560456	632	316
-1.555858	632	316
-1.499132	632	316
-1.499282	632	316
-1.500493	632	316
-1.499166	632	316
-1.499104	632	316
-1.499424	632	316
-1.498319	632	316
-1.552527	632	316
-1.497993	632	316
-1.498426	632	316
-1.49918	632	316
-1.502167	632	316
-1.500833	632	316
-1.532805	632	316
-1.551797	632	316
-1.555198	632	316
-1.511702	632	316
-1.556611	632	316
-1.499869	632	316
-1.498458	632	316
-1.499065	632	316
-1.505183	632	316
-1.557429	632	316
-1.499977	632	316
-1.555122	632	316
-1.550513	632	316
-1.498899	632	316
-1.503838	632	316
-1.500007	632	316
-1.499518	632	316
-1.542466	632	316
-1.557036	632	316
-1.544261	632	316
-1.528415	632	316
-1.541038	632	316
-1.539	632	316
-1.556731	632	316
-1.499089	632	316
-1.557112	632	316
-1.500328	632	316
-1.498686	632	316
-1.499682	632	316
-1.561361	632	316
-1.500119	632	316
-1.557328	632	316
-1.560047	632	316
-1.499301	632	316
-1.499643	632	316
-1.5238	632	316
-1.499733	632	316
-1.529149	632	316
-1.498518	632	316
-1.498343	632	316
-1.553967	632	316
-1.499861	632	316
-1.498218	632	316
-1.52641	632	316
-1.555495	632	316
-1.499894	632	316
-1.534083	632	316
-1.494429	632	316
-1.550982	632	316
-1.49888	632	316
-1.49914	632	316
-1.556253	632	316
-1.499612	632	316
-1.49946	632	316
-1.498556	632	316
-1.554987	632	316
-1.498208	632	316
-1.503411	632	316
-1.4997	632	316
-1.502971	632	316
-1.556911	632	316
-1.499899	632	316
-1.557192	632	316
-1.498792	632	316
-1.50012	632	316
-1.500419	632	316
-1.499988	632	316
-1.499816	632	316
-1.499179	632	316
-1.509077	632	316
-1.500783	632	316
-1.532624	632	316
-1.50041	632	316
-1.499204	632	316
-1.495276	632	316
-1.499469	632	316
-1.499548	632	316
-1.500841	632	316
-1.500352	632	316
-1.495258	632	316
-1.499787	632	316
-1.55744	632	316
-1.499461	632	316
-1.545714	632	316
-1.497863	632	316
-1.547949	632	316
-1.545179	632	316
-1.507054	632	316
-1.547758	632	316
-1.499297	632	316
-1.520908	632	316
-1.499647	632	316
-1.500002	632	316
-1.499121	632	316
-1.525894	632	316
-1.498902	632	316
-1.524759	632	316
-1.528662	632	316
-1.530532	632	316
-1.498496	632	316
-1.516673	632	316
-1.511926	632	316
-1.49486	632	316
-1.500245	632	316
-1.5008	632	316
-1.498213	632	316
-1.499357	632	316
-1.4989	632	316
-1.494853	632	316
-1.499481	632	316
-1.498812	632	316
-1.503734	632	316
-1.500474	632	316
-1.55373	632	316
-1.499705	632	316
-1.49939	632	316
-1.498794	632	316
-1.49911	632	316
-1.50221	632	316
-1.51293	632	316
-1.552966	632	316
-1.520326	632	316
-1.499674	632	316
-1.499524	632	316
-1.500407	632	316
-1.551165	632	316
-1.553327	632	316
-1.497362	632	316
-1.502254	632	316
-1.529388	632	316
-1.499634	632	316
-1.501137	632	316
-1.499511	632	316
-1.499676	632	316
-1.514107	632	316
-1.499646	632	316
-1.500702	632	316
-1.498393	632	316
-1.500526	632	316
-1.499685	632	316
-1.500302	632	316
-1.499404	632	316
-1.500534	632	316
-1.530386	632	316
-1.500192	632	316
-1.499154	632	316
-1.554434	632	316
-1.500102	632	316
-1.528457	632	316
-1.551258	632	316
-1.50825	632	316
-1.542603	632	316
-1.504761	632	316
-1.544031	632	316
-1.537228	632	316
-1.499243	632	316
-1.53532	632	316
-1.500631	632	316
-1.511629	632	316
-1.551486	632	316
-1.512676	632	316
-1.504874	632	316
-1.49883	632	316
-1.498806	632	316
-1.528542	632	316
-1.496469	632	316
-1.559148	632	316
-1.555475	632	316
-1.518095	632	316
-1.49963	632	316
-1.536319	632	316
-1.500925	632	316
-1.495655	632	316
-1.499689	632	316
-1.53642	632	316
-1.49994	632	316
-1.498794	632	316
-1.546946	632	316
-1.499867	632	316
-1.499075	632	316
-1.518606	632	316
-1.53116	632	316
-1.500319	632	316
-1.528576	632	316
-1.499085	632	316
-1.500158	632	316
-1.500044	632	316
-1.499066	632	316
-1.499623	632	316
-1.498598	632	316
-1.525009	632	316
-1.55058	632	316
-1.500886	632	316
-1.497514	632	316
-1.499048	632	316
-1.500033	632	316
-1.535587	632	316
-1.499285	632	316
-1.560581	632	316
-1.510784	632	316
-1.500067	632	316
-1.500898	632	316
-1.555153	632	316
-1.539304	632	316
-1.497317	632	316
-1.497465	632	316
-1.49432	632	316
-1.518154	632	316
-1.498293	632	316
-1.499325	632	316
-1.520701	632	316
-1.516178	632	316
-1.496267	632	316
-1.499516	632	316
-1.516677	632	316
-1.5426	632	316
-1.559752	632	316
-1.555633	632	316
-1.499869	632	316
-1.498595	632	316
-1.529735	632	316
-1.499954	632	316
-1.500115	632	316
-1.50715	632	316
-1.531912	632	316
-1.499369	632	316
-1.541033	632	316
-1.498948	632	316
-1.551989	632	316
-1.541491	632	316
-1.552156	632	316
-1.493053	632	316
-1.499824	632	316
-1.551162	632	316
-1.495348	632	316
-1.499881	632	316
-1.499688	632	316
-1.499029	632	316
-1.499059	632	316
-1.522873	632	316
-1.499525	632	316
-1.543522	632	316
-1.55206	632	316
-1.50008	632	316
-1.500093	632	316
-1.539225	632	316
-1.499482	632	316
-1.499368	632	316
-1.499745	632	316
-1.498805	632	316
-1.497633	632	316
-1.499312	632	316
-1.53221	632	316
-1.551621	632	316
-1.511129	632	316
-1.498748	632	316
-1.500377	632	316
-1.500161	632	316
-1.499829	632	316
-1.499625	632	316
-1.497963	632	316
-1.527534	632	316
-1.551096	632	316
-1.558553	632	316
-1.546718	632	316
-1.535149	632	316
-1.520365	632	316
-1.499635	632	316
-1.545682	632	316
-1.540357	632	316
-1.499298	632	316
-1.499818	632	316
-1.559983	632	316
-1.561172	632	316
-1.499928	632	316
-1.499947	632	316
-1.535913	632	316
-1.500023	632	316
-1.499626	632	316
-1.499361	632	316
-1.501096	632	316
-1.549271	632	316
-1.551206	632	316
-1.50017	632	316
-1.500444	632	316
-1.499356	632	316
-1.50064	632	316
-1.499373	632	316
-1.499676	632	316
-1.500064	632	316
-1.553593	632	316
-1.499394	632	316
-1.551107	632	316
-1.492106	632	316
-1.554427	632	316
-1.498529	632	316
-1.500289	632	316
-1.499643	632	316
-1.561059	632	316
-1.499458	632	316
-1.499871	632	316
-1.499318	632	316
-1.499373	632	316
-1.50238	632	316
-1.545113	632	316
-1.498064	632	316
-1.556244	632	316
-1.500428	632	316
-1.500152	632	316
-1.549283	632	316
-1.498303	632	316
-1.504867	632	316
-1.499276	632	316
-1.497972	632	316
-1.499824	632	316
-1.498001	632	316
-1.537209	632	316
-1.497782	632	316
-1.543846	632	316
-1.497319	632	316
-1.50053	632	316
-1.498379	632	316
-1.499507	632	316
-1.499122	632	316
-1.499783	632	316
-1.500059	632	316
-1.550783	632	316
-1.499317	632	316
-1.499963	632	316
-1.544449	632	316
-1.499399	632	316
-1.500468	632	316
-1.514922	632	316
-1.557571	632	316
-1.538287	632	316
-1.499486	632	316
-1.50021	632	316
-1.500313	632	316
-1.548546	632	316
-1.556238	632	316
-1.54233	632	316
-1.539545	632	316
-1.559864	632	316
-1.538121	632	316
-1.499671	632	316
-1.49905	632	316
-1.546209	632	316
-1.499892	632	316
-1.531296	632	316
-1.541814	632	316
-1.548354	632	316
-1.498634	632	316
-1.546895	632	316
-1.499013	632	316
-1.49876	632	316
-1.544175	632	316
-1.499332	632	316
-1.518265	632	316
-1.499268	632	316
-1.500248	632	316
-1.502563	632	316
-1.497315	632	316
-1.499752	632	316
-1.499836	632	316
-1.514867	632	316
-1.499283	632	316
-1.50028	632	316
-1.551548	632	316
-1.559959	632	316
-1.499638	632	316
-1.506008	632	316
-1.500453	632	316
-1.498215	632	316
-1.5578	632	316
-1.535627	632	316
-1.501635	632	316
-1.499111	632	316
-1.549782	632	316
-1.500797	632	316
-1.556692	632	316
-1.500154	632	316
-1.499042	632	316
-1.55685	632	316
-1.501983	632	316
-1.499321	632	316
-1.543493	632	316
-1.53046	632	316
-1.499489	632	316
-1.499872	632	316
-1.520728	632	316
-1.533549	632	316
-1.512142	632	316
-1.498945	632	316
-1.512279	632	316
-1.55539	632	316
-1.500067	632	316
-1.559087	632	316
-1.513189	632	316
-1.509281	632	316
-1.510492	632	316
-1.516699	632	316
-1.506623	632	316
-1.499353	632	316
-1.539169	632	316
-1.498355	632	316
-1.555388	632	316
-1.49866	632	316
-1.499547	632	316
-1.5365	632	316
-1.49863	632	316
-1.499457	632	316
-1.534439	632	316
-1.557057	632	316
-1.512621	632	316
-1.499779	632	316
-1.545747	632	316
-1.528283	632	316
-1.547713	632	316
-1.559026	632	316
-1.498949	632	316
-1.506151	632	316
-1.561369	632	316
-1.494289	632	316
-1.51981	632	316
-1.504796	632	316
-1.536507	632	316
-1.525268	632	316
-1.514642	632	316
-1.49868	632	316
-1.55336	632	316
-1.560024	632	316
-1.55771	632	316
-1.499435	632	316
-1.559505	632	316
-1.499952	632	316
-1.499474	632	316
-1.498397	632	316
-1.499552	632	316
-1.508239	632	316
-1.544536	632	316
-1.497644	632	316
-1.498591	632	316
-1.499363	632	316
-1.553414	632	316
-1.499036	632	316
-1.500047	632	316
-1.552699	632	316
-1.5436	632	316
-1.501683	632	316
-1.524917	632	316
-1.498152	632	316
-1.540393	632	316
-1.520067	632	316
-1.530995	632	316
-1.532397	632	316
-1.498701	632	316
-1.499885	632	316
-1.508165	632	316
-1.498591	632	316
-1.499628	632	316
-1.540885	632	316
-1.552095	632	316
-1.557546	632	316
-1.501963	632	316
-1.49944	632	316
-1.547843	632	316
-1.51333	632	316
-1.558447	632	316
-1.532214	632	316
-1.554406	632	316
-1.552834	632	316
-1.539546	632	316
-1.500219	632	316
-1.512229	632	316
-1.552192	632	316
-1.548965	632	316
-1.531894	632	316
-1.533189	632	316
-1.521631	632	316
-1.53487	632	316
-1.4981	632	316
-1.49771	632	316
-1.531156	632	316
-1.499501	632	316
-1.558567	632	316
-1.509151	632	316
-1.498848	632	316
-1.54384	632	316
-1.498372	632	316
-1.499008	632	316
-1.551899	632	316
-1.497981	632	316
-1.543655	632	316
-1.49998	632	316
-1.533854	632	316
-1.527804	632	316
-1.497196	632	316
-1.499055	632	316
-1.501502	632	316
-1.501066	632	316
-1.4986	632	316
-1.543507	632	316
-1.499174	632	316
-1.49886	632	316
-1.499206	632	316
-1.551245	632	316
-1.499946	632	316
-1.499551	632	316
-1.49956	632	316
-1.548716	632	316
-1.499574	632	316
-1.549656	632	316
-1.499605	632	316
-1.540616	632	316
-1.523035	632	316
-1.497226	632	316
-1.536479	632	316
-1.499933	632	316
-1.524231	632	316
-1.555468	632	316
-1.552681	632	316
-1.499411	632	316
-1.499428	632	316
-1.498631	632	316
-1.54477	632	316
-1.55008	632	316
-1.557029	632	316
-1.498786	632	316
-1.498868	632	316
-1.495332	632	316
-1.498634	632	316
-1.52939	632	316
-1.499307	632	316
-1.55012	632	316
-1.527739	632	316
-1.559235	632	316
-1.499857	632	316
-1.520429	632	316
-1.499671	632	316
-1.499057	632	316
-1.498145	632	316
-1.49915	632	316
-1.548475	632	316
-1.497907	632	316
-1.497774	632	316
-1.49962	632	316
-1.500333	632	316
-1.521923	632	316
-1.4988	632	316
-1.55333	632	316
-1.531606	632	316
-1.506356	632	316
-1.55553	632	316
-1.499344	632	316
-1.498154	632	316
-1.538967	632	316
-1.534223	632	316
-1.557416	632	316
-1.496924	632	316
-1.538937	632	316
-1.541141	632	316
-1.559289	632	316
-1.555353	632	316
-1.557624	632	316
-1.516096	632	316
-1.499809	632	316
-1.548016	632	316
-1.550841	632	316
-1.55577	632	316
-1.502514	632	316
-1.499424	632	316
-1.545683	632	316
-1.557134	632	316
-1.532751	632	316
-1.498349	632	316
-1.499389	632	316
-1.500347	632	316
-1.498605	632	316
-1.530139	632	316
-1.56112	632	316
-1.505817	632	316
-1.49921	632	316
-1.533754	632	316
-1.514277	632	316
-1.512309	632	316
-1.499968	632	316
-1.499285	632	316
-1.497802	632	316
-1.49854	632	316
-1.555297	632	316
-1.4989	632	316
-1.558325	632	316
-1.49988	632	316
-1.542491	632	316
-1.498694	632	316
-1.500655	632	316
-1.560481	632	316
-1.544449	632	316
-1.499078	632	316
-1.500013	632	316
-1.499584	632	316
-1.499241	632	316
-1.498904	632	316
-1.550778	632	316
-1.543612	632	316
-1.544229	632	316
-1.536124	632	316
-1.558107	632	316
-1.499954	632	316
-1.49836	632	316
-1.521703	632	316
-1.499447	632	316
-1.498483	632	316
-1.501418	632	316
-1.498898	632	316
-1.500477	632	316
-1.529498	632	316
-1.499282	632	316
-1.521989	632	316
-1.531196	632	316
-1.499704	632	316
-1.535942	632	316
-1.499629	632	316
-1.498729	632	316
-1.551263	632	316
-1.539086	632	316
-1.494807	632	316
-1.542583	632	316
-1.497731	632	316
-1.500523	632	316
-1.505363	632	316
-1.49889	632	316
-1.554388	632	316
-1.500707	632	316
-1.499218	632	316
-1.498748	632	316
-1.538653	632	316
-1.522937	632	316
-1.547851	632	316
-1.500445	632	316
-1.49927	632	316
-1.500218	632	316
-1.54349	632	316
-1.549794	632	316
-1.499624	632	316
-1.536999	632	316
-1.500106	632	316
-1.498792	632	316
-1.49776	632	316
-1.499548	632	316
-1.498499	632	316
-1.55956	632	316
-1.499396	632	316
-1.50026	632	316
-1.558639	632	316
-1.499401	632	316
-1.498899	632	316
-1.546856	632	316
-1.503802	632	316
-1.499134	632	316
-1.500794	632	316
-1.549267	632	316
-1.498176	632	316
-1.498368	632	316
-1.498959	632	316
-1.532921	632	316
-1.498711	632	316
-1.531701	632	316
-1.512666	632	316
-1.500238	632	316
-1.500259	632	316
-1.531304	632	316
-1.551462	632	316
-1.52158	632	316
-1.498206	632	316
-1.532337	632	316
-1.499343	632	316
-1.499306	632	316
-1.499626	632	316
-1.499913	632	316
-1.50007	632	316
-1.535683	632	316
-1.559574	632	316
-1.541156	632	316
-1.503789	632	316
-1.541256	632	316
-1.499228	632	316
-1.50846	632	316
-1.498906	632	316
-1.524756	632	316
-1.510587	632	316
-1.540621	632	316
-1.544647	632	316
-1.505799	632	316
-1.53584	632	316
-1.498538	632	316
-1.499284	632	316
-1.524269	632	316
-1.556155	632	316
-1.548826	632	316
-1.499791	632	316
-1.500847	632	316
-1.498374	632	316
-1.534213	632	316
-1.495385	632	316
-1.499707	632	316
-1.502535	632	316
-1.508656	632	316
-1.559632	632	316
-1.498957	632	316
-1.502763	632	316
-1.499227	632	316
-1.499758	632	316
-1.498406	632	316
-1.498905	632	316
-1.499874	632	316
-1.502352	632	316
-1.499879	632	316
-1.521123	632	316
-1.503387	632	316
-1.498414	632	316
-1.499914	632	316
-1.499741	632	316
-1.49962	632	316
-1.50944	632	316
-1.501743	632	316
-1.500615	632	316
-1.499676	632	316
-1.498606	632	316
-1.498533	632	316
-1.540162	632	316
-1.498977	632	316
-1.499052	632	316
-1.516074	632	316
-1.499508	632	316
-1.560849	632	316
-1.493164	632	316
-1.499838	632	316
-1.548353	632	316
-1.498877	632	316
-1.499555	632	316
-1.499163	632	316
-1.555503	632	316
-1.554212	632	316
-1.499209	632	316
-1.499413	632	316
-1.499173	632	316
-1.558858	632	316
-1.497916	632	316
-1.500063	632	316
-1.499589	632	316
-1.551306	632	316
-1.519618	632	316
-1.498648	632	316
-1.49877	632	316
-1.536534	632	316
-1.512293	632	316
-1.49951	632	316
-1.541332	632	316
-1.538451	632	316
-1.49904	632	316
-1.500641	632	316
-1.536595	632	316
-1.499035	632	316
-1.53661	632	316
-1.501401	632	316
-1.554828	632	316
-1.499907	632	316
-1.561585	632	316
-1.537678	632	316
-1.558248	632	316
-1.493661	632	316
-1.497391	632	316
-1.537183	632	316
-1.556743	632	316
-1.499279	632	316
-1.553328	632	316
-1.538913	632	316
-1.499213	632	316
-1.55902	632	316
-1.557069	632	316
-1.499998	632	316
-1.499384	632	316
-1.497893	632	316
-1.504103	632	316
-1.499897	632	316
-1.498824	632	316
-1.497448	632	316
-1.499744	632	316
-1.55576	632	316
-1.499124	632	316
-1.51369	632	316
-1.499881	632	316
-1.504815	632	316
-1.516538	632	316
-1.500169	632	316
-1.50033	632	316
-1.532133	632	316
-1.499128	632	316
-1.498856	632	316
-1.500297	632	316
-1.508313	632	316
-1.500114	632	316
-1.499584	632	316
-1.499213	632	316
-1.506074	632	316
-1.507329	632	316
-1.549232	632	316
-1.499372	632	316
-1.499555	632	316
-1.504692	632	316
-1.545238	632	316
-1.497955	632	316
-1.541705	632	316
-1.500031	632	316
-1.496722	632	316
-1.499504	632	316
-1.499431	632	316
-1.54804	632	316
-1.557434	632	316
-1.537894	632	316
-1.499602	632	316
-1.536998	632	316
-1.556324	632	316
-1.499557	632	316
-1.544191	632	316
-1.549242	632	316
-1.514433	632	316
-1.499731	632	316
-1.553069	632	316
-1.49898	632	316
-1.499928	632	316
-1.500085	632	316
-1.498135	632	316
-1.49921	632	316
-1.562351	632	316
-1.55293	632	316
-1.553809	632	316
-1.548438	632	316
-1.499131	632	316
-1.499544	632	316
-1.552811	632	316
-1.544851	632	316
-1.498723	632	316
-1.494223	632	316
-1.540435	632	316
-1.559385	632	316
-1.499634	632	316
-1.500657	632	316
-1.498933	632	316
-1.557298	632	316
-1.557521	632	316
-1.52432	632	316
-1.510607	632	316
-1.559544	632	316
-1.500309	632	316
-1.52516	632	316
-1.525811	632	316
-1.497872	632	316
-1.496762	632	316
-1.49869	632	316
-1.499436	632	316
-1.554274	632	316
-1.554673	632	316
-1.511753	632	316
-1.499988	632	316
-1.554031	632	316
-1.540228	632	316
-1.545591	632	316
-1.501526	632	316
-1.553055	632	316
-1.503753	632	316
-1.541038	632	316
-1.528524	632	316
-1.499395	632	316
-1.508963	632	316
-1.512411	632	316
-1.538328	632	316
-1.534943	632	316
-1.499839	632	316
-1.542971	632	316
-1.555829	632	316
-1.498817	632	316
-1.499748	632	316
-1.498108	632	316
-1.499675	632	316
-1.499484	632	316
-1.55265	632	316
-1.55491	632	316
-1.550715	632	316
-1.499092	632	316
-1.499648	632	316
-1.533432	632	316
-1.49939	632	316
-1.557586	632	316
-1.499189	632	316
-1.498409	632	316
-1.49894	632	316
-1.55394	632	316
-1.545795	632	316
-1.53561	632	316
-1.499904	632	316
-1.560566	632	316
-1.517039	632	316
-1.553344	632	316
-1.499229	632	316
-1.49939	632	316
-1.498752	632	316
-1.521731	632	316
-1.530042	632	316
-1.499054	632	316
-1.497311	632	316
-1.530277	632	316
-1.550349	632	316
-1.498785	632	316
-1.503384	632	316
-1.499078	632	316
-1.500999	632	316
-1.539016	632	316
-1.558801	632	316
-1.499389	632	316
-1.536639	632	316
-1.498588	632	316
-1.517689	632	316
-1.499955	632	316
-1.498626	632	316
-1.498735	632	316
-1.500362	632	316
-1.500771	632	316
-1.501725	632	316
-1.499641	632	316
-1.499295	632	316
-1.499877	632	316
-1.497774	632	316
-1.499528	632	316
-1.554657	632	316
-1.498204	632	316
-1.550282	632	316
-1.539214	632	316
-1.499926	632	316
-1.498783	632	316
-1.521484	632	316
-1.546966	632	316
-1.522169	632	316
-1.500295	632	316
-1.498837	632	316
-1.500551	632	316
-1.498321	632	316
-1.50017	632	316
-1.517267	632	316
-1.546987	632	316
-1.49963	632	316
-1.560157	632	316
-1.512612	632	316
-1.500236	632	316
-1.49939	632	316
-1.497676	632	316
-1.556301	632	316
-1.498942	632	316
-1.53867	632	316
-1.499883	632	316
-1.499191	632	316
-1.499596	632	316
-1.538343	632	316
-1.498733	632	316
-1.497845	632	316
-1.517584	632	316
-1.507289	632	316
-1.500025	632	316
-1.542513	632	316
-1.499867	632	316
-1.557599	632	316
-1.535212	632	316
-1.499766	632	316
-1.498821	632	316
-1.511813	632	316
-1.517371	632	316
-1.499956	632	316
-1.499322	632	316
-1.519721	632	316
-1.498933	632	316
-1.546719	632	316
-1.561177	632	316
-1.500503	632	316
-1.500313	632	316
-1.511915	632	316
-1.497932	632	316
-1.501526	632	316
-1.535119	632	316
-1.510643	632	316
-1.534513	632	316
-1.496885	632	316
-1.554395	632	316
-1.498425	632	316
-1.500647	632	316
-1.497478	632	316
-1.53145	632	316
-1.498166	632	316
-1.4985	632	316
-1.512448	632	316
-1.502399	632	316
-1.499868	632	316
-1.499774	632	316
-1.50888	632	316
-1.500199	632	316
-1.498116	632	316
-1.499624	632	316
-1.55836	632	316
-1.5139	632	316
-1.500732	632	316
-1.509466	632	316
-1.500579	632	316
-1.499745	632	316
-1.49496	632	316
-1.50002	632	316
-1.551411	632	316
-1.499155	632	316
-1.514473	632	316
-1.549024	632	316
-1.496812	632	316
-1.499703	632	316
-1.541237	632	316
-1.531911	632	316
-1.498002	632	316
-1.506093	632	316
-1.54858	632	316
-1.543416	632	316
-1.547471	632	316
-1.499213	632	316
-1.522168	632	316
-1.502005	632	316
-1.499572	632	316
-1.5076	632	316
-1.499815	632	316
-1.498448	632	316
-1.499034	632	316
-1.49995	632	316
-1.49921	632	316
-1.557344	632	316
-1.499024	632	316
-1.509983	632	316
-1.498613	632	316
-1.499318	632	316
-1.499173	632	316
-1.498674	632	316
-1.556887	632	316
-1.549425	632	316
-1.559299	632	316
-1.514037	632	316
-1.512084	632	316
-1.499323	632	316
-1.498962	632	316
-1.536073	632	316
-1.499177	632	316
-1.499041	632	316
-1.516581	632	316
-1.558993	632	316
-1.500064	632	316
-1.49992	632	316
-1.501698	632	316
-1.499481	632	316
-1.551186	632	316
-1.500263	632	316
-1.49917	632	316
-1.499112	632	316
-1.520429	632	316
-1.498168	632	316
-1.500166	632	316
-1.550733	632	316
-1.499951	632	316
-1.543636	632	316
-1.528393	632	316
-1.499487	632	316
-1.534483	632	316
-1.550782	632	316
-1.540747	632	316
-1.499942	632	316
-1.541664	632	316
-1.55152	632	316
-1.500132	632	316
-1.504975	632	316
-1.49982	632	316
-1.533795	632	316
-1.522458	632	316
-1.499782	632	316
-1.498604	632	316
-1.498049	632	316
-1.549402	632	316
-1.499899	632	316
-1.546633	632	316
-1.504253	632	316
-1.499673	632	316
-1.528445	632	316
-1.499311	632	316
-1.539189	632	316
-1.501511	632	316
-1.525071	632	316
-1.498967	632	316
-1.499607	632	316
-1.520683	632	316
-1.499833	632	316
-1.510852	632	316
-1.519351	632	316
-1.529018	632	316
-1.520034	632	316
-1.500877	632	316
-1.550066	632	316
-1.499274	632	316
-1.56147	632	316
-1.54367	632	316
-1.499675	632	316
-1.500186	632	316
-1.511664	632	316
-1.555353	632	316
-1.496464	632	316
-1.499667	632	316
-1.512322	632	316
-1.523399	632	316
-1.531163	632	316
-1.544869	632	316
-1.499407	632	316
-1.498613	632	316
-1.554637	632	316
-1.527014	632	316
-1.52234	632	316
-1.498676	632	316
-1.499545	632	316
-1.537394	632	316
-1.498621	632	316
-1.49958	632	316
-1.500136	632	316
-1.534398	632	316
-1.544634	632	316
-1.499194	632	316
-1.545394	632	316
-1.558936	632	316
-1.49868	632	316
-1.499716	632	316
-1.557781	632	316
-1.499383	632	316
-1.543003	632	316
-1.50021	632	316
-1.554887	632	316
-1.499633	632	316
-1.541791	632	316
-1.531294	632	316
-1.554286	632	316
-1.559479	632	316
-1.499406	632	316
-1.543828	632	316
-1.540145	632	316
-1.499531	632	316
-1.503695	632	316
-1.498221	632	316
-1.514723	632	316
-1.498604	632	316
-1.516055	632	316
-1.499363	632	316
-1.496264	632	316
-1.499473	632	316
-1.501392	632	316
-1.499775	632	316
-1.558252	632	316
-1.495386	632	316
-1.49747	632	316
-1.500444	632	316
-1.498916	632	316
-1.517758	632	316
-1.519448	632	316
-1.499647	632	316
-1.499374	632	316
-1.557298	632	316
-1.497939	632	316
-1.500669	632	316
-1.548801	632	316
-1.554629	632	316
-1.499074	632	316
-1.555858	632	316
-1.544603	632	316
-1.561953	632	316
-1.505607	632	316
-1.495831	632	316
-1.498827	632	316
-1.550548	632	316
-1.545705	632	316
-1.497831	632	316
-1.555084	632	316
-1.498727	632	316
-1.534868	632	316
-1.548939	632	316
-1.556704	632	316
-1.559699	632	316
-1.499667	632	316
-1.556642	632	316
-1.499754	632	316
-1.498347	632	316
-1.499485	632	316
-1.54521	632	316
-1.498611	632	316
-1.525102	632	316
-1.543229	632	316
-1.499406	632	316
-1.555704	632	316
-1.532328	632	316
-1.499296	632	316
-1.500142	632	316
-1.501399	632	316
-1.499142	632	316
-1.542372	632	316
-1.499558	632	316
-1.519484	632	316
-1.499418	632	316
-1.499308	632	316
-1.499691	632	316
-1.541806	632	316
-1.500423	632	316
-1.556796	632	316
-1.50566	632	316
-1.548338	632	316
-1.503402	632	316
-1.499862	632	316
-1.49855	632	316
-1.55939	632	316
-1.502869	632	316
-1.556473	632	316
-1.500179	632	316
-1.548774	632	316
-1.559247	632	316
-1.496857	632	316
-1.499194	632	316
-1.499469	632	316
-1.539735	632	316
-1.532737	632	316
-1.500521	632	316
-1.497929	632	316
-1.557155	632	316
-1.560513	632	316
-1.532018	632	316
-1.4989	632	316
-1.509367	632	316
-1.499939	632	316
-1.499307	632	316
-1.527181	632	316
-1.500125	632	316
-1.499329	632	316
-1.507404	632	316
-1.50031	632	316
-1.499755	632	316
-1.500482	632	316
-1.557305	632	316
-1.499614	632	316
-1.500295	632	316
-1.527056	632	316
-1.500566	632	316
-1.540002	632	316
-1.514117	632	316
-1.49902	632	316
-1.549368	632	316
-1.500589	632	316
-1.554076	632	316
-1.501647	632	316
-1.517691	632	316
-1.509642	632	316
-1.538217	632	316
-1.551813	632	316
-1.498647	632	316
-1.551696	632	316
-1.499485	632	316
-1.498995	632	316
-1.498936	632	316
-1.527985	632	316
-1.498675	632	316
-1.529778	632	316
-1.523505	632	316
-1.500648	632	316
-1.508488	632	316
-1.558359	632	316
-1.50023	632	316
-1.542996	632	316
-1.498289	632	316
-1.498269	632	316
-1.499151	632	316
-1.520561	632	316
-1.49949	632	316
-1.499162	632	316
-1.517239	632	316
-1.499313	632	316
-1.500012	632	316
-1.499347	632	316
-1.561284	632	316
-1.49832	632	316
-1.505286	632	316
-1.498551	632	316
-1.499067	632	316
-1.496908	632	316
-1.554695	632	316
-1.545683	632	316
-1.559608	632	316
-1.500218	632	316
-1.557089	632	316
-1.500114	632	316
-1.499248	632	316
-1.555755	632	316
-1.499854	632	316
-1.501111	632	316
-1.553895	632	316
-1.554446	632	316
-1.499082	632	316
-1.554982	632	316
-1.499316	632	316
-1.498764	632	316
-1.49884	632	316
-1.499803	632	316
-1.498392	632	316
-1.500002	632	316
-1.520881	632	316
-1.498632	632	316
-1.502146	632	316
-1.5435	632	316
-1.4988	632	316
-1.552246	632	316
-1.50159	632	316
-1.4979	632	316
-1.499975	632	316
-1.513112	632	316
-1.559384	632	316
-1.500655	632	316
-1.500836	632	316
-1.500443	632	316
-1.550341	632	316
-1.538913	632	316
-1.499651	632	316
-1.498811	632	316
-1.499946	632	316
-1.500502	632	316
-1.558583	632	316
-1.510618	632	316
-1.521606	632	316
-1.496194	632	316
-1.539936	632	316
-1.499332	632	316
-1.497168	632	316
-1.499505	632	316
-1.500156	632	316
-1.499597	632	316
-1.499337	632	316
-1.498891	632	316
-1.49996	632	316
-1.526879	632	316
-1.509537	632	316
-1.50875	632	316
-1.498374	632	316
-1.547463	632	316
-1.507036	632	316
-1.511461	632	316
-1.530126	632	316
-1.49995	632	316
-1.500339	632	316
-1.50053	632	316
-1.498804	632	316
-1.500599	632	316
-1.499482	632	316
-1.499423	632	316
-1.499454	632	316
-1.499218	632	316
-1.533542	632	316
-1.499464	632	316
-1.542473	632	316
-1.500161	632	316
-1.499878	632	316
-1.499245	632	316
-1.498774	632	316
-1.500754	632	316
-1.497671	632	316
-1.544633	632	316
-1.53537	632	316
-1.499671	632	316
-1.539119	632	316
-1.51877	632	316
-1.500446	632	316
-1.4999	632	316
-1.513688	632	316
-1.517729	632	316
-1.498993	632	316
-1.4994	632	316
-1.499995	632	316
-1.49988	632	316
-1.499163	632	316
-1.536555	632	316
-1.540589	632	316
-1.500042	632	316
-1.553965	632	316
-1.500521	632	316
-1.543458	632	316
-1.536802	632	316
-1.546437	632	316
-1.499336	632	316
-1.498114	632	316
-1.498727	632	316
-1.544296	632	316
-1.498258	632	316
-1.498402	632	316
-1.556434	632	316
-1.557084	632	316
-1.499054	632	316
-1.540669	632	316
-1.499618	632	316
-1.499311	632	316
-1.499072	632	316
-1.499435	632	316
-1.500268	632	316
-1.499153	632	316
-1.520952	632	316
-1.500255	632	316
-1.549559	632	316
-1.500591	632	316
-1.498789	632	316
-1.497836	632	316
-1.530739	632	316
-1.525292	632	316
-1.499861	632	316
-1.49969	632	316
-1.500009	632	316
-1.518417	632	316
-1.500584	632	316
-1.506362	632	316
-1.557696	632	316
-1.497367	632	316
-1.530676	632	316
-1.49917	632	316
-1.499384	632	316
-1.541651	632	316
-1.499246	632	316
-1.499348	632	316
-1.499486	632	316
-1.501563	632	316
-1.556292	632	316
-1.497258	632	316
-1.530804	632	316
-1.50038	632	316
-1.558781	632	316
-1.555064	632	316
-1.498788	632	316
-1.547426	632	316
-1.500802	632	316
-1.549241	632	316
-1.551678	632	316
-1.499007	632	316
-1.550489	632	316
-1.558301	632	316
-1.53198	632	316
-1.500594	632	316
-1.538628	632	316
-1.498863	632	316
-1.500683	632	316
-1.499443	632	316
-1.552994	632	316
-1.500425	632	316
-1.516368	632	316
-1.499807	632	316
-1.553649	632	316
-1.491467	632	316
-1.557504	632	316
-1.536166	632	316
-1.4988	632	316
-1.49749	632	316
-1.512504	632	316
-1.499521	632	316
-1.500029	632	316
-1.49963	632	316
-1.500022	632	316
-1.557392	632	316
-1.49979	632	316
-1.499423	632	316
-1.509594	632	316
-1.498978	632	316
-1.501328	632	316
-1.551376	632	316
-1.499785	632	316
-1.499495	632	316
-1.498993	632	316
-1.542914	632	316
-1.55574	632	316
-1.499045	632	316
-1.498309	632	316
-1.514781	632	316
-1.498453	632	316
-1.498559	632	316
-1.498929	632	316
-1.498523	632	316
-1.49966	632	316
-1.499409	632	316
-1.498374	632	316
-1.498718	632	316
-1.499414	632	316
-1.499936	632	316
-1.504093	632	316
-1.499592	632	316
-1.498184	632	316
-1.499611	632	316
-1.500294	632	316
-1.498778	632	316
-1.531687	632	316
-1.5001	632	316
-1.528264	632	316
-1.530749	632	316
-1.500412	632	316
-1.499308	632	316
-1.499011	632	316
-1.506236	632	316
-1.499698	632	316
-1.498868	632	316
-1.558411	632	316
-1.497812	632	316
-1.494002	632	316
-1.499598	632	316
-1.499583	632	316
-1.500062	632	316
-1.499411	632	316
-1.499316	632	316
-1.499666	632	316
-1.535799	632	316
-1.499688	632	316
-1.498514	632	316
-1.541917	632	316
-1.500197	632	316
-1.495306	632	316
-1.515857	632	316
-1.500154	632	316
-1.499503	632	316
-1.555127	632	316
-1.504533	632	316
-1.518774	632	316
-1.499707	632	316
-1.499572	632	316
-1.498557	632	316
-1.535992	632	316
-1.551547	632	316
-1.499983	632	316
-1.500026	632	316
-1.499752	632	316
-1.499864	632	316
-1.498111	632	316
-1.49908	632	316
-1.499728	632	316
-1.529928	632	316
-1.494288	632	316
-1.499709	632	316
-1.529878	632	316
-1.500205	632	316
-1.499242	632	316
-1.500092	632	316
-1.54633	632	316
-1.499218	632	316
-1.498141	632	316
-1.498578	632	316
-1.515594	632	316
-1.551381	632	316
-1.5465	632	316
-1.500275	632	316
-1.499348	632	316
-1.532282	632	316
-1.498821	632	316
-1.503708	632	316
-1.533158	632	316
-1.499917	632	316
-1.528314	632	316
-1.498949	632	316
-1.499092	632	316
-1.500004	632	316
-1.500247	632	316
-1.553806	632	316
-1.499809	632	316
-1.524719	632	316
-1.500458	632	316
-1.507992	632	316
-1.547117	632	316
-1.511043	632	316
-1.555377	632	316
-1.500011	632	316
-1.531304	632	316
-1.49979	632	316
-1.53506	632	316
-1.500318	632	316
-1.525483	632	316
-1.499549	632	316
-1.499501	632	316
-1.534726	632	316
-1.500411	632	316
-1.499624	632	316
-1.498909	632	316
-1.498894	632	316
-1.53527	632	316
-1.508094	632	316
-1.510018	632	316
-1.499287	632	316
-1.50032	632	316
-1.49939	632	316
-1.499541	632	316
-1.498392	632	316
-1.499459	632	316
-1.500355	632	316
-1.515557	632	316
-1.503277	632	316
-1.499083	632	316
-1.499656	632	316
-1.499835	632	316
-1.498722	632	316
-1.499311	632	316
-1.513348	632	316
-1.520566	632	316
-1.54027	632	316
-1.499405	632	316
-1.552219	632	316
-1.556944	632	316
-1.498604	632	316
-1.535585	632	316
-1.500176	632	316
-1.495069	632	316
-1.497527	632	316
-1.530626	632	316
-1.501859	632	316
-1.49923	632	316
-1.498319	632	316
-1.500364	632	316
-1.499955	632	316
-1.542984	632	316
-1.553891	632	316
-1.548831	632	316
-1.500038	632	316
-1.53253	632	316
-1.49983	632	316
-1.515648	632	316
-1.499306	632	316
-1.503792	632	316
-1.551974	632	316
-1.499906	632	316
-1.508624	632	316
-1.498581	632	316
-1.499635	632	316
-1.558228	632	316
-1.498395	632	316
-1.499079	632	316
-1.516733	632	316
-1.49998	632	316
-1.556373	632	316
-1.493525	632	316
-1.499095	632	316
-1.52748	632	316
-1.540061	632	316
-1.554062	632	316
-1.498321	632	316
-1.516349	632	316
-1.552713	632	316
-1.500238	632	316
-1.527079	632	316
-1.498123	632	316
-1.527702	632	316
-1.497232	632	316
-1.500612	632	316
-1.533078	632	316
-1.507265	632	316
-1.499126	632	316
-1.499597	632	316
-1.499194	632	316
-1.522173	632	316
-1.50017	632	316
-1.549711	632	316
-1.498651	632	316
-1.548016	632	316
-1.506548	632	316
-1.497943	632	316
-1.525532	632	316
-1.500979	632	316
-1.505311	632	316
-1.508136	632	316
-1.543233	632	316
-1.498686	632	316
-1.546577	632	316
-1.536149	632	316
-1.500089	632	316
-1.499414	632	316
-1.505187	632	316
-1.559499	632	316
-1.499659	632	316
-1.49852	632	316
-1.500671	632	316
-1.542673	632	316
-1.500281	632	316
-1.501679	632	316
-1.500016	632	316
-1.500151	632	316
-1.499081	632	316
-1.512678	632	316
-1.531804	632	316
-1.499249	632	316
-1.496882	632	316
-1.498838	632	316
-1.500337	632	316
-1.520115	632	316
-1.500369	632	316
-1.538179	632	316
-1.500648	632	316
-1.499018	632	316
-1.499178	632	316
-1.499861	632	316
-1.498552	632	316
-1.497544	632	316
-1.545546	632	316
-1.559807	632	316
-1.505392	632	316
-1.550771	632	316
-1.499579	632	316
-1.555948	632	316
-1.559873	632	316
-1.528533	632	316
-1.517184	632	316
-1.550615	632	316
-1.553982	632	316
-1.516616	632	316
-1.527351	632	316
-1.557275	632	316
-1.516427	632	316
-1.551893	632	316
-1.547479	632	316
-1.499125	632	316
-1.53372	632	316
-1.558827	632	316
-1.530743	632	316
-1.498772	632	316
-1.498725	632	316
-1.499408	632	316
-1.534074	632	316
-1.551114	632	316
-1.498591	632	316
-1.551317	632	316
-1.508508	632	316
-1.499323	632	316
-1.532923	632	316
-1.499847	632	316
-1.499943	632	316
-1.498268	632	316
-1.498353	632	316
-1.499672	632	316
-1.5309	632	316
-1.499425	632	316
-1.50257	632	316
-1.499866	632	316
-1.505599	632	316
-1.551606	632	316
-1.49891	632	316
-1.49938	632	316
-1.49771	632	316
-1.495966	632	316
-1.497671	632	316
-1.499195	632	316
-1.50048	632	316
-1.498804	632	316
-1.499205	632	316
-1.499593	632	316
-1.499251	632	316
-1.498821	632	316
-1.498915	632	316
-1.498863	632	316
-1.500074	632	316
-1.504156	632	316
-1.499296	632	316
-1.544772	632	316
-1.500323	632	316
-1.515538	632	316
-1.501559	632	316
-1.501718	632	316
-1.497973	632	316
-1.499455	632	316
-1.499248	632	316
-1.49919	632	316
-1.510018	632	316
-1.498176	632	316
-1.555858	632	316
-1.500096	632	316
-1.497911	632	316
-1.51962	632	316
-1.499292	632	316
-1.552586	632	316
-1.500861	632	316
-1.524309	632	316
-1.524696	632	316
-1.500043	632	316
-1.495219	632	316
-1.499601	632	316
-1.560212	632	316
-1.556482	632	316
-1.52038	632	316
-1.558661	632	316
-1.561565	632	316
-1.502211	632	316
-1.561123	632	316
-1.556877	632	316
-1.498645	632	316
-1.49967	632	316
-1.499977	632	316
-1.523107	632	316
-1.500324	632	316
-1.49965	632	316
-1.499874	632	316
-1.499712	632	316
-1.498512	632	316
-1.542104	632	316
-1.545823	632	316
-1.499348	632	316
-1.499618	632	316
-1.539003	632	316
-1.518099	632	316
-1.522898	632	316
-1.499748	632	316
-1.553134	632	316
-1.499909	632	316
-1.52632	632	316
-1.499354	632	316
-1.540261	632	316
-1.534342	632	316
-1.499121	632	316
-1.499663	632	316
-1.49991	632	316
-1.537264	632	316
-1.500254	632	316
-1.496051	632	316
-1.559026	632	316
-1.543697	632	316
-1.531257	632	316
-1.499233	632	316
-1.553936	632	316
-1.525287	632	316
-1.49957	632	316
-1.50018	632	316
-1.49956	632	316
-1.554353	632	316
-1.498276	632	316
-1.499607	632	316
-1.498728	632	316
-1.546961	632	316
-1.500054	632	316
-1.540646	632	316
-1.55893	632	316
-1.529428	632	316
-1.496172	632	316
-1.499893	632	316
-1.49961	632	316
-1.556562	632	316
-1.498983	632	316
-1.559474	632	316
-1.548514	632	316
-1.499224	632	316
-1.499816	632	316
-1.499683	632	316
-1.532273	632	316
-1.498857	632	316
-1.499337	632	316
-1.5507	632	316
-1.537267	632	316
-1.499665	632	316
-1.50003	632	316
-1.551101	632	316
-1.515231	632	316
-1.497383	632	316
-1.540145	632	316
-1.499563	632	316
-1.555122	632	316
-1.499492	632	316
-1.507474	632	316
-1.499934	632	316
-1.498133	632	316
-1.548744	632	316
-1.497424	632	316
-1.516488	632	316
-1.536946	632	316
-1.505612	632	316
-1.49873	632	316
-1.500588	632	316
-1.555414	632	316
-1.498582	632	316
-1.49819	632	316
-1.547167	632	316
-1.559983	632	316
-1.499102	632	316
-1.559425	632	316
-1.498706	632	316
-1.541888	632	316
-1.499054	632	316
-1.546419	632	316
-1.512759	632	316
-1.50053	632	316
-1.500756	632	316
-1.499236	632	316
-1.553151	632	316
-1.523945	632	316
-1.528811	632	316
-1.540047	632	316
-1.554726	632	316
-1.549614	632	316
-1.499964	632	316
-1.503625	632	316
-1.500421	632	316
-1.499161	632	316
-1.552486	632	316
-1.542561	632	316
-1.499411	632	316
-1.498484	632	316
-1.538943	632	316
-1.547524	632	316
-1.495599	632	316
-1.500503	632	316
-1.499664	632	316
-1.498704	632	316
-1.500535	632	316
-1.52668	632	316
-1.497308	632	316
-1.499993	632	316
-1.556838	632	316
-1.52954	632	316
-1.499268	632	316
-1.554513	632	316
-1.499749	632	316
-1.500186	632	316
-1.500369	632	316
-1.52797	632	316
-1.50077	632	316
-1.499377	632	316
-1.49979	632	316
-1.535014	632	316
-1.53551	632	316
-1.49921	632	316
-1.55452	632	316
-1.554279	632	316
-1.500342	632	316
-1.529094	632	316
-1.502494	632	316
-1.529081	632	316
-1.52561	632	316
-1.499553	632	316
-1.528728	632	316
-1.512215	632	316
-1.498932	632	316
-1.499301	632	316
-1.499013	632	316
-1.547439	632	316
-1.547381	632	316
-1.544577	632	316
-1.5282	632	316
-1.499793	632	316
-1.548979	632	316
-1.515373	632	316
-1.507616	632	316
-1.49901	632	316
-1.499948	632	316
-1.514208	632	316
-1.533873	632	316
-1.499856	632	316
-1.519954	632	316
-1.500159	632	316
-1.504199	632	316
-1.496162	632	316
-1.500292	632	316
-1.504441	632	316
-1.553048	632	316
-1.498768	632	316
-1.507094	632	316
-1.499644	632	316
-1.53929	632	316
-1.501408	632	316
-1.498042	632	316
-1.552284	632	316
-1.500164	632	316
-1.529881	632	316
-1.498882	632	316
-1.513612	632	316
-1.511471	632	316
-1.533305	632	316
-1.498773	632	316
-1.499893	632	316
-1.499054	632	316
-1.504791	632	316
-1.525151	632	316
-1.545651	632	316
-1.528428	632	316
-1.499938	632	316
-1.554304	632	316
-1.499572	632	316
-1.514314	632	316
-1.556806	632	316
-1.499817	632	316
-1.498035	632	316
-1.543677	632	316
-1.498806	632	316
-1.509617	632	316
-1.54815	632	316
-1.551373	632	316
-1.499248	632	316
-1.500425	632	316
-1.500376	632	316
-1.559953	632	316
-1.505549	632	316
-1.505862	632	316
-1.513324	632	316
-1.553751	632	316
-1.496919	632	316
-1.499873	632	316
-1.498318	632	316
-1.500493	632	316
-1.500303	632	316
-1.551185	632	316
-1.532999	632	316
-1.497713	632	316
-1.557619	632	316
-1.497012	632	316
-1.537463	632	316
-1.530418	632	316
-1.541502	632	316
-1.540924	632	316
-1.499658	632	316
-1.509868	632	316
-1.529287	632	316
-1.499553	632	316
-1.542531	632	316
-1.512521	632	316
-1.498864	632	316
-1.555952	632	316
-1.561074	632	316
-1.499243	632	316
-1.499583	632	316
-1.499793	632	316
-1.500756	632	316
-1.499535	632	316
-1.544616	632	316
-1.555471	632	316
-1.500211	632	316
-1.499844	632	316
-1.499346	632	316
-1.499941	632	316
-1.540091	632	316
-1.499361	632	316
-1.499159	632	316
-1.55364	632	316
-1.49957	632	316
-1.557265	632	316
-1.500021	632	316
-1.499841	632	316
-1.503252	632	316
-1.499426	632	316
-1.499638	632	316
-1.541452	632	316
-1.49768	632	316
-1.499028	632	316
-1.499669	632	316
-1.525356	632	316
-1.513655	632	316
-1.500187	632	316
-1.49723	632	316
-1.499499	632	316
-1.499651	632	316
-1.49931	632	316
-1.499863	632	316
-1.56084	632	316
-1.523048	632	316
-1.499628	632	316
-1.523336	632	316
-1.498764	632	316
-1.500294	632	316
-1.499378	632	316
-1.511387	632	316
-1.499265	632	316
-1.499602	632	316
-1.509739	632	316
-1.500476	632	316
-1.495161	632	316
-1.549746	632	316
-1.500093	632	316
-1.499359	632	316
-1.498252	632	316
-1.540513	632	316
-1.49953	632	316
-1.499437	632	316
-1.556566	632	316
-1.549536	632	316
-1.545171	632	316
-1.498853	632	316
-1.531065	632	316
-1.527414	632	316
-1.543957	632	316
-1.541681	632	316
-1.499979	632	316
-1.556179	632	316
-1.498605	632	316
-1.499566	632	316
-1.554969	632	316
-1.505936	632	316
-1.551315	632	316
-1.49836	632	316
-1.552517	632	316
-1.498773	632	316
-1.555878	632	316
-1.499317	632	316
-1.498941	632	316
-1.499386	632	316
-1.499223	632	316
-1.555682	632	316
-1.496559	632	316
-1.49674	632	316
-1.499395	632	316
-1.499888	632	316
-1.513852	632	316
-1.522314	632	316
-1.50024	632	316
-1.500471	632	316
-1.516768	632	316
-1.561139	632	316
-1.503561	632	316
-1.539413	632	316
-1.49899	632	316
-1.505748	632	316
-1.527006	632	316
-1.558003	632	316
-1.499647	632	316
-1.560214	632	316
-1.50163	632	316
-1.531787	632	316
-1.552351	632	316
-1.554458	632	316
-1.552848	632	316
-1.498667	632	316
-1.497649	632	316
-1.498635	632	316
-1.520707	632	316
-1.499741	632	316
-1.499393	632	316
-1.545326	632	316
-1.499405	632	316
-1.500267	632	316
-1.558096	632	316
-1.499592	632	316
-1.498523	632	316
-1.49973	632	316
-1.541672	632	316
-1.559114	632	316
-1.498048	632	316
-1.498995	632	316
-1.547353	632	316
-1.499925	632	316
-1.498971	632	316
-1.513921	632	316
-1.553907	632	316
-1.499195	632	316
-1.49952	632	316
-1.498313	632	316
-1.535379	632	316
-1.500224	632	316
-1.553317	632	316
-1.498918	632	316
-1.533388	632	316
-1.52023	632	316
-1.49893	632	316
-1.54345	632	316
-1.552125	632	316
-1.495551	632	316
-1.494574	632	316
-1.497367	632	316
-1.499292	632	316
-1.532035	632	316
-1.537086	632	316
-1.499173	632	316
-1.540143	632	316
-1.521106	632	316
-1.548097	632	316
-1.556267	632	316
-1.500346	632	316
-1.499999	632	316
-1.544392	632	316
-1.540904	632	316
-1.499667	632	316
-1.499477	632	316
-1.541952	632	316
-1.49996	632	316
-1.49995	632	316
-1.503173	632	316
-1.501559	632	316
-1.498769	632	316
-1.522096	632	316
-1.561429	632	316
-1.499938	632	316
-1.500614	632	316
-1.537102	632	316
-1.498227	632	316
-1.499783	632	316
-1.5005	632	316
-1.507179	632	316
-1.499384	632	316
-1.499206	632	316
-1.49794	632	316
-1.499295	632	316
-1.554566	632	316
-1.540904	632	316
-1.533185	632	316
-1.496569	632	316
-1.549631	632	316
-1.498989	632	316
-1.499193	632	316
-1.551186	632	316
-1.552268	632	316
-1.553429	632	316
-1.519971	632	316
-1.498589	632	316
-1.538269	632	316
-1.549038	632	316
-1.543646	632	316
-1.499175	632	316
-1.548656	632	316
-1.547721	632	316
-1.500043	632	316
-1.514225	632	316
-1.499777	632	316
-1.541723	632	316
-1.513717	632	316
-1.55455	632	316
-1.499109	632	316
-1.499735	632	316
-1.530431	632	316
-1.505247	632	316
-1.498841	632	316
-1.535668	632	316
-1.500421	632	316
-1.49824	632	316
-1.519493	632	316
-1.49868	632	316
-1.54902	632	316
-1.499564	632	316
-1.51307	632	316
-1.513249	632	316
-1.547512	632	316
-1.499642	632	316
-1.499677	632	316
-1.499769	632	316
-1.519812	632	316
-1.539618	632	316
-1.502062	632	316
-1.504251	632	316
-1.49827	632	316
-1.500244	632	316
-1.498471	632	316
-1.499798	632	316
-1.497697	632	316
-1.505741	632	316
-1.500376	632	316
-1.500292	632	316
-1.499962	632	316
-1.534331	632	316
-1.498677	632	316
-1.500269	632	316
-1.498887	632	316
-1.499171	632	316
-1.499208	632	316
-1.525292	632	316
-1.520429	632	316
-1.517156	632	316
-1.498504	632	316
-1.540129	632	316
-1.500412	632	316
-1.498752	632	316
-1.499775	632	316
-1.500071	632	316
-1.550308	632	316
-1.499502	632	316
-1.501236	632	316
-1.499601	632	316
-1.538888	632	316
-1.560459	632	316
-1.498456	632	316
-1.499283	632	316
-1.496943	632	316
-1.498555	632	316
-1.498885	632	316
-1.500095	632	316
-1.498821	632	316
-1.499949	632	316
-1.499656	632	316
-1.534135	632	316
-1.559227	632	316
-1.500124	632	316
-1.557291	632	316
-1.558272	632	316
-1.497765	632	316
-1.498674	632	316
-1.500134	632	316
-1.500557	632	316
-1.500001	632	316
-1.547536	632	316
-1.499047	632	316
-1.513693	632	316
-1.499251	632	316
-1.503711	632	316
-1.499418	632	316
-1.557029	632	316
-1.499229	632	316
-1.548523	632	316
-1.557393	632	316
-1.499012	632	316
-1.508388	632	316
-1.499577	632	316
-1.518841	632	316
-1.507294	632	316
-1.550442	632	316
-1.499637	632	316
-1.504852	632	316
-1.547245	632	316
-1.525187	632	316
-1.494913	632	316
-1.499414	632	316
-1.54741	632	316
-1.497513	632	316
-1.538353	632	316
-1.539737	632	316
-1.523339	632	316
-1.499977	632	316
-1.501162	632	316
-1.504965	632	316
-1.533138	632	316
-1.546756	632	316
-1.497587	632	316
-1.529038	632	316
-1.535993	632	316
-1.560765	632	316
-1.557099	632	316
-1.49996	632	316
-1.498939	632	316
-1.498265	632	316
-1.557852	632	316
-1.49934	632	316
-1.533138	632	316
-1.553232	632	316
-1.499066	632	316
-1.55235	632	316
-1.498934	632	316
-1.498756	632	316
-1.497334	632	316
-1.498097	632	316
-1.499796	632	316
-1.559731	632	316
-1.498894	632	316
-1.523012	632	316
-1.520948	632	316
-1.500905	632	316
-1.560967	632	316
-1.498483	632	316
-1.499604	632	316
-1.497539	632	316
-1.554519	632	316
-1.499193	632	316
-1.500118	632	316
-1.554325	632	316
-1.540404	632	316
-1.49983	632	316
-1.519174	632	316
-1.49905	632	316
-1.500402	632	316
-1.500031	632	316
-1.555625	632	316
-1.498977	632	316
-1.554395	632	316
-1.500544	632	316
-1.551906	632	316
-1.500275	632	316
-1.516918	632	316
-1.559123	632	316
-1.499021	632	316
-1.508596	632	316
-1.51646	632	316
-1.499619	632	316
-1.551502	632	316
-1.50121	632	316
-1.559927	632	316
-1.54002	632	316
-1.517876	632	316
-1.507864	632	316
-1.498841	632	316
-1.507673	632	316
-1.496935	632	316
-1.500108	632	316
-1.499872	632	316
-1.499089	632	316
-1.518929	632	316
-1.56032	632	316
-1.542942	632	316
-1.542335	632	316
-1.499716	632	316
-1.499681	632	316
-1.549672	632	316
-1.509193	632	316
-1.499448	632	316
-1.497428	632	316
-1.555413	632	316
-1.506979	632	316
-1.545498	632	316
-1.499967	632	316
-1.499029	632	316
-1.499928	632	316
-1.508144	632	316
-1.497492	632	316
-1.498961	632	316
-1.528906	632	316
-1.499702	632	316
-1.499025	632	316
-1.501283	632	316
-1.55702	632	316
-1.537662	632	316
-1.546439	632	316
-1.499508	632	316
-1.552721	632	316
-1.499447	632	316
-1.556608	632	316
-1.49986	632	316
-1.556618	632	316
-1.522593	632	316
-1.535968	632	316
-1.499609	632	316
-1.526654	632	316
-1.552694	632	316
-1.499259	632	316
-1.498571	632	316
-1.534042	632	316
-1.498903	632	316
-1.498411	632	316
-1.545584	632	316
-1.498978	632	316
-1.499174	632	316
-1.55949	632	316
-1.498768	632	316
-1.515298	632	316
-1.53492	632	316
-1.551943	632	316
-1.508909	632	316
-1.544143	632	316
-1.498765	632	316
-1.546927	632	316
-1.499684	632	316
-1.507277	632	316
-1.499312	632	316
-1.499734	632	316
-1.499063	632	316
-1.498704	632	316
-1.525781	632	316
-1.503421	632	316
-1.532876	632	316
-1.536813	632	316
-1.554174	632	316
-1.533945	632	316
-1.498529	632	316
-1.55777	632	316
-1.499696	632	316
-1.498707	632	316
-1.499089	632	316
-1.553422	632	316
-1.516369	632	316
-1.50007	632	316
-1.518402	632	316
-1.499409	632	316
-1.523286	632	316
-1.561243	632	316
-1.529394	632	316
-1.500588	632	316
-1.498249	632	316
-1.551739	632	316
-1.557759	632	316
-1.559505	632	316
-1.499951	632	316
-1.499977	632	316
-1.499107	632	316
-1.535764	632	316
-1.531569	632	316
-1.545311	632	316
-1.503219	632	316
-1.499145	632	316
-1.498687	632	316
-1.499509	632	316
-1.499659	632	316
-1.49988	632	316
-1.498431	632	316
-1.536871	632	316
-1.555503	632	316
-1.499085	632	316
-1.499598	632	316
-1.500043	632	316
-1.49907	632	316
-1.511366	632	316
-1.499602	632	316
-1.500454	632	316
-1.527354	632	316
-1.523302	632	316
-1.500081	632	316
-1.497637	632	316
-1.553548	632	316
-1.499585	632	316
-1.499338	632	316
-1.499733	632	316
-1.525508	632	316
-1.499307	632	316
-1.498856	632	316
-1.554198	632	316
-1.500488	632	316
-1.499586	632	316
-1.511444	632	316
-1.499422	632	316
-1.548499	632	316
-1.555997	632	316
-1.499387	632	316
-1.498784	632	316
-1.500209	632	316
-1.499339	632	316
-1.498325	632	316
-1.498203	632	316
-1.499462	632	316
-1.498629	632	316
-1.500737	632	316
-1.502309	632	316
-1.49922	632	316
-1.499519	632	316
-1.535722	632	316
-1.499601	632	316
-1.544089	632	316
-1.555069	632	316
-1.499935	632	316
-1.499516	632	316
-1.500406	632	316
-1.521358	632	316
-1.518087	632	316
-1.500114	632	316
-1.542525	632	316
-1.559475	632	316
-1.499421	632	316
-1.537678	632	316
-1.513022	632	316
-1.553265	632	316
-1.55572	632	316
-1.55985	632	316
-1.555313	632	316
-1.546893	632	316
-1.499912	632	316
-1.554234	632	316
-1.509486	632	316
-1.499084	632	316
-1.498533	632	316
-1.533244	632	316
-1.548525	632	316
-1.537277	632	316
-1.499047	632	316
-1.552831	632	316
-1.500705	632	316
-1.547976	632	316
-1.552726	632	316
-1.500281	632	316
-1.501287	632	316
-1.506259	632	316
-1.498614	632	316
-1.556523	632	316
-1.500482	632	316
-1.499939	632	316
-1.500696	632	316
-1.499608	632	316
-1.520041	632	316
-1.500252	632	316
-1.551939	632	316
-1.501749	632	316
-1.498833	632	316
-1.528582	632	316
-1.557597	632	316
-1.50959	632	316
-1.49883	632	316
-1.497305	632	316
-1.499664	632	316
-1.522418	632	316
-1.499309	632	316
-1.552179	632	316
-1.499422	632	316
-1.498387	632	316
-1.530221	632	316
-1.49908	632	316
-1.499621	632	316
-1.537487	632	316
-1.50077	632	316
-1.497337	632	316
-1.500246	632	316
-1.499961	632	316
-1.498756	632	316
-1.499567	632	316
-1.499177	632	316
-1.531454	632	316
-1.499741	632	316
-1.554318	632	316
-1.533485	632	316
-1.499691	632	316
-1.500238	632	316
-1.49829	632	316
-1.498608	632	316
-1.558924	632	316
-1.496461	632	316
-1.498654	632	316
-1.500093	632	316
-1.500356	632	316
-1.499464	632	316
-1.49758	632	316
-1.551085	632	316
-1.548904	632	316
-1.500268	632	316
-1.55182	632	316
-1.499548	632	316
-1.512034	632	316
-1.500083	632	316
-1.554115	632	316
-1.4989	632	316
-1.499681	632	316
-1.519035	632	316
-1.499829	632	316
-1.500796	632	316
-1.556885	632	316
-1.499462	632	316
-1.499339	632	316
-1.56084	632	316
-1.551952	632	316
-1.538751	632	316
-1.557984	632	316
-1.498164	632	316
-1.557714	632	316
-1.557084	632	316
-1.501057	632	316
-1.499072	632	316
-1.55909	632	316
-1.548578	632	316
-1.516922	632	316
-1.499379	632	316
-1.499502	632	316
-1.515567	632	316
-1.506092	632	316
-1.499685	632	316
-1.500447	632	316
-1.543258	632	316
-1.500071	632	316
-1.500169	632	316
-1.499292	632	316
-1.551102	632	316
-1.500589	632	316
-1.499023	632	316
-1.498547	632	316
-1.538248	632	316
-1.52035	632	316
-1.496451	632	316
-1.545902	632	316
-1.499189	632	316
-1.498567	632	316
-1.557968	632	316
-1.517044	632	316
-1.540009	632	316
-1.556769	632	316
-1.498236	632	316
-1.555613	632	316
-1.497867	632	316
-1.500642	632	316
-1.529388	632	316
-1.559451	632	316
-1.499644	632	316
-1.499586	632	316
-1.526564	632	316
-1.507035	632	316
-1.55825	632	316
-1.53129	632	316
-1.512163	632	316
-1.553739	632	316
-1.523879	632	316
-1.561579	632	316
-1.54245	632	316
-1.499364	632	316
-1.50046	632	316
-1.532856	632	316
-1.499497	632	316
-1.547398	632	316
-1.499107	632	316
-1.544016	632	316
-1.499513	632	316
-1.499315	632	316
-1.499509	632	316
-1.539101	632	316
-1.499245	632	316
-1.532157	632	316
-1.499864	632	316
-1.499396	632	316
-1.498732	632	316
-1.498442	632	316
-1.553731	632	316
-1.499763	632	316
-1.533197	632	316
-1.498164	632	316
-1.499232	632	316
-1.556091	632	316
-1.542701	632	316
-1.49905	632	316
-1.538067	632	316
-1.558647	632	316
-1.551976	632	316
-1.499477	632	316
-1.499341	632	316
-1.538905	632	316
-1.51062	632	316
-1.499419	632	316
-1.548833	632	316
-1.557428	632	316
-1.536389	632	316
-1.497866	632	316
-1.511824	632	316
-1.498806	632	316
-1.499165	632	316
-1.499315	632	316
-1.542674	632	316
-1.498888	632	316
-1.522038	632	316
-1.499918	632	316
-1.499441	632	316
-1.528037	632	316
-1.498783	632	316
-1.499618	632	316
-1.521029	632	316
-1.499568	632	316
-1.544002	632	316
-1.497724	632	316
-1.513026	632	316
-1.498796	632	316
-1.546827	632	316
-1.535057	632	316
-1.541176	632	316
-1.498593	632	316
-1.501941	632	316
-1.499794	632	316
-1.499635	632	316
-1.499642	632	316
-1.554687	632	316
-1.550298	632	316
-1.499249	632	316
-1.505659	632	316
-1.49927	632	316
-1.499403	632	316
-1.499467	632	316
-1.55654	632	316
-1.556937	632	316
-1.499668	632	316
-1.499627	632	316
-1.497495	632	316
-1.547829	632	316
-1.543209	632	316
-1.499895	632	316
-1.500507	632	316
-1.550136	632	316
-1.559767	632	316
-1.553471	632	316
-1.54329	632	316
-1.549553	632	316
-1.499363	632	316
-1.542797	632	316
-1.549514	632	316
-1.555029	632	316
-1.498672	632	316
-1.49865	632	316
-1.54814	632	316
-1.499832	632	316
-1.498299	632	316
-1.545391	632	316
-1.560579	632	316
-1.505298	632	316
-1.498975	632	316
-1.533211	632	316
-1.500126	632	316
-1.526449	632	316
-1.500533	632	316
-1.500028	632	316
-1.499389	632	316
-1.550114	632	316
-1.500047	632	316
-1.498943	632	316
-1.49959	632	316
-1.499251	632	316
-1.500723	632	316
-1.542043	632	316
-1.498693	632	316
-1.558303	632	316
-1.537846	632	316
-1.54598	632	316
-1.499521	632	316
-1.49914	632	316
-1.531939	632	316
-1.553	632	316
-1.499659	632	316
-1.49955	632	316
-1.534181	632	316
-1.500485	632	316
-1.500071	632	316
-1.558356	632	316
-1.521163	632	316
-1.559485	632	316
-1.498853	632	316
-1.499653	632	316
-1.556391	632	316
-1.499848	632	316
-1.499283	632	316
-1.5311	632	316
-1.499346	632	316
-1.498934	632	316
-1.518745	632	316
-1.504327	632	316
-1.49843	632	316
-1.547728	632	316
-1.49827	632	316
-1.495067	632	316
-1.498486	632	316
-1.500848	632	316
-1.500558	632	316
-1.550936	632	316
-1.53928	632	316
-1.554202	632	316
-1.5005	632	316
-1.550838	632	316
-1.497372	632	316
-1.500305	632	316
-1.548072	632	316
-1.554951	632	316
-1.545577	632	316
-1.500885	632	316
-1.498492	632	316
-1.553692	632	316
-1.499556	632	316
-1.498064	632	316
-1.547124	632	316
-1.499442	632	316
-1.498596	632	316
-1.499592	632	316
-1.496878	632	316
-1.499205	632	316
-1.498613	632	316
-1.499634	632	316
-1.49805	632	316
-1.556186	632	316
-1.512931	632	316
-1.561959	632	316
-1.521948	632	316
-1.498021	632	316
-1.499906	632	316
-1.503596	632	316
-1.531177	632	316
-1.499516	632	316
-1.533804	632	316
-1.497524	632	316
-1.527065	632	316
-1.52276	632	316
-1.531351	632	316
-1.556602	632	316
-1.546086	632	316
-1.519432	632	316
-1.499708	632	316
-1.499992	632	316
-1.511945	632	316
-1.500155	632	316
-1.545147	632	316
-1.498133	632	316
-1.517298	632	316
-1.499381	632	316
-1.5414	632	316
-1.529181	632	316
-1.500138	632	316
-1.499966	632	316
-1.524168	632	316
-1.542412	632	316
-1.500078	632	316
-1.538068	632	316
-1.49782	632	316
-1.513447	632	316
-1.55541	632	316
-1.499103	632	316
-1.506111	632	316
-1.554386	632	316
-1.545512	632	316
-1.540344	632	316
-1.501108	632	316
-1.500187	632	316
-1.520668	632	316
-1.535161	632	316
-1.513135	632	316
-1.498535	632	316
-1.499646	632	316
-1.512108	632	316
-1.501113	632	316
-1.499455	632	316
-1.51474	632	316
-1.553109	632	316
-1.51465	632	316
-1.557543	632	316
-1.55787	632	316
-1.499428	632	316
-1.497192	632	316
-1.499629	632	316
-1.541537	632	316
-1.537254	632	316
-1.498452	632	316
-1.554009	632	316
-1.50046	632	316
-1.541964	632	316
-1.559652	632	316
-1.501821	632	316
-1.497965	632	316
-1.558083	632	316
-1.541274	632	316
-1.558369	632	316
-1.498867	632	316
-1.553775	632	316
-1.499425	632	316
-1.499514	632	316
-1.498472	632	316
-1.499586	632	316
-1.500443	632	316
-1.499733	632	316
-1.556081	632	316
-1.499618	632	316
-1.516656	632	316
-1.522599	632	316
-1.54443	632	316
-1.499531	632	316
-1.499467	632	316
-1.534723	632	316
-1.529368	632	316
-1.500727	632	316
-1.49851	632	316
-1.553032	632	316
-1.505376	632	316
-1.556752	632	316
-1.510563	632	316
-1.558293	632	316
-1.536366	632	316
-1.558167	632	316
-1.536518	632	316
-1.499893	632	316
-1.498809	632	316
-1.538291	632	316
-1.558584	632	316
-1.499621	632	316
-1.557367	632	316
-1.499468	632	316
-1.512812	632	316
-1.559889	632	316
-1.520034	632	316
-1.498573	632	316
-1.548035	632	316
-1.498773	632	316
-1.555394	632	316
-1.537801	632	316
-1.558422	632	316
-1.499221	632	316
-1.536197	632	316
-1.499161	632	316
-1.499126	632	316
-1.500111	632	316
-1.552191	632	316
-1.499869	632	316
-1.499655	632	316
-1.559203	632	316
-1.49852	632	316
-1.550529	632	316
-1.50342	632	316
-1.499131	632	316
-1.538797	632	316
-1.55355	632	316
-1.500467	632	316
-1.499542	632	316
-1.499982	632	316
-1.499092	632	316
-1.500166	632	316
-1.552069	632	316
-1.548644	632	316
-1.53662	632	316
-1.517031	632	316
-1.499108	632	316
-1.500087	632	316
-1.543702	632	316
-1.499535	632	316
-1.499601	632	316
-1.499755	632	316
-1.499249	632	316
-1.499598	632	316
-1.516127	632	316
-1.498479	632	316
-1.514917	632	316
-1.499234	632	316
-1.523251	632	316
-1.500362	632	316
-1.510152	632	316
-1.500382	632	316
-1.519529	632	316
-1.544156	632	316
-1.562003	632	316
-1.499409	632	316
-1.557243	632	316
-1.49914	632	316
-1.548627	632	316
-1.550645	632	316
-1.553529	632	316
-1.530835	632	316
-1.499245	632	316
-1.500142	632	316
-1.528498	632	316
-1.49897	632	316
-1.525188	632	316
-1.549073	632	316
-1.500443	632	316
-1.498558	632	316
-1.499995	632	316
-1.512903	632	316
-1.49724	632	316
-1.523654	632	316
-1.49954	632	316
-1.507534	632	316
-1.500709	632	316
-1.532907	632	316
-1.498989	632	316
-1.499174	632	316
-1.518592	632	316
-1.497667	632	316
-1.494787	632	316
-1.499205	632	316
-1.501865	632	316
-1.500108	632	316
-1.499303	632	316
-1.522854	632	316
-1.543484	632	316
-1.498135	632	316
-1.493161	632	316
-1.497906	632	316
-1.533947	632	316
-1.531307	632	316
-1.510921	632	316
-1.536309	632	316
-1.498392	632	316
-1.500264	632	316
-1.502798	632	316
-1.5388	632	316
-1.499169	632	316
-1.528212	632	316
-1.499439	632	316
-1.498954	632	316
-1.500101	632	316
-1.498317	632	316
-1.537335	632	316
-1.498842	632	316
-1.530052	632	316
-1.499129	632	316
-1.537522	632	316
-1.53537	632	316
-1.561666	632	316
-1.52672	632	316
-1.54051	632	316
-1.498242	632	316
-1.497042	632	316
-1.536108	632	316
-1.50031	632	316
-1.519887	632	316
-1.49989	632	316
-1.499999	632	316
-1.500842	632	316
-1.539768	632	316
-1.499477	632	316
-1.529252	632	316
-1.499183	632	316
-1.517812	632	316
-1.500749	632	316
-1.498142	632	316
-1.544156	632	316
-1.549503	632	316
-1.548868	632	316
-1.500738	632	316
-1.500553	632	316
-1.49824	632	316
-1.547443	632	316
-1.500561	632	316
-1.499612	632	316
-1.500194	632	316
-1.499473	632	316
-1.53689	632	316
-1.498825	632	316
-1.500262	632	316
-1.499869	632	316
-1.500658	632	316
-1.499464	632	316
-1.502184	632	316
-1.499807	632	316
-1.500073	632	316
-1.554454	632	316
-1.519239	632	316
-1.498558	632	316
-1.546048	632	316
-1.56042	632	316
-1.49873	632	316
-1.499981	632	316
-1.489156	632	316
-1.551999	632	316
-1.50885	632	316
-1.499003	632	316
-1.499188	632	316
-1.499141	632	316
-1.503792	632	316
-1.500221	632	316
-1.500317	632	316
-1.501099	632	316
-1.560016	632	316
-1.52081	632	316
-1.500099	632	316
-1.506424	632	316
-1.554576	632	316
-1.516716	632	316
-1.500305	632	316
-1.518336	632	316
-1.494846	632	316
-1.5391	632	316
-1.498872	632	316
-1.550407	632	316
-1.498014	632	316
-1.543895	632	316
-1.498858	632	316
-1.496837	632	316
-1.544332	632	316
-1.498347	632	316
-1.530871	632	316
-1.499058	632	316
-1.499104	632	316
-1.495729	632	316
-1.499212	632	316
-1.49946	632	316
-1.5533	632	316
-1.51547	632	316
-1.498942	632	316
-1.496548	632	316
-1.557746	632	316
-1.553362	632	316
-1.498511	632	316
-1.499756	632	316
-1.560855	632	316
-1.499583	632	316
-1.498786	632	316
-1.558052	632	316
-1.49961	632	316
-1.500354	632	316
-1.555077	632	316
-1.515536	632	316
-1.556721	632	316
-1.532932	632	316
-1.545389	632	316
-1.508574	632	316
-1.552418	632	316
-1.498876	632	316
-1.498294	632	316
-1.542727	632	316
-1.547193	632	316
-1.520459	632	316
-1.500064	632	316
-1.557519	632	316
-1.499215	632	316
-1.499681	632	316
-1.499364	632	316
-1.498527	632	316
-1.500215	632	316
-1.537277	632	316
-1.499108	632	316
-1.528165	632	316
-1.499538	632	316
-1.524008	632	316
-1.497173	632	316
-1.498779	632	316
-1.499392	632	316
-1.499786	632	316
-1.553528	632	316
-1.526297	632	316
-1.49969	632	316
-1.500092	632	316
-1.498787	632	316
-1.558289	632	316
-1.49591	632	316
-1.510176	632	316
-1.543406	632	316
-1.552053	632	316
-1.559167	632	316
-1.498737	632	316
-1.49943	632	316
-1.499105	632	316
-1.515384	632	316
-1.499217	632	316
-1.512986	632	316
-1.49924	632	316
-1.558506	632	316
-1.496019	632	316
-1.497946	632	316
-1.559033	632	316
-1.556542	632	316
-1.49861	632	316
-1.498667	632	316
-1.549326	632	316
-1.499484	632	316
-1.498728	632	316
-1.544503	632	316
-1.502946	632	316
-1.560057	632	316
-1.528636	632	316
-1.498872	632	316
-1.499556	632	316
-1.546433	632	316
-1.551968	632	316
-1.504989	632	316
-1.499949	632	316
-1.497813	632	316
-1.494819	632	316
-1.558123	632	316
-1.499182	632	316
-1.5383	632	316
-1.499003	632	316
-1.535934	632	316
-1.49867	632	316
-1.557223	632	316
-1.498871	632	316
-1.497198	632	316
-1.527417	632	316
-1.497823	632	316
-1.498932	632	316
-1.551676	632	316
-1.49936	632	316
-1.526901	632	316
-1.542352	632	316
-1.543118	632	316
-1.500818	632	316
-1.499907	632	316
-1.498832	632	316
-1.498726	632	316
-1.49999	632	316
-1.559598	632	316
-1.512486	632	316
-1.517339	632	316
-1.537255	632	316
-1.500032	632	316
-1.536796	632	316
-1.543253	632	316
-1.498985	632	316
-1.496576	632	316
-1.558023	632	316
-1.560171	632	316
-1.561161	632	316
-1.548919	632	316
-1.496369	632	316
-1.499395	632	316
-1.537086	632	316
-1.546516	632	316
-1.532367	632	316
-1.55344	632	316
-1.499005	632	316
-1.541551	632	316
-1.499254	632	316
-1.533105	632	316
-1.499287	632	316
-1.499535	632	316
-1.500283	632	316
-1.500094	632	316
-1.503977	632	316
-1.499416	632	316
-1.553817	632	316
-1.499357	632	316
-1.499014	632	316
-1.547378	632	316
-1.498486	632	316
-1.497302	632	316
-1.51784	632	316
-1.555232	632	316
-1.511971	632	316
-1.499762	632	316
-1.499341	632	316
-1.498684	632	316
-1.499806	632	316
-1.507496	632	316
-1.536316	632	316
-1.499328	632	316
-1.500349	632	316
-1.507849	632	316
-1.500161	632	316
-1.49927	632	316
-1.539257	632	316
-1.504693	632	316
-1.498656	632	316
-1.538184	632	316
-1.548648	632	316
-1.499619	632	316
-1.555989	632	316
-1.501083	632	316
-1.556702	632	316
-1.559921	632	316
-1.497862	632	316
-1.499399	632	316
-1.55691	632	316
-1.498668	632	316
-1.518404	632	316
-1.498797	632	316
-1.499294	632	316
-1.497515	632	316
-1.499898	632	316
-1.531726	632	316
-1.51852	632	316
-1.499073	632	316
-1.548918	632	316
-1.533547	632	316
-1.544914	632	316
-1.499641	632	316
-1.497879	632	316
-1.554191	632	316
-1.498868	632	316
-1.504071	632	316
-1.499188	632	316
-1.498578	632	316
-1.497626	632	316
-1.501919	632	316
-1.499916	632	316
-1.514571	632	316
-1.500262	632	316
-1.550297	632	316
-1.524743	632	316
-1.5537	632	316
-1.499017	632	316
-1.533044	632	316
-1.56	632	316
-1.500737	632	316
-1.49882	632	316
-1.498494	632	316
-1.550549	632	316
-1.498526	632	316
-1.499228	632	316
-1.5404	632	316
-1.529962	632	316
-1.558281	632	316
-1.558563	632	316
-1.499369	632	316
-1.504523	632	316
-1.500069	632	316
-1.499433	632	316
-1.498846	632	316
-1.534921	632	316
-1.546488	632	316
-1.531519	632	316
-1.5594	632	316
-1.499335	632	316
-1.535574	632	316
-1.498786	632	316
-1.498875	632	316
-1.516681	632	316
-1.499173	632	316
-1.499616	632	316
-1.507783	632	316
-1.498614	632	316
-1.500792	632	316
-1.50293	632	316
-1.499278	632	316
-1.500562	632	316
-1.524191	632	316
-1.554588	632	316
-1.505409	632	316
-1.555836	632	316
-1.540245	632	316
-1.55984	632	316
-1.498271	632	316
-1.555054	632	316
-1.499573	632	316
-1.500215	632	316
-1.522357	632	316
-1.5466	632	316
-1.515049	632	316
-1.499274	632	316
-1.499192	632	316
-1.499411	632	316
-1.499107	632	316
-1.500164	632	316
-1.499572	632	316
-1.499652	632	316
-1.508056	632	316
-1.551685	632	316
-1.496826	632	316
-1.499133	632	316
-1.499543	632	316
-1.498445	632	316
-1.541945	632	316
-1.499739	632	316
-1.550995	632	316
-1.499425	632	316
-1.543125	632	316
-1.539647	632	316
-1.556042	632	316
-1.53711	632	316
-1.543974	632	316
-1.517704	632	316
-1.493697	632	316
-1.550471	632	316
-1.499204	632	316
-1.499959	632	316
-1.500024	632	316
-1.503129	632	316
-1.498879	632	316
-1.501197	632	316
-1.556874	632	316
-1.499814	632	316
-1.516021	632	316
-1.554959	632	316
-1.528033	632	316
-1.532453	632	316
-1.548974	632	316
-1.499402	632	316
-1.538829	632	316
-1.500661	632	316
-1.501954	632	316
-1.499475	632	316
-1.55606	632	316
-1.499194	632	316
-1.527746	632	316
-1.530597	632	316
-1.516758	632	316
-1.49956	632	316
-1.509313	632	316
-1.559395	632	316
-1.498993	632	316
-1.499518	632	316
-1.499746	632	316
-1.499437	632	316
-1.50001	632	316
-1.561609	632	316
-1.50782	632	316
-1.497405	632	316
-1.561419	632	316
-1.558594	632	316
-1.49859	632	316
-1.554396	632	316
-1.540541	632	316
-1.555315	632	316
-1.497124	632	316
-1.499208	632	316
-1.536893	632	316
-1.496951	632	316
-1.527336	632	316
-1.499576	632	316
-1.499767	632	316
-1.509548	632	316
-1.4979	632	316
-1.49907	632	316
-1.544308	632	316
-1.560903	632	316
-1.52409	632	316
-1.499795	632	316
-1.545267	632	316
-1.49853	632	316
-1.498474	632	316
-1.508984	632	316
-1.500018	632	316
-1.547535	632	316
-1.540161	632	316
-1.499617	632	316
-1.537072	632	316
-1.544995	632	316
-1.499338	632	316
-1.553306	632	316
-1.499985	632	316
-1.523687	632	316
-1.539844	632	316
-1.549644	632	316
-1.537711	632	316
-1.49609	632	316
-1.503377	632	316
-1.500642	632	316
-1.499757	632	316
-1.557122	632	316
-1.498912	632	316
-1.498019	632	316
-1.520939	632	316
-1.519937	632	316
-1.50036	632	316
-1.499672	632	316
-1.499294	632	316
-1.499571	632	316
-1.553788	632	316
-1.556104	632	316
-1.499923	632	316
-1.557314	632	316
-1.551565	632	316
-1.500853	632	316
-1.557516	632	316
-1.499381	632	316
-1.54775	632	316
-1.498324	632	316
-1.546946	632	316
-1.543274	632	316
-1.526646	632	316
-1.4996	632	316
-1.499689	632	316
-1.499298	632	316
-1.540519	632	316
-1.524599	632	316
-1.547413	632	316
-1.548608	632	316
-1.499337	632	316
-1.54944	632	316
-1.559997	632	316
-1.557194	632	316
-1.49972	632	316
-1.515601	632	316
-1.499079	632	316
-1.548011	632	316
-1.500368	632	316
-1.497863	632	316
-1.498398	632	316
-1.498361	632	316
-1.499414	632	316
-1.49832	632	316
-1.497592	632	316
-1.499202	632	316
-1.547175	632	316
-1.500039	632	316
-1.499319	632	316
-1.499085	632	316
-1.500776	632	316
-1.499306	632	316
-1.561011	632	316
-1.498084	632	316
-1.499435	632	316
-1.500326	632	316
-1.49893	632	316
-1.499057	632	316
-1.556535	632	316
-1.548022	632	316
-1.555202	632	316
-1.538999	632	316
-1.494492	632	316
-1.530751	632	316
-1.56191	632	316
-1.498509	632	316
-1.499404	632	316
-1.499829	632	316
-1.499715	632	316
-1.49957	632	316
-1.543694	632	316
-1.499249	632	316
-1.538821	632	316
-1.529002	632	316
-1.499539	632	316
-1.499175	632	316
-1.539148	632	316
-1.499812	632	316
-1.522059	632	316
-1.550197	632	316
-1.500181	632	316
-1.49874	632	316
-1.524958	632	316
-1.552477	632	316
-1.546289	632	316
-1.499918	632	316
-1.498571	632	316
-1.498954	632	316
-1.498624	632	316
-1.534702	632	316
-1.537882	632	316
-1.499685	632	316
-1.499653	632	316
-1.503131	632	316
-1.499535	632	316
-1.500258	632	316
-1.538172	632	316
-1.498226	632	316
-1.499728	632	316
-1.548037	632	316
-1.499569	632	316
-1.499436	632	316
-1.498615	632	316
-1.550306	632	316
-1.500506	632	316
-1.499447	632	316
-1.500172	632	316
-1.5004	632	316
-1.514483	632	316
-1.49964	632	316
-1.501746	632	316
-1.4998	632	316
-1.54223	632	316
-1.501877	632	316
-1.499454	632	316
-1.499218	632	316
-1.499526	632	316
-1.495155	632	316
-1.500019	632	316
-1.499585	632	316
-1.498002	632	316
-1.558991	632	316
-1.499503	632	316
-1.519072	632	316
-1.555253	632	316
-1.553529	632	316
-1.54288	632	316
-1.49937	632	316
-1.551432	632	316
-1.499664	632	316
-1.498727	632	316
-1.543326	632	316
-1.499619	632	316
-1.496747	632	316
-1.500551	632	316
-1.556279	632	316
-1.559081	632	316
-1.553155	632	316
-1.499442	632	316
-1.499523	632	316
-1.500062	632	316
-1.53628	632	316
-1.499674	632	316
-1.499712	632	316
-1.555219	632	316
-1.553329	632	316
-1.555752	632	316
-1.518125	632	316
-1.501212	632	316
-1.499769	632	316
-1.499255	632	316
-1.499024	632	316
-1.511617	632	316
-1.499931	632	316
-1.499495	632	316
-1.537161	632	316
-1.49876	632	316
-1.501186	632	316
-1.499324	632	316
-1.561488	632	316
-1.533084	632	316
-1.516269	632	316
-1.554069	632	316
-1.499315	632	316
-1.499366	632	316
-1.506501	632	316
-1.555637	632	316
-1.498825	632	316
-1.500077	632	316
-1.499229	632	316
-1.509014	632	316
-1.498704	632	316
-1.560455	632	316
-1.516458	632	316
-1.529968	632	316
-1.544384	632	316
-1.498527	632	316
-1.532633	632	316
-1.499144	632	316
-1.498229	632	316
-1.532885	632	316
-1.499813	632	316
-1.504445	632	316
-1.499385	632	316
-1.521027	632	316
-1.49896	632	316
-1.531974	632	316
-1.49952	632	316
-1.498512	632	316
-1.507768	632	316
-1.559213	632	316
-1.4989	632	316
-1.511654	632	316
-1.499495	632	316
-1.498874	632	316
-1.498928	632	316
-1.527957	632	316
-1.520902	632	316
-1.500243	632	316
-1.499921	632	316
-1.498892	632	316
-1.498369	632	316
-1.500338	632	316
-1.499545	632	316
-1.529172	632	316
-1.551782	632	316
-1.498136	632	316
-1.545204	632	316
-1.500266	632	316
-1.500791	632	316
-1.500209	632	316
-1.499703	632	316
-1.558173	632	316
-1.499787	632	316
-1.500241	632	316
-1.498938	632	316
-1.499119	632	316
-1.551915	632	316
-1.499687	632	316
-1.49869	632	316
-1.49926	632	316
-1.550667	632	316
-1.556074	632	316
-1.527392	632	316
-1.500277	632	316
-1.499687	632	316
-1.536839	632	316
-1.560741	632	316
-1.499787	632	316
-1.498317	632	316
-1.537052	632	316
-1.55385	632	316
-1.499602	632	316
-1.498459	632	316
-1.523349	632	316
-1.521633	632	316
-1.499328	632	316
-1.499753	632	316
-1.49509	632	316
-1.500334	632	316
-1.499372	632	316
-1.510723	632	316
-1.557305	632	316
-1.522174	632	316
-1.514764	632	316
-1.500027	632	316
-1.49919	632	316
-1.499906	632	316
-1.499509	632	316
-1.500606	632	316
-1.498329	632	316
-1.499982	632	316
-1.499051	632	316
-1.498448	632	316
-1.50013	632	316
-1.524441	632	316
-1.500076	632	316
-1.552924	632	316
-1.498637	632	316
-1.499837	632	316
-1.500253	632	316
-1.529458	632	316
-1.538556	632	316
-1.500441	632	316
-1.505794	632	316
-1.503993	632	316
-1.500052	632	316
-1.546155	632	316
-1.555417	632	316
-1.558807	632	316
-1.49962	632	316
-1.526932	632	316
-1.55059	632	316
-1.499102	632	316
-1.496831	632	316
-1.497046	632	316
-1.55948	632	316
-1.549121	632	316
-1.498123	632	316
-1.499452	632	316
-1.546029	632	316
-1.496771	632	316
-1.55462	632	316
-1.558027	632	316
-1.499378	632	316
-1.498963	632	316
-1.499482	632	316
-1.559544	632	316
-1.55801	632	316
-1.545607	632	316
-1.558699	632	316
-1.515822	632	316
-1.499132	632	316
-1.500224	632	316
-1.542795	632	316
-1.497612	632	316
-1.499519	632	316
-1.525459	632	316
-1.537386	632	316
-1.524692	632	316
-1.548054	632	316
-1.499773	632	316
-1.559282	632	316
-1.498316	632	316
-1.508097	632	316
-1.517509	632	316
-1.501301	632	316
-1.555604	632	316
-1.501554	632	316
-1.517686	632	316
-1.525757	632	316
-1.499239	632	316
-1.499794	632	316
-1.499861	632	316
-1.533963	632	316
-1.500167	632	316
-1.500587	632	316
-1.499597	632	316
-1.501565	632	316
-1.499824	632	316
-1.558091	632	316
-1.553972	632	316
-1.528289	632	316
-1.499764	632	316
-1.498602	632	316
-1.550254	632	316
-1.505724	632	316
-1.546898	632	316
-1.499728	632	316
-1.498741	632	316
-1.499667	632	316
-1.499939	632	316
-1.499176	632	316
-1.547298	632	316
-1.504753	632	316
-1.548475	632	316
-1.551447	632	316
-1.499709	632	316
-1.499201	632	316
-1.498686	632	316
-1.498381	632	316
-1.523888	632	316
-1.497888	632	316
-1.553206	632	316
-1.499471	632	316
-1.497895	632	316
-1.499939	632	316
-1.49928	632	316
-1.501064	632	316
-1.499867	632	316
-1.499354	632	316
-1.499768	632	316
-1.498574	632	316
-1.499714	632	316
-1.49915	632	316
-1.561427	632	316
-1.503165	632	316
-1.499196	632	316
-1.545499	632	316
-1.499718	632	316
-1.512809	632	316
-1.542199	632	316
-1.498587	632	316
-1.500076	632	316
-1.560191	632	316
-1.499785	632	316
-1.541606	632	316
-1.499453	632	316
-1.558143	632	316
-1.498565	632	316
-1.499117	632	316
-1.499748	632	316
-1.544166	632	316
-1.526818	632	316
-1.50035	632	316
-1.499056	632	316
-1.515121	632	316
-1.499471	632	316
-1.523005	632	316
-1.500043	632	316
-1.554749	632	316
-1.552553	632	316
-1.499951	632	316
-1.498834	632	316
-1.496528	632	316
-1.542694	632	316
-1.550648	632	316
-1.501399	632	316
-1.52958	632	316
-1.541857	632	316
-1.499677	632	316
-1.498256	632	316
-1.515252	632	316
-1.499254	632	316
-1.541871	632	316
-1.555738	632	316
-1.498978	632	316
-1.499803	632	316
-1.558327	632	316
-1.499816	632	316
-1.500326	632	316
-1.520082	632	316
-1.500034	632	316
-1.497753	632	316
-1.553897	632	316
-1.499349	632	316
-1.534529	632	316
-1.500082	632	316
-1.499933	632	316
-1.49985	632	316
-1.499274	632	316
-1.499181	632	316
-1.498711	632	316
-1.49915	632	316
-1.50045	632	316
-1.499443	632	316
-1.556557	632	316
-1.498074	632	316
-1.541181	632	316
-1.553824	632	316
-1.499861	632	316
-1.499125	632	316
-1.537572	632	316
-1.517691	632	316
-1.495194	632	316
-1.498031	632	316
-1.532348	632	316
-1.506842	632	316
-1.498951	632	316
-1.549056	632	316
-1.553588	632	316
-1.499837	632	316
-1.538154	632	316
-1.498683	632	316
-1.499932	632	316
-1.532367	632	316
-1.498086	632	316
-1.552025	632	316
-1.533357	632	316
-1.549912	632	316
-1.504631	632	316
-1.499838	632	316
-1.553618	632	316
-1.498786	632	316
-1.49904	632	316
-1.499347	632	316
