-1.567	128	26
-1.531	124	26
-1.52	165	26
-1.562	130	26
-1.522	131	26
-1.517	125	26
-1.576	115	26
-1.516	131	26
-1.525	134	26
-1.566	130	26
-1.53	115	26
-1.566	138	26
-1.499	140	26
-1.488	116	26
-1.569	136	26
-1.523	95	26
-1.512	118	26
-1.508	123	26
-1.488	121	26
-1.559	95	26
-1.477	129	26
-1.558	108	26
-1.517	135	26
-1.499	98	26
-1.501	147	26
-1.258	117	26
-1.56	111	26
-1.478	127	26
-1.502	114	26
-1.523	123	26
-1.506	141	26
-1.502	128	26
-1.533	138	26
-1.522	113	26
-1.529	147	26
-1.558	124	26
-1.526	138	26
-1.508	158	26
-1.476	132	26
-1.529	135	26
-1.498	135	26
-1.545	141	26
-1.517	123	26
-1.516	150	26
-1.509	133	26
-1.521	146	26
-1.565	113	26
-1.494	142	26
-1.521	122	26
-1.509	117	26
-1.499	119	26
-1.52	139	26
-1.474	136	26
-1.52	135	26
-1.482	121	26
-1.518	116	26
-1.504	128	26
-1.517	122	26
-1.541	119	26
-1.521	133	26
-1.589	115	26
-1.493	110	26
-1.519	130	26
-1.529	118	26
-1.44	130	26
-1.49	116	26
-1.496	137	26
-1.494	139	26
-1.478	156	26
-1.506	138	26
-1.477	119	26
-1.561	133	26
-1.575	113	26
-1.504	111	26
-1.499	130	26
-1.517	110	26
-1.497	135	26
-1.508	136	26
-1.561	125	26
-1.525	115	26
-1.506	119	26
-1.519	128	26
-1.505	128	26
-1.504	113	26
-1.472	134	26
-1.482	123	26
-1.504	112	26
-1.532	116	26
-1.49	105	26
-1.528	95	26
-1.492	114	26
-1.534	120	26
-1.51	131	26
-1.511	147	26
-1.517	139	26
-1.511	129	26
-1.532	142	26
-1.488	135	26
-1.529	122	26
-1.541	128	26
-1.532	147	26
-1.545	119	26
-1.489	144	26
-1.561	141	26
-1.522	127	26
-1.521	117	26
-1.517	137	26
-1.495	120	26
-1.522	131	26
-1.537	121	26
-1.512	123	26
-1.549	138	26
-1.561	117	26
-1.528	99	26
-1.498	139	26
-1.516	126	26
-1.531	156	26
-1.497	113	26
-1.514	114	26
-1.489	135	26
-1.501	122	26
-1.509	139	26
-1.513	106	26
-1.533	106	26
-1.476	145	26
-1.55	128	26
-1.569	108	26
-1.516	115	26
-1.512	134	26
-1.499	161	26
-1.523	118	26
-1.581	115	26
-1.554	121	26
-1.509	142	26
-1.505	110	26
-1.501	133	26
-1.535	129	26
-1.501	129	26
-1.523	116	26
-1.507	131	26
-1.519	139	26
-1.541	111	26
-1.482	157	26
-1.486	138	26
-1.543	116	26
-1.505	134	26
-1.491	141	26
-1.587	116	26
-1.522	126	26
-1.563	140	26
-1.529	98	26
-1.514	125	26
-1.557	131	26
-1.479	119	26
-1.567	102	26
-1.516	125	26
-1.525	119	26
-1.525	117	26
-1.597	132	26
-1.575	128	26
-1.503	121	26
-1.506	140	26
-1.503	113	26
-1.548	127	26
-1.492	114	26
-1.584	112	26
-1.507	145	26
-1.517	109	26
-1.512	136	26
-1.526	138	26
-1.567	135	26
-1.52	123	26
-1.517	115	26
-1.51	129	26
-1.537	112	26
-1.544	140	26
-1.513	129	26
-1.509	118	26
-1.488	143	26
-1.492	120	26
-1.525	163	26
-1.554	121	26
-1.527	106	26
-1.573	128	26
-1.531	133	26
-1.508	124	26
-1.492	141	26
-1.519	125	26
-1.504	112	26
-1.566	117	26
-1.501	145	26
-1.538	144	26
-1.56	142	26
-1.5	123	26
-1.549	115	26
-1.492	113	26
-1.52	131	26
-1.47	141	26
-1.524	119	26
-1.551	133	26
-1.511	142	26
-1.545	116	26
-1.521	120	26
-1.571	143	26
-1.561	117	26
-1.539	119	26
-1.536	117	26
-1.517	103	26
-1.538	131	26
-1.52	144	26
-1.525	121	26
-1.514	142	26
-1.483	136	26
-1.512	130	26
-1.475	127	26
-1.49	116	26
-1.518	113	26
-1.505	125	26
-1.507	145	26
-1.526	114	26
-1.507	146	26
-1.576	115	26
-1.564	128	26
-1.537	134	26
-1.519	154	26
-1.601	123	26
-1.525	99	26
-1.517	129	26
-1.526	137	26
-1.487	137	26
-1.521	135	26
-1.501	115	26
-1.532	111	26
-1.523	129	26
-1.496	157	26
-1.495	116	26
-1.484	120	26
-1.523	126	26
-1.491	109	26
-1.52	124	26
-1.509	138	26
-1.554	124	26
-1.509	129	26
-1.509	114	26
-1.538	139	26
-1.564	136	26
-1.523	125	26
-1.515	105	26
-1.48	123	26
-1.473	136	26
-1.506	133	26
-1.483	141	26
-1.498	120	26
-1.527	141	26
-1.532	113	26
-1.51	142	26
-1.527	135	26
-1.485	136	26
-1.519	107	26
-1.507	132	26
-1.598	154	26
-1.533	122	26
-1.502	142	26
-1.506	130	26
-1.574	160	26
-1.557	122	26
-1.528	160	26
-1.53	128	26
-1.55	135	26
-1.507	112	26
-1.487	107	26
-1.511	123	26
-1.503	129	26
-1.556	133	26
-1.559	126	26
-1.489	119	26
-1.534	126	26
-1.482	144	26
-1.528	119	26
-1.538	122	26
-1.563	120	26
-1.575	135	26
-1.485	107	26
-1.515	113	26
-1.529	140	26
-1.515	131	26
-1.536	114	26
-1.565	116	26
-1.495	120	26
-1.532	120	26
-1.539	115	26
-1.46	126	26
-1.489	142	26
-1.503	123	26
-0.963	153	26
-1.501	137	26
-1.514	115	26
-1.494	122	26
-1.515	115	26
-1.493	137	26
-1.525	134	26
-1.545	121	26
-1.449	130	26
-1.503	137	26
-1.51	112	26
-1.527	129	26
-1.51	118	26
-1.496	134	26
-1.548	116	26
-1.518	147	26
-1.52	107	26
-1.542	151	26
-1.535	133	26
-1.516	133	26
-1.49	130	26
-1.572	123	26
-1.459	134	26
-1.544	132	26
-1.501	146	26
-1.518	150	26
-1.48	145	26
-1.508	99	26
-1.531	130	26
-1.485	123	26
-1.506	137	26
-0.733	107	26
-1.506	142	26
-1.58	124	26
-1.534	116	26
-1.507	138	26
-1.525	130	26
-1.509	137	26
-1.496	140	26
-1.493	129	26
-1.487	129	26
-1.511	118	26
-1.505	125	26
-1.499	117	26
-1.553	87	26
-1.513	117	26
-1.501	113	26
-1.523	148	26
-1.553	121	26
-1.513	150	26
-1.498	159	26
-1.551	122	26
-1.481	113	26
-1.524	134	26
-1.505	122	26
-1.517	130	26
-1.565	141	26
-1.48	101	26
-1.497	122	26
-1.531	100	26
-1.531	118	26
-1.515	91	26
-1.487	158	26
-1.496	149	26
-1.534	127	26
-1.495	130	26
-1.498	136	26
-1.524	123	26
-1.521	115	26
-1.527	135	26
-1.496	126	26
-1.493	118	26
-1.518	92	26
-1.552	133	26
-1.578	129	26
-1.526	117	26
-1.523	138	26
-1.555	100	26
-1.514	131	26
-1.491	111	26
-1.498	146	26
-1.545	121	26
-1.477	126	26
-1.52	129	26
-1.524	139	26
-1.494	135	26
-1.513	133	26
-1.53	117	26
-1.494	134	26
-1.499	133	26
-1.508	141	26
-1.514	104	26
-1.518	133	26
-1.557	135	26
-1.506	120	26
-1.583	136	26
-1.556	146	26
-1.519	122	26
-0.006	133	26
-1.537	117	26
-1.523	116	26
-1.472	135	26
-1.52	128	26
-1.576	129	26
-1.509	148	26
-1.501	127	26
-1.495	138	26
-1.499	128	26
-1.539	138	26
-1.484	131	26
-1.49	153	26
-1.482	123	26
-1.477	124	26
-1.575	131	26
-1.554	129	26
-1.522	153	26
-1.561	104	26
-1.495	125	26
-1.488	140	26
-1.564	99	26
-1.489	132	26
-1.535	135	26
-1.565	105	26
-1.559	133	26
-1.496	144	26
-1.502	130	26
-1.497	120	26
-1.521	132	26
-1.553	119	26
-1.504	138	26
-1.526	127	26
-1.522	124	26
-1.518	115	26
-1.525	124	26
-1.507	111	26
-1.519	149	26
-1.503	122	26
-1.502	124	26
-1.52	127	26
-1.487	106	26
-1.552	104	26
-1.514	126	26
-1.531	120	26
-1.495	136	26
-1.477	115	26
-1.569	143	26
-1.518	123	26
-1.559	131	26
-1.518	151	26
-1.524	130	26
-1.54	117	26
-1.525	106	26
-1.505	142	26
-1.522	135	26
-1.566	121	26
-1.5	110	26
-1.453	140	26
-1.543	144	26
-1.529	102	26
-1.472	113	26
-1.502	110	26
-1.511	128	26
-1.503	118	26
-1.555	118	26
-1.499	105	26
-1.49	128	26
-1.479	137	26
-1.5	110	26
-1.521	148	26
-1.549	127	26
-1.479	154	26
-1.493	118	26
-1.55	142	26
-1.507	124	26
-1.52	118	26
-1.538	105	26
-1.535	124	26
-1.444	130	26
-1.496	104	26
-1.527	122	26
-1.539	139	26
-1.546	103	26
-1.527	135	26
-1.51	133	26
-1.487	143	26
-1.551	132	26
-1.513	131	26
-1.455	129	26
-1.522	128	26
-1.572	155	26
-1.545	126	26
-1.461	130	26
-1.535	132	26
-1.527	136	26
-1.552	126	26
-1.538	131	26
-1.494	143	26
-1.523	136	26
-1.581	127	26
-1.529	100	26
-1.524	105	26
-1.541	119	26
-1.525	122	26
-1.486	155	26
-1.536	133	26
-1.554	119	26
-1.496	122	26
-1.569	116	26
-1.579	118	26
-1.575	117	26
-1.506	131	26
-1.528	132	26
-1.557	129	26
-1.52	127	26
-1.483	121	26
-1.506	99	26
-1.53	132	26
-1.378	120	26
-1.515	123	26
-1.507	121	26
-1.479	125	26
-1.501	121	26
-1.511	140	26
-1.51	113	26
-1.495	122	26
-1.547	135	26
-1.492	123	26
-1.477	120	26
-1.487	144	26
-1.499	131	26
-1.557	134	26
-1.528	111	26
-1.478	122	26
-1.491	119	26
-1.495	138	26
-1.518	110	26
-1.517	116	26
-1.525	126	26
-1.59	141	26
-1.501	132	26
-1.49	112	26
-1.522	120	26
-1.58	129	26
-1.489	126	26
-1.565	125	26
-1.516	108	26
-1.501	114	26
-1.482	130	26
-1.507	125	26
-1.499	134	26
-1.502	167	26
-1.522	123	26
-1.495	110	26
-1.5	133	26
-1.525	147	26
-1.555	120	26
-1.465	144	26
-0.669	93	26
-1.512	119	26
-1.546	154	26
-1.553	140	26
-1.527	106	26
-1.552	121	26
-1.597	117	26
-1.461	133	26
-1.551	129	26
-1.536	119	26
-1.497	139	26
-1.514	125	26
-1.518	136	26
-1.478	144	26
-1.54	110	26
-1.524	128	26
-1.514	143	26
-1.477	142	26
-1.54	111	26
-1.575	133	26
-1.52	143	26
-1.581	95	26
-1.584	128	26
-1.531	113	26
-1.53	121	26
-1.489	144	26
-1.51	138	26
-1.516	120	26
-1.587	128	26
-1.562	110	26
-1.508	124	26
-1.512	149	26
-1.473	137	26
-1.549	113	26
-1.495	145	26
-1.508	123	26
-1.555	120	26
-1.579	133	26
-1.481	136	26
-1.559	98	26
-1.482	131	26
-1.568	126	26
-1.546	103	26
-0.288	136	26
-1.512	131	26
-1.549	110	26
-1.5	116	26
-1.481	100	26
-1.557	129	26
-1.518	136	26
-1.489	110	26
-1.513	141	26
-1.464	125	26
-1.553	110	26
-1.501	146	26
-1.567	134	26
-1.509	121	26
-1.503	118	26
-1.524	106	26
-1.562	132	26
-1.5	134	26
-1.496	124	26
-1.509	122	26
-1.472	137	26
-1.507	149	26
-1.486	88	26
-1.566	111	26
-1.5	112	26
-1.514	131	26
-1.496	126	26
-1.495	136	26
-1.499	127	26
-1.475	156	26
-1.533	149	26
-1.548	131	26
-1.479	138	26
-1.528	152	26
-1.503	136	26
-1.524	131	26
-1.575	111	26
-1.588	149	26
-1.53	127	26
-1.489	134	26
-1.48	131	26
-1.514	141	26
-1.506	110	26
-1.548	112	26
-1.506	123	26
-1.499	117	26
-1.514	134	26
-1.509	118	26
-1.485	134	26
-1.522	98	26
-1.551	136	26
-1.478	129	26
-1.555	150	26
-1.576	105	26
-1.483	126	26
-1.569	130	26
-1.508	123	26
-1.532	123	26
-1.516	139	26
-1.502	121	26
-1.526	107	26
-1.503	131	26
-1.57	132	26
-1.501	150	26
-1.57	113	26
-1.504	154	26
-1.483	120	26
-1.575	120	26
-1.517	136	26
-1.498	128	26
-1.513	116	26
-1.511	116	26
-1.54	137	26
-1.577	125	26
-1.57	110	26
-1.514	142	26
-1.448	126	26
-1.523	126	26
-1.502	121	26
-1.512	121	26
-1.521	111	26
-1.566	111	26
-1.542	119	26
-1.521	109	26
-1.508	136	26
-1.533	115	26
-1.494	134	26
-1.589	104	26
-1.547	135	26
-1.457	138	26
-1.498	112	26
-1.515	142	26
-1.481	141	26
-1.501	109	26
-1.505	118	26
-1.515	112	26
-1.571	121	26
-1.511	128	26
-1.603	112	26
-1.482	128	26
-1.56	104	26
-1.523	136	26
-1.491	109	26
-1.548	122	26
-1.517	108	26
-1.566	138	26
-1.509	111	26
-1.521	113	26
-1.499	129	26
-1.515	169	26
-1.497	120	26
-1.53	103	26
-1.532	140	26
-1.581	107	26
-1.505	136	26
-1.523	113	26
-1.535	149	26
-1.509	134	26
-1.536	105	26
-1.535	129	26
-1.517	141	26
-1.556	121	26
-1.495	97	26
-1.51	129	26
-1.507	106	26
-1.56	115	26
-1.521	108	26
-1.512	143	26
-1.527	112	26
-1.486	122	26
-1.524	128	26
-1.508	123	26
-1.522	133	26
-1.508	112	26
-1.484	124	26
-1.501	151	26
-1.527	150	26
-1.511	120	26
-1.516	118	26
-1.525	131	26
-1.465	135	26
-1.512	121	26
-1.508	140	26
-1.531	117	26
-1.546	127	26
-1.522	112	26
-1.496	125	26
-1.522	120	26
-1.536	117	26
-1.482	135	26
-1.517	125	26
-1.533	133	26
-1.494	120	26
-1.501	120	26
-1.512	149	26
-1.526	67	26
-1.61	138	26
-1.528	126	26
-1.528	120	26
-1.487	125	26
-1.492	135	26
-1.514	126	26
-1.49	135	26
-1.53	115	26
-1.515	119	26
-1.545	97	26
-1.493	128	26
-1.519	113	26
-1.501	92	26
-1.527	124	26
-1.503	132	26
-1.577	129	26
-1.523	122	26
-1.526	98	26
-1.54	113	26
-1.494	133	26
-1.507	128	26
-1.613	117	26
-1.51	146	26
-1.517	148	26
-1.508	115	26
-1.526	152	26
-1.568	111	26
-1.511	150	26
-1.497	124	26
-1.512	141	26
-1.556	138	26
-1.558	118	26
-1.52	117	26
-1.535	137	26
-1.518	130	26
-1.533	128	26
-1.517	147	26
-1.482	129	26
-1.476	134	26
-1.547	121	26
-1.483	112	26
-1.491	128	26
-1.555	119	26
-1.529	135	26
-1.501	147	26
-1.481	121	26
-1.521	129	26
-1.512	105	26
-1.524	115	26
-1.571	121	26
-1.52	131	26
-1.511	161	26
-1.497	125	26
-1.496	119	26
-1.478	131	26
-1.502	110	26
-1.515	112	26
-1.526	138	26
-1.491	127	26
-1.571	109	26
-1.556	115	26
-1.55	118	26
-1.529	114	26
-1.53	120	26
-1.503	119	26
-1.513	119	26
-1.521	146	26
-1.503	128	26
-1.5	128	26
-1.5	119	26
-1.58	136	26
-1.52	144	26
-1.528	123	26
-1.55	122	26
-1.497	143	26
-1.552	128	26
-1.554	148	26
-1.474	108	26
-1.515	118	26
-1.512	148	26
-1.489	136	26
-1.473	113	26
-1.508	108	26
-1.507	152	26
-1.543	137	26
-1.503	124	26
-1.487	133	26
-1.548	127	26
-1.504	132	26
-1.48	113	26
-1.511	121	26
-1.51	146	26
-1.472	138	26
-1.471	131	26
-1.546	133	26
-1.517	104	26
-1.503	111	26
-1.502	103	26
-1.49	119	26
-1.488	128	26
-1.542	128	26
-1.515	125	26
-1.501	117	26
-1.545	130	26
-1.547	128	26
-1.511	90	26
-1.515	118	26
-1.525	130	26
-1.517	117	26
-1.508	94	26
-1.493	117	26
-1.539	124	26
-1.541	119	26
-1.518	121	26
-1.506	132	26
-1.466	141	26
-1.525	124	26
-1.584	107	26
-1.527	102	26
-1.525	115	26
-1.519	120	26
-1.493	153	26
-1.579	117	26
-1.518	135	26
-1.516	131	26
-1.529	136	26
-1.493	130	26
-1.534	134	26
-1.566	104	26
-1.511	131	26
-1.524	115	26
-1.511	132	26
-1.527	117	26
-1.549	124	26
-1.585	130	26
-1.591	123	26
-1.506	144	26
-1.51	138	26
-1.489	144	26
-1.498	126	26
-1.486	128	26
-1.542	117	26
-1.522	146	26
-1.52	122	26
-1.504	120	26
-1.552	103	26
-1.523	98	26
-1.48	147	26
-1.511	141	26
-1.491	130	26
-1.523	140	26
-1.54	85	26
-1.498	120	26
-1.525	132	26
-1.471	131	26
-1.518	158	26
-1.539	130	26
-1.554	124	26
-1.554	140	26
-1.488	135	26
-1.532	140	26
-1.571	109	26
-1.519	105	26
-1.539	109	26
-1.585	128	26
-1.51	132	26
-1.507	113	26
-1.506	100	26
-1.494	126	26
-1.544	121	26
-1.493	124	26
-1.493	131	26
-1.55	145	26
-1.574	148	26
-1.501	110	26
-1.521	134	26
-1.534	129	26
-1.514	122	26
-1.476	117	26
-1.51	141	26
-1.487	130	26
-1.549	114	26
-1.592	109	26
-1.509	130	26
-1.527	127	26
-1.532	125	26
-1.576	135	26
-1.488	109	26
-1.499	120	26
-1.519	153	26
-1.532	130	26
-1.557	125	26
-1.508	118	26
-1.485	127	26
-1.514	115	26
-1.506	154	26
-1.478	105	26
-1.518	174	26
-1.558	123	26
-1.516	118	26
-1.574	115	26
-1.542	124	26
-1.51	115	26
-1.498	119	26
-1.541	113	26
-1.516	107	26
-1.539	138	26
-1.519	110	26
-1.519	139	26
-1.504	105	26
-1.51	137	26
-1.523	96	26
-1.511	109	26
-1.459	143	26
-1.523	109	26
-1.496	154	26
-1.498	124	26
-1.513	135	26
-1.584	138	26
-1.516	107	26
-1.489	138	26
-1.521	130	26
-1.525	139	26
-1.55	120	26
-1.511	135	26
-1.513	137	26
-1.582	119	26
-1.497	130	26
-1.525	122	26
-1.486	127	26
-1.558	127	26
-1.498	130	26
0.687	125	26
-1.512	114	26
-1.516	130	26
-1.556	135	26
-1.486	122	26
-1.545	110	26
-1.494	133	26
-1.509	139	26
-1.469	130	26
-1.531	151	26
-1.517	149	26
-1.484	116	26
-1.58	110	26
-1.48	114	26
-1.522	123	26
-1.482	112	26
-1.565	134	26
-1.536	108	26
-1.518	138	26
-1.49	121	26
-1.5	143	26
-1.544	135	26
-1.514	141	26
-1.534	122	26
-1.494	115	26
-1.511	114	26
-1.509	125	26
-1.504	141	26
-1.532	151	26
-1.496	128	26
-1.541	144	26
-1.519	120	26
-1.53	120	26
-1.522	120	26
-1.254	100	26
-1.508	133	26
-1.505	128	26
-1.567	124	26
-1.537	126	26
-1.508	119	26
-1.507	139	26
-1.514	139	26
-1.464	132	26
-1.544	117	26
-1.493	118	26
-1.571	112	26
-1.543	135	26
-1.562	115	26
-1.546	140	26
-1.518	137	26
-1.493	119	26
-1.506	116	26
-1.533	122	26
-1.535	104	26
-1.525	116	26
-1.513	119	26
-1.534	118	26
-1.481	130	26
-1.517	131	26
-1.525	128	26
-1.505	153	26
-1.531	113	26
-1.522	127	26
-1.543	159	26
-1.453	142	26
-1.513	113	26
-1.558	138	26
-1.496	102	26
-1.532	115	26
-1.461	132	26
-1.488	122	26
-1.526	135	26
-1.521	133	26
-1.404	122	26
-1.524	125	26
-1.533	126	26
-1.522	131	26
-1.508	126	26
-1.505	124	26
-1.542	126	26
-1.491	111	26
-1.547	135	26
-0.362	127	26
-1.558	146	26
-1.522	141	26
-1.498	128	26
-1.503	124	26
-1.516	119	26
-1.508	123	26
-1.502	138	26
-1.543	130	26
-1.504	138	26
-1.509	125	26
-1.474	127	26
-1.53	157	26
-1.516	124	26
-1.509	117	26
-1.53	105	26
-1.513	105	26
-1.498	116	26
-1.507	128	26
-1.505	110	26
-1.522	126	26
-1.496	124	26
-1.527	120	26
-1.521	131	26
-1.553	119	26
-1.509	125	26
-1.543	121	26
-1.527	116	26
-1.564	111	26
-1.504	113	26
-1.492	131	26
-1.505	125	26
-1.559	107	26
-1.526	117	26
-1.557	139	26
-1.545	129	26
-1.589	125	26
-1.498	122	26
-1.51	111	26
-1.514	138	26
-1.514	135	26
-1.54	127	26
-1.517	118	26
-1.502	142	26
-1.561	126	26
-1.453	127	26
-1.495	155	26
-1.497	132	26
-1.52	162	26
-1.474	124	26
-1.534	111	26
-1.484	131	26
-1.502	120	26
-1.487	131	26
-1.504	117	26
-1.506	125	26
-1.557	130	26
-1.514	145	26
-1.492	119	26
-1.523	115	26
-1.506	134	26
-1.502	125	26
-1.514	105	26
-1.499	130	26
-1.51	112	26
-1.526	111	26
-1.582	122	26
-1.529	110	26
-1.511	124	26
-1.493	123	26
-1.525	122	26
-1.487	139	26
-1.512	105	26
-1.568	113	26
-1.509	137	26
-1.492	126	26
-1.522	130	26
-1.543	118	26
-1.483	128	26
-1.496	133	26
-1.505	130	26
-1.509	112	26
-1.529	103	26
-1.544	137	26
-1.544	147	26
-1.579	124	26
-1.533	105	26
-1.536	130	26
-1.513	114	26
-1.522	137	26
-1.501	130	26
-1.51	122	26
-1.536	151	26
-1.532	121	26
-1.534	118	26
-1.552	115	26
-1.494	158	26
-1.492	132	26
-1.521	117	26
-1.502	97	26
-1.53	140	26
-1.459	145	26
-1.525	127	26
-1.551	120	26
-1.511	141	26
-1.497	123	26
-1.579	101	26
-1.54	136	26
-1.505	121	26
-1.474	125	26
-1.497	129	26
-1.518	112	26
-1.542	133	26
-1.525	117	26
-1.528	120	26
-1.536	142	26
-1.581	87	26
-1.488	132	26
-1.558	115	26
-1.502	118	26
-1.563	123	26
-1.519	136	26
-1.574	146	26
-1.506	99	26
-1.543	122	26
-1.523	127	26
-1.566	97	26
-1.569	125	26
-1.486	149	26
-1.5	132	26
-1.569	121	26
-1.5	132	26
-1.508	127	26
-1.563	137	26
-1.505	110	26
-1.503	128	26
-1.497	141	26
-1.546	141	26
-1.512	111	26
-1.526	101	26
-1.521	153	26
-1.541	103	26
-1.513	127	26
-1.51	123	26
-1.484	137	26
-1.515	114	26
-1.497	139	26
-1.513	111	26
-1.505	140	26
-1.514	113	26
-1.531	116	26
-1.401	150	26
-1.512	125	26
-1.557	113	26
-1.516	141	26
-1.508	133	26
-1.502	137	26
-1.521	116	26
-1.553	116	26
-1.571	91	26
-1.592	107	26
-1.522	96	26
-1.521	117	26
-1.52	129	26
-1.512	136	26
-1.497	130	26
-1.561	123	26
-1.528	119	26
-1.507	118	26
-1.538	120	26
-1.516	130	26
-1.575	108	26
-1.56	124	26
-1.504	130	26
-1.51	119	26
-1.159	108	26
-1.512	113	26
-1.493	110	26
-1.509	101	26
-1.526	138	26
-1.509	107	26
-1.532	120	26
-1.48	112	26
-1.551	130	26
-1.516	106	26
-1.535	114	26
-1.507	127	26
-1.534	106	26
-1.547	131	26
-1.501	127	26
-1.494	123	26
-1.441	97	26
-1.526	129	26
-1.506	131	26
-1.577	107	26
-1.523	124	26
-1.518	115	26
-1.496	131	26
-1.525	125	26
-1.524	123	26
-1.541	113	26
-1.504	144	26
-1.518	124	26
-1.519	134	26
-1.474	114	26
-1.476	155	26
-1.497	132	26
-1.482	109	26
-1.547	124	26
-1.512	114	26
-1.53	130	26
-1.525	130	26
-1.514	139	26
-1.27	115	26
-1.476	115	26
-1.495	143	26
-1.49	111	26
-1.525	138	26
-0.723	141	26
-1.545	143	26
-1.555	110	26
-1.538	147	26
-1.544	119	26
-1.512	120	26
-1.586	101	26
-1.551	137	26
-1.535	113	26
-1.555	135	26
-1.506	143	26
-1.518	165	26
-1.515	91	26
-1.509	134	26
-1.607	136	26
-1.491	146	26
-1.496	121	26
-1.514	118	26
0.485	128	26
-1.477	136	26
-1.466	134	26
-1.523	140	26
-1.483	126	26
-1.435	145	26
-1.51	137	26
-1.535	133	26
-1.494	107	26
-1.546	119	26
-1.538	124	26
-1.569	128	26
-1.505	105	26
-1.491	114	26
-1.508	125	26
-1.498	132	26
-1.582	123	26
-1.509	128	26
-1.506	126	26
-1.51	109	26
-1.514	112	26
-1.541	103	26
-1.578	124	26
-1.574	113	26
-1.524	114	26
-1.545	129	26
-1.534	119	26
-1.509	106	26
-1.524	138	26
-1.397	155	26
-1.545	121	26
-1.516	90	26
-1.515	129	26
-1.504	122	26
-1.519	117	26
-1.523	129	26
-1.479	146	26
-1.504	123	26
-1.582	125	26
-1.533	102	26
-1.522	127	26
-1.475	116	26
-1.52	145	26
-1.48	138	26
-1.526	100	26
-1.501	139	26
-1.523	139	26
-1.5	140	26
-1.533	130	26
-1.504	142	26
-1.522	111	26
-1.518	134	26
-1.488	104	26
-1.521	99	26
-1.517	131	26
-1.495	126	26
-1.488	109	26
-1.523	135	26
-1.521	117	26
-1.535	123	26
-1.52	118	26
-1.521	130	26
-1.546	141	26
-1.595	119	26
-1.486	127	26
-1.5	142	26
-1.523	150	26
-1.53	124	26
-1.529	94	26
-1.515	88	26
-1.49	148	26
-1.578	125	26
-1.53	138	26
-1.495	128	26
-1.498	109	26
-1.509	102	26
-1.506	123	26
-1.526	117	26
-1.561	125	26
-1.489	114	26
-1.519	129	26
-1.527	135	26
-1.527	102	26
-1.512	115	26
-1.572	121	26
-1.509	142	26
-1.544	123	26
-1.531	108	26
-1.51	149	26
-1.52	117	26
-1.528	119	26
-1.481	123	26
-1.528	124	26
-1.519	119	26
-1.52	108	26
-1.572	111	26
-1.523	107	26
-1.528	137	26
-1.516	138	26
-1.565	119	26
-1.516	149	26
-1.513	125	26
-1.497	129	26
-1.496	123	26
-1.49	121	26
-1.522	149	26
-1.513	117	26
-1.512	134	26
-1.515	132	26
-1.518	134	26
-1.521	110	26
-1.497	120	26
-1.521	131	26
-1.512	110	26
0.868	137	26
-1.577	124	26
-1.519	115	26
-1.526	120	26
-1.505	125	26
-1.514	129	26
-1.495	111	26
-1.51	107	26
-1.517	136	26
-1.534	99	26
-1.551	104	26
-1.52	139	26
-1.513	126	26
-1.494	108	26
-1.519	128	26
-1.491	131	26
-1.529	156	26
-1.537	114	26
-1.567	113	26
-1.504	130	26
-1.538	127	26
-1.513	152	26
-1.487	122	26
-1.504	121	26
-1.518	123	26
-1.478	127	26
-1.534	140	26
-1.498	129	26
-1.511	120	26
-1.506	143	26
-1.511	119	26
-1.464	131	26
-1.501	112	26
-1.495	133	26
-1.49	137	26
-1.518	131	26
-1.502	141	26
-1.527	142	26
-1.552	124	26
-1.549	136	26
-1.464	143	26
-1.521	129	26
-1.58	132	26
-1.532	117	26
-1.505	119	26
-1.539	139	26
-1.508	107	26
-1.473	127	26
-1.496	115	26
-1.523	132	26
-1.525	125	26
-1.514	115	26
-1.511	126	26
-1.506	139	26
-1.516	122	26
-1.506	138	26
-1.532	113	26
-1.497	113	26
-1.537	118	26
-1.525	146	26
-1.511	130	26
-1.522	117	26
-1.514	136	26
-1.557	131	26
-1.49	125	26
-1.51	128	26
-1.522	132	26
-1.491	124	26
-1.495	139	26
-1.521	118	26
-1.483	143	26
-1.502	127	26
-1.53	126	26
-1.572	109	26
-1.501	143	26
-1.51	126	26
-1.515	122	26
-1.466	119	26
-1.526	127	26
-1.523	126	26
-1.497	100	26
-1.5	120	26
-1.5	140	26
-1.514	134	26
-1.511	114	26
-1.52	111	26
-1.516	140	26
-1.504	130	26
-1.525	107	26
-1.522	136	26
-1.544	133	26
-1.55	127	26
-1.551	134	26
-1.543	134	26
-1.526	137	26
-1.544	120	26
-1.508	128	26
-1.556	118	26
-1.487	131	26
-1.513	118	26
-1.524	117	26
-1.483	147	26
-1.483	132	26
-1.503	133	26
-1.494	122	26
-1.522	118	26
-1.588	128	26
-1.503	114	26
-1.537	116	26
-1.523	119	26
-1.522	105	26
-1.49	138	26
-1.498	91	26
-1.523	120	26
-1.497	100	26
-1.522	100	26
-1.499	110	26
-1.556	144	26
-1.59	105	26
-1.453	105	26
-1.546	138	26
-1.512	103	26
-1.503	121	26
-1.584	108	26
-1.494	120	26
-1.48	117	26
-1.524	143	26
-1.548	117	26
-1.615	116	26
-1.498	144	26
-1.523	125	26
-1.487	105	26
0.594	133	26
-0.223	127	26
-1.481	137	26
-1.554	108	26
-1.499	124	26
-1.51	131	26
-1.548	132	26
-1.549	95	26
-1.52	102	26
-1.518	132	26
-1.502	140	26
-1.479	136	26
-1.489	111	26
-1.497	153	26
-1.535	106	26
-1.503	128	26
-1.592	117	26
-1.526	130	26
-1.502	121	26
-1.51	128	26
-1.507	114	26
-1.533	146	26
-1.542	119	26
-1.491	142	26
-1.508	123	26
-1.575	132	26
-1.576	131	26
-1.515	116	26
-1.521	113	26
-1.517	115	26
-1.506	111	26
-1.512	118	26
-1.538	131	26
-1.507	103	26
-1.493	114	26
-1.528	116	26
-1.488	116	26
-1.521	100	26
-1.541	108	26
-1.534	139	26
-1.482	123	26
-1.505	132	26
-1.557	117	26
-1.54	128	26
-1.517	153	26
-1.519	114	26
-1.497	141	26
-1.515	115	26
-1.483	131	26
-1.483	162	26
-1.499	134	26
-1.498	108	26
-1.483	142	26
-1.482	110	26
-1.486	142	26
-1.513	132	26
-1.565	120	26
-1.531	114	26
-1.491	139	26
-1.583	130	26
-1.511	125	26
-1.523	114	26
-1.496	123	26
-1.544	128	26
-1.585	130	26
-1.468	126	26
-1.506	146	26
-1.525	115	26
-1.517	134	26
-1.5	125	26
-1.514	133	26
-1.52	127	26
-1.559	117	26
-1.568	116	26
-1.493	117	26
-1.485	134	26
-1.504	146	26
-1.517	121	26
-1.509	133	26
-1.511	132	26
-1.529	122	26
-1.524	110	26
-1.512	100	26
-1.479	125	26
-1.517	124	26
-1.512	115	26
-1.569	113	26
-1.505	110	26
-1.492	142	26
-1.527	114	26
-1.522	127	26
-1.588	140	26
-1.586	135	26
-1.558	118	26
-1.547	115	26
-1.52	109	26
-1.53	139	26
-1.479	136	26
-1.512	128	26
-1.481	123	26
-1.559	127	26
-1.518	117	26
-1.499	134	26
-1.536	131	26
-1.57	143	26
-1.511	119	26
-1.505	113	26
-1.469	145	26
-1.481	125	26
-1.553	105	26
-1.522	115	26
-1.52	107	26
-1.477	137	26
-1.587	110	26
-1.499	110	26
-1.519	117	26
-1.551	90	26
-1.495	152	26
-1.249	124	26
-1.502	109	26
-1.498	105	26
-1.536	123	26
-1.51	132	26
-1.536	122	26
-1.497	106	26
-1.519	117	26
-1.52	137	26
-1.49	110	26
-1.534	125	26
-1.515	141	26
-1.509	127	26
-1.515	137	26
-1.499	118	26
-1.465	135	26
-1.533	120	26
-1.559	89	26
-1.516	105	26
-1.526	98	26
-1.508	126	26
-1.523	118	26
-0.48	129	26
-1.496	128	26
-1.505	125	26
-1.493	135	26
-1.502	128	26
-1.533	94	26
-1.566	109	26
-1.513	112	26
-1.475	107	26
-1.51	127	26
-1.514	123	26
-1.535	117	26
-1.519	133	26
-1.513	117	26
-1.5	107	26
-1.518	130	26
-1.583	153	26
-1.573	138	26
-1.535	134	26
-1.494	124	26
-1.535	102	26
-1.55	106	26
-1.593	119	26
-1.549	123	26
-1.491	132	26
-1.541	137	26
-1.505	118	26
-1.499	105	26
-1.56	132	26
-1.532	130	26
-1.511	113	26
-1.502	127	26
-1.557	102	26
-1.512	112	26
-1.498	107	26
-1.521	137	26
-1.526	118	26
-1.573	86	26
-1.557	125	26
-1.523	112	26
-1.524	115	26
-1.533	122	26
-1.525	110	26
-1.512	98	26
-1.507	111	26
-1.529	108	26
-1.542	110	26
-1.482	138	26
-1.523	149	26
-1.508	131	26
-1.507	94	26
-1.498	127	26
-1.492	135	26
-1.504	127	26
-1.499	127	26
-1.587	105	26
-1.579	119	26
-1.578	114	26
-1.476	147	26
-1.575	121	26
-1.497	140	26
-1.5	138	26
-1.58	137	26
-1.58	101	26
-1.514	133	26
-1.502	123	26
-1.546	132	26
-1.488	128	26
-1.426	123	26
-1.513	132	26
-1.507	138	26
-1.523	123	26
-1.502	122	26
-1.561	129	26
-1.519	125	26
-1.478	128	26
-1.523	113	26
-1.564	138	26
-1.507	122	26
-1.52	132	26
-1.505	106	26
-1.555	131	26
-1.494	110	26
-1.533	107	26
-1.36	107	26
-1.499	126	26
-1.511	126	26
-1.459	136	26
-1.594	120	26
-1.516	110	26
-1.526	111	26
-1.494	137	26
-1.507	101	26
-1.506	121	26
-1.509	115	26
-1.463	129	26
-1.493	118	26
-1.515	131	26
-1.536	136	26
-1.541	148	26
-1.499	135	26
-1.56	117	26
-1.494	138	26
-1.522	124	26
-1.484	112	26
-1.534	106	26
-1.493	138	26
-1.506	113	26
-1.54	141	26
-1.504	126	26
-1.488	107	26
-1.526	118	26
-1.564	149	26
-1.518	138	26
-1.557	117	26
-1.503	146	26
-1.569	126	26
-1.509	128	26
-1.549	115	26
-1.506	131	26
-1.552	132	26
-1.494	138	26
-1.502	108	26
-1.522	105	26
-1.514	116	26
-1.511	123	26
-1.518	120	26
-1.496	140	26
-1.532	102	26
-1.563	130	26
-1.494	137	26
-1.54	113	26
-1.591	126	26
-1.533	125	26
-1.499	121	26
-1.518	118	26
-1.526	110	26
-1.519	127	26
-1.543	125	26
-1.507	132	26
-1.547	140	26
-1.512	127	26
-1.539	132	26
-1.503	144	26
-1.534	127	26
-1.511	125	26
-1.511	127	26
-1.538	101	26
-1.523	122	26
-1.552	122	26
-1.551	123	26
-1.512	108	26
-1.554	129	26
-1.559	113	26
-1.55	147	26
-1.504	148	26
-1.524	125	26
-1.524	105	26
-1.472	131	26
-1.537	131	26
-1.538	141	26
-1.517	143	26
-1.484	138	26
-1.502	134	26
-1.52	127	26
-1.518	126	26
-1.525	127	26
-1.498	140	26
-1.51	116	26
-1.51	127	26
-1.508	134	26
-1.458	129	26
-1.569	132	26
-1.501	104	26
-1.524	142	26
-1.509	138	26
-1.528	132	26
-1.529	137	26
-1.556	125	26
-1.5	139	26
-1.572	133	26
-1.559	130	26
-1.504	108	26
-1.318	103	26
-1.533	121	26
-1.533	122	26
-1.508	120	26
-1.49	145	26
-1.504	117	26
-1.509	116	26
-1.531	132	26
-1.533	130	26
-1.522	115	26
-1.555	106	26
-1.509	119	26
-1.467	149	26
-1.515	119	26
-1.547	128	26
-1.503	122	26
-1.532	147	26
-1.544	105	26
-1.505	106	26
-1.515	144	26
-1.534	116	26
-1.48	131	26
-1.51	133	26
-1.503	118	26
-1.512	159	26
-1.491	130	26
-1.507	119	26
-1.523	133	26
-1.457	122	26
-1.517	133	26
-1.536	120	26
-1.486	119	26
-1.528	135	26
-1.523	139	26
-1.525	141	26
-1.566	112	26
-1.522	126	26
-1.508	132	26
-1.517	134	26
-1.518	105	26
-1.499	126	26
-1.528	126	26
-1.536	121	26
-1.512	126	26
-1.529	139	26
-1.545	143	26
-1.511	93	26
-1.492	135	26
-1.511	118	26
-1.499	139	26
-0.491	150	26
-1.484	122	26
-1.525	131	26
-1.505	120	26
-1.522	126	26
-1.546	140	26
-1.522	117	26
-1.529	113	26
-1.52	127	26
-1.533	106	26
-1.494	133	26
-1.52	133	26
-1.505	117	26
-1.544	129	26
-1.549	132	26
-1.495	115	26
-1.49	143	26
-1.568	121	26
-1.538	118	26
-1.503	139	26
-1.508	136	26
-1.564	126	26
-1.501	107	26
-1.585	111	26
-1.557	123	26
-1.532	108	26
-1.526	125	26
-1.532	125	26
-1.502	164	26
-1.518	114	26
-1.561	126	26
-1.511	146	26
-1.513	115	26
-1.503	120	26
-1.561	128	26
-1.478	126	26
-1.492	135	26
-1.533	128	26
-1.533	117	26
-1.53	114	26
-1.528	143	26
-1.514	134	26
-1.538	123	26
-1.482	146	26
-1.549	134	26
-1.462	134	26
-1.488	134	26
-1.491	114	26
-1.543	112	26
-1.51	120	26
-1.51	119	26
-1.52	108	26
-1.503	131	26
-1.502	141	26
-1.5	94	26
-1.55	131	26
-1.512	146	26
-1.563	101	26
-1.531	127	26
-1.548	137	26
-1.509	125	26
-1.503	127	26
-1.513	106	26
-1.501	139	26
-1.518	118	26
-1.486	149	26
-1.52	114	26
-1.497	120	26
-1.491	115	26
-1.516	137	26
-1.503	122	26
-1.522	128	26
-1.532	125	26
-1.541	119	26
-1.502	114	26
-1.514	130	26
-1.492	118	26
-1.534	121	26
-1.576	130	26
-1.533	127	26
-1.472	155	26
-1.528	161	26
-1.513	127	26
-1.527	128	26
-1.487	145	26
-1.517	141	26
-1.549	127	26
-1.576	129	26
-1.508	117	26
-1.516	121	26
-1.469	133	26
-1.571	111	26
-1.503	133	26
-1.495	133	26
-1.519	111	26
-1.534	121	26
-1.517	128	26
-1.522	123	26
-1.514	142	26
-1.538	129	26
-1.527	107	26
-1.495	130	26
-1.502	119	26
-1.484	130	26
-1.535	115	26
-1.492	134	26
-1.511	134	26
-1.553	117	26
-1.547	120	26
-1.469	117	26
-1.477	114	26
-1.493	165	26
-1.48	120	26
-1.522	125	26
-1.524	144	26
-1.553	132	26
-1.511	125	26
-1.597	147	26
-1.52	113	26
-1.509	109	26
-1.494	124	26
-1.55	139	26
-1.577	110	26
-1.538	127	26
-1.502	120	26
-1.557	112	26
-1.494	127	26
-1.537	149	26
-1.6	147	26
-1.562	128	26
-1.492	138	26
-1.485	125	26
-1.536	111	26
-1.502	112	26
-1.501	139	26
-1.494	134	26
-1.489	133	26
-1.54	113	26
-1.503	132	26
-1.531	132	26
-1.526	121	26
-1.577	124	26
-1.595	138	26
-1.532	135	26
-1.499	146	26
-1.572	105	26
-1.608	116	26
-1.505	128	26
-1.558	129	26
-1.546	129	26
-1.505	123	26
-1.513	146	26
-1.527	124	26
-1.486	140	26
-1.562	141	26
-1.503	135	26
-1.498	120	26
-1.518	104	26
-1.485	121	26
-1.529	99	26
-1.519	141	26
-1.475	135	26
-1.517	129	26
-1.436	139	26
-1.508	127	26
-1.491	123	26
-1.559	142	26
-1.535	126	26
-1.489	124	26
-1.499	122	26
-1.481	127	26
-1.507	144	26
-1.512	118	26
-1.493	102	26
-1.509	102	26
-1.502	125	26
-1.53	110	26
-1.573	141	26
-1.503	126	26
-1.533	122	26
-1.512	142	26
-1.486	149	26
-1.497	114	26
-1.531	115	26
-1.469	116	26
-1.541	124	26
-1.514	116	26
-1.501	128	26
-1.53	126	26
-1.514	145	26
-1.504	116	26
-1.519	145	26
-1.576	126	26
-1.52	142	26
-1.516	113	26
-1.464	130	26
-1.545	122	26
-1.504	109	26
-1.53	119	26
-1.503	126	26
-1.505	134	26
-1.475	123	26
-1.505	145	26
-1.517	141	26
-1.516	134	26
-1.514	102	26
-1.003	119	26
-1.459	120	26
-1.462	139	26
-1.533	106	26
-1.578	127	26
-1.511	135	26
-1.506	135	26
-1.507	122	26
-1.546	115	26
-1.527	114	26
-1.499	105	26
-1.503	109	26
-1.518	110	26
-1.569	143	26
-1.514	118	26
-1.511	121	26
-1.469	129	26
-1.5	127	26
-1.521	102	26
-1.535	142	26
-1.555	119	26
-1.576	124	26
-1.528	96	26
-1.511	117	26
-1.566	122	26
-1.557	125	26
-1.578	105	26
-1.533	121	26
-1.522	152	26
-1.579	113	26
-1.511	116	26
-1.488	136	26
-1.524	124	26
-1.503	145	26
-1.489	140	26
-1.508	149	26
-1.516	114	26
-1.5	124	26
-1.493	141	26
-1.496	129	26
-1.511	125	26
-1.509	133	26
-1.56	127	26
-1.525	117	26
-1.56	98	26
-1.411	145	26
-1.533	131	26
-1.497	137	26
-1.563	117	26
-1.485	112	26
-1.508	143	26
-1.518	131	26
-1.496	126	26
-1.5	111	26
-1.551	111	26
-1.524	124	26
-1.533	141	26
-1.517	125	26
-1.51	136	26
-1.556	121	26
-1.534	119	26
-1.517	101	26
-1.482	141	26
-1.531	96	26
-1.571	113	26
-1.51	93	26
-1.475	112	26
-1.509	110	26
-1.516	141	26
-1.499	117	26
-1.529	120	26
-1.514	129	26
-1.509	155	26
-1.576	129	26
-1.482	125	26
-1.506	101	26
-1.586	114	26
-1.559	136	26
-1.468	138	26
-1.515	133	26
-1.484	101	26
-1.499	120	26
-1.58	135	26
-1.478	123	26
-1.538	157	26
-1.564	143	26
-1.516	129	26
-1.482	136	26
-1.496	144	26
-1.551	134	26
-1.486	125	26
-1.491	122	26
-1.512	107	26
-1.538	124	26
-1.489	144	26
-1.543	121	26
-1.485	125	26
-1.564	130	26
-1.519	110	26
-1.522	124	26
-1.511	126	26
-1.549	107	26
-1.526	124	26
-1.495	112	26
-1.536	127	26
-1.516	107	26
-1.532	128	26
-1.524	137	26
-1.488	109	26
-1.485	106	26
-1.5	129	26
-1.52	112	26
-1.551	135	26
-1.538	140	26
-1.519	140	26
-1.544	129	26
-1.518	133	26
-1.512	116	26
-1.216	105	26
-1.511	117	26
-1.466	112	26
-1.514	115	26
-1.462	152	26
-1.522	116	26
-1.506	121	26
-1.508	131	26
-1.527	89	26
-1.495	106	26
-1.497	137	26
-1.505	121	26
-1.494	111	26
-1.556	145	26
-1.522	127	26
-1.472	128	26
-1.503	129	26
-1.513	139	26
-1.526	125	26
-1.504	109	26
-1.527	106	26
-1.576	89	26
-1.478	100	26
-1.514	133	26
-1.579	128	26
-1.565	124	26
-1.524	118	26
-1.497	105	26
-1.525	116	26
-1.426	135	26
-1.543	135	26
-1.523	132	26
-1.518	140	26
-1.501	135	26
-1.522	130	26
-1.479	149	26
-1.479	112	26
-1.544	123	26
-1.582	123	26
-1.561	133	26
-1.548	106	26
-1.563	144	26
-1.519	146	26
-1.591	108	26
-1.534	103	26
-1.572	104	26
-1.542	148	26
-1.506	139	26
-1.511	123	26
-1.487	119	26
-1.51	133	26
-1.517	123	26
-1.496	119	26
-1.504	124	26
-1.494	122	26
-1.51	125	26
-1.521	116	26
-1.539	114	26
-1.503	130	26
-1.53	111	26
-1.493	130	26
-1.506	118	26
-1.515	116	26
-1.503	121	26
-1.546	125	26
-1.503	119	26
-1.541	103	26
-1.55	124	26
-1.531	128	26
-1.507	124	26
-1.611	99	26
-1.53	102	26
-1.58	125	26
-1.522	119	26
-1.514	122	26
-1.506	138	26
-1.523	120	26
-1.582	128	26
-1.521	112	26
-1.482	138	26
-1.498	123	26
-1.495	140	26
-1.52	144	26
-1.491	104	26
-1.529	140	26
-1.549	113	26
-1.529	138	26
-1.486	119	26
-1.517	122	26
-1.502	122	26
-1.525	117	26
-1.479	123	26
-1.561	107	26
-1.5	145	26
-1.526	130	26
-1.559	129	26
-1.497	107	26
-1.495	132	26
-1.522	125	26
-1.53	133	26
-1.524	141	26
-1.477	84	26
-1.554	139	26
-1.221	104	26
-1.566	102	26
-1.506	119	26
-1.53	129	26
-1.493	131	26
-1.518	113	26
-1.525	115	26
-1.559	115	26
-1.555	123	26
-1.471	115	26
-1.493	129	26
-1.481	140	26
-1.519	126	26
-1.489	145	26
-1.516	141	26
-1.508	111	26
-1.498	150	26
-1.423	124	26
-1.542	134	26
-1.551	108	26
-1.503	158	26
-1.501	142	26
-1.492	121	26
-1.505	119	26
-1.517	116	26
-1.554	122	26
-1.567	134	26
-1.513	128	26
-1.515	135	26
-1.534	129	26
-1.454	136	26
-1.504	136	26
-1.511	134	26
-1.522	142	26
-1.507	145	26
-1.525	121	26
-1.559	126	26
-1.586	115	26
-1.497	142	26
-1.502	137	26
-1.524	120	26
-1.567	124	26
-1.518	114	26
-1.536	112	26
-1.569	127	26
-1.504	102	26
-1.517	136	26
-1.506	130	26
-1.526	119	26
-1.497	138	26
-1.538	97	26
-1.489	139	26
-1.529	152	26
-1.482	112	26
-1.542	109	26
-1.478	147	26
-1.497	111	26
-1.514	113	26
-1.481	125	26
-1.536	127	26
-1.543	142	26
-1.51	113	26
-1.483	130	26
-1.475	131	26
-1.514	128	26
-1.504	135	26
-1.516	133	26
-1.516	116	26
-1.481	127	26
-1.514	113	26
-1.519	104	26
-1.536	149	26
-1.465	144	26
-1.495	105	26
-1.493	142	26
-1.486	145	26
-1.534	128	26
-1.513	130	26
-1.491	122	26
-1.526	128	26
-1.526	124	26
-1.581	130	26
-1.5	115	26
-1.521	120	26
-1.505	139	26
-1.526	128	26
-1.52	133	26
-1.518	126	26
-1.515	143	26
-1.487	130	26
-1.53	123	26
-1.569	120	26
-1.505	143	26
-1.563	119	26
-1.484	115	26
-1.528	136	26
-1.504	141	26
-1.539	119	26
-1.483	137	26
-1.501	152	26
-1.514	125	26
-1.566	111	26
-1.493	125	26
-1.494	149	26
-1.567	92	26
-1.49	141	26
-1.499	127	26
-1.502	132	26
-1.513	133	26
-1.49	155	26
-1.507	111	26
-1.517	121	26
-1.54	119	26
-1.509	127	26
-1.531	114	26
-1.565	128	26
-1.513	125	26
-1.558	125	26
-1.556	121	26
-1.564	110	26
-1.526	104	26
-1.534	153	26
-1.516	117	26
-1.583	112	26
-1.495	122	26
-1.487	111	26
-1.554	131	26
-1.534	160	26
-1.534	145	26
-1.504	128	26
-1.588	128	26
-1.554	127	26
-1.52	112	26
-1.506	147	26
-1.469	131	26
-1.52	105	26
-1.502	127	26
-1.473	144	26
-1.515	122	26
-1.476	127	26
-1.539	98	26
-1.515	128	26
-1.53	122	26
-1.519	100	26
-1.524	121	26
-1.511	126	26
-1.555	144	26
-1.528	121	26
-1.518	129	26
-1.581	98	26
-1.521	118	26
-1.531	122	26
-1.549	119	26
-1.564	127	26
-1.495	122	26
-1.593	118	26
-1.489	131	26
-1.516	138	26
-1.512	119	26
-1.538	143	26
-1.51	125	26
-1.539	111	26
-1.496	136	26
-1.552	109	26
-1.508	121	26
-1.518	110	26
-1.494	105	26
-1.529	135	26
-1.484	133	26
-1.512	129	26
-1.528	115	26
-1.491	112	26
-1.526	119	26
-1.523	128	26
-1.509	114	26
-1.528	123	26
-1.497	146	26
-1.509	144	26
-1.51	127	26
-1.58	100	26
-1.57	126	26
-1.498	110	26
-1.522	133	26
-1.512	115	26
-1.553	132	26
-1.531	132	26
-1.509	134	26
-1.595	124	26
-1.492	120	26
-1.528	125	26
-1.518	132	26
-1.514	105	26
-1.531	132	26
-1.514	120	26
-1.513	133	26
-1.543	139	26
-1.468	135	26
-1.529	116	26
-1.506	113	26
-1.523	130	26
-1.526	139	26
-1.51	136	26
-1.555	115	26
-1.525	108	26
-1.524	116	26
-1.534	123	26
-1.517	148	26
-1.514	148	26
-1.574	162	26
-1.52	106	26
-1.524	111	26
-1.513	134	26
-1.518	124	26
-1.522	154	26
-1.52	112	26
-1.518	103	26
-1.53	110	26
-1.524	128	26
-1.532	111	26
-1.514	129	26
-1.465	136	26
-1.501	139	26
-1.571	111	26
-1.519	114	26
-1.539	104	26
-1.515	115	26
-1.582	134	26
-1.501	135	26
-1.53	112	26
-1.488	125	26
-1.52	129	26
-1.517	108	26
-1.494	101	26
-1.516	122	26
-1.482	135	26
-1.49	154	26
-1.523	119	26
-1.493	133	26
-1.519	130	26
-1.528	137	26
-1.484	128	26
-1.602	126	26
-1.549	131	26
-1.541	101	26
-1.569	122	26
-1.503	115	26
-1.55	111	26
-1.516	126	26
-1.515	121	26
-1.53	140	26
-1.489	132	26
-1.504	114	26
-1.522	107	26
-1.542	141	26
-1.495	120	26
-1.512	132	26
-1.51	118	26
-1.551	119	26
-1.559	114	26
-1.56	126	26
-1.536	132	26
-1.523	140	26
-1.487	111	26
-1.502	123	26
-1.487	114	26
-1.5	111	26
-1.493	127	26
-1.555	111	26
-1.509	119	26
-1.479	121	26
-1.506	132	26
-1.495	144	26
-1.582	134	26
-1.556	124	26
-1.523	128	26
-1.505	101	26
-1.479	130	26
-1.501	135	26
-1.513	110	26
-1.509	166	26
-1.507	115	26
-1.517	151	26
-1.544	116	26
-1.523	114	26
-1.572	148	26
-1.513	126	26
-1.522	106	26
-1.523	112	26
-1.504	132	26
-1.498	115	26
-1.593	117	26
-1.494	151	26
-1.563	128	26
-1.51	118	26
-1.513	112	26
-1.539	133	26
-1.515	142	26
-1.511	147	26
-1.519	135	26
-1.501	114	26
-1.522	116	26
-1.508	123	26
-1.534	120	26
-1.502	129	26
-1.523	82	26
-1.503	131	26
-1.48	148	26
-1.51	130	26
-1.509	141	26
-1.556	129	26
-1.528	107	26
-1.52	154	26
-1.513	131	26
-1.547	101	26
-1.521	139	26
-1.512	118	26
-1.227	114	26
-1.527	112	26
-1.481	136	26
-1.49	117	26
-1.527	120	26
-1.488	140	26
-1.522	141	26
-1.52	133	26
-1.53	114	26
-1.509	129	26
-1.524	134	26
-1.512	135	26
-1.533	126	26
-1.527	136	26
-1.506	116	26
-1.497	119	26
-1.555	150	26
-1.517	118	26
-1.488	125	26
-1.532	140	26
-1.496	107	26
-1.454	142	26
-1.467	94	26
-1.483	125	26
-1.525	141	26
-1.547	110	26
-1.501	148	26
-1.496	117	26
-1.489	137	26
-1.581	95	26
-1.47	106	26
-1.587	119	26
-1.491	138	26
-1.515	108	26
-1.311	124	26
-1.576	122	26
-1.514	134	26
-1.59	123	26
-1.524	122	26
-1.49	118	26
-1.502	110	26
-1.515	112	26
-1.538	106	26
-1.488	139	26
-1.508	136	26
-1.539	126	26
-1.587	117	26
-1.514	117	26
-1.589	117	26
-1.476	125	26
-1.511	103	26
-1.524	146	26
-1.094	133	26
-1.472	126	26
-1.521	117	26
-1.494	119	26
-1.556	116	26
-1.526	126	26
-1.519	121	26
-1.497	133	26
-1.523	122	26
-1.436	95	26
-1.505	147	26
-0.405	104	26
-1.512	134	26
-1.58	135	26
-1.499	127	26
-1.523	145	26
-1.522	129	26
-1.516	125	26
-1.507	146	26
-1.551	132	26
-1.497	131	26
-1.494	148	26
-1.533	118	26
-1.502	124	26
-1.539	98	26
-1.522	118	26
-1.511	103	26
-1.572	126	26
-1.52	135	26
-1.497	142	26
-1.501	116	26
-1.575	120	26
-1.511	110	26
-1.502	107	26
-1.522	121	26
-1.502	126	26
-1.487	137	26
-1.493	117	26
-1.523	110	26
-1.517	106	26
-1.568	116	26
-1.489	136	26
-1.52	137	26
-1.539	133	26
-1.515	114	26
-1.524	124	26
-1.506	115	26
-1.515	128	26
-1.509	133	26
-1.49	122	26
-1.507	116	26
-1.551	134	26
-1.533	134	26
-1.472	128	26
-1.496	121	26
-1.572	89	26
-1.489	146	26
-1.474	137	26
-1.493	126	26
-1.513	124	26
-1.544	150	26
-1.453	149	26
-1.504	128	26
-1.513	126	26
-1.527	122	26
-1.568	139	26
-1.515	127	26
-1.504	109	26
-1.522	116	26
-1.566	124	26
-1.513	112	26
-1.476	132	26
-1.511	115	26
-1.454	161	26
-1.491	112	26
-1.524	138	26
-1.509	133	26
-1.535	128	26
-1.508	129	26
-1.543	98	26
-1.518	140	26
-1.518	101	26
-1.528	133	26
-1.458	120	26
-1.521	129	26
-1.525	128	26
-1.544	143	26
-1.47	151	26
-1.508	111	26
-1.568	122	26
-1.496	112	26
-1.538	142	26
-1.514	124	26
-1.537	126	26
-1.539	119	26
-1.545	119	26
-1.556	124	26
-1.552	121	26
-1.512	128	26
-1.541	130	26
-1.514	141	26
-1.527	119	26
-1.51	99	26
-1.513	106	26
-1.518	125	26
-1.573	122	26
-1.538	141	26
-1.509	122	26
-1.578	105	26
-1.501	130	26
-1.507	131	26
-1.504	118	26
-1.545	107	26
-1.545	131	26
-1.523	128	26
-1.524	159	26
-1.506	129	26
-1.485	125	26
-1.555	140	26
-1.522	138	26
-1.488	140	26
-1.536	132	26
-1.551	147	26
-1.495	126	26
-1.536	116	26
-1.551	119	26
-1.491	118	26
-1.5	111	26
-1.525	124	26
-1.531	128	26
-1.507	129	26
-1.533	122	26
-0.112	140	26
-1.49	140	26
-1.532	120	26
-1.534	116	26
-1.503	111	26
-1.503	112	26
-1.595	113	26
-1.516	120	26
-1.445	130	26
-1.544	114	26
-1.532	134	26
-1.504	123	26
-1.481	136	26
-1.527	124	26
-1.523	127	26
-1.509	142	26
-1.493	137	26
-1.49	120	26
-1.534	106	26
-1.579	129	26
-1.502	130	26
-1.513	139	26
-1.528	100	26
-1.539	135	26
-1.518	123	26
-1.516	93	26
-1.531	128	26
-1.527	115	26
-1.512	101	26
-1.524	113	26
-1.526	138	26
-1.491	117	26
-1.481	125	26
-1.526	127	26
-1.506	113	26
-1.531	135	26
-1.53	132	26
-1.532	119	26
-1.485	120	26
-1.5	109	26
-1.495	110	26
-1.507	128	26
-1.514	118	26
-1.531	138	26
-1.505	122	26
-1.498	135	26
-1.525	124	26
-1.546	133	26
-1.46	124	26
-1.565	120	26
-1.483	120	26
-1.496	123	26
-1.512	116	26
-1.492	117	26
-1.573	103	26
-1.464	152	26
-1.517	96	26
-1.517	131	26
-1.481	105	26
-1.501	109	26
-1.512	111	26
-1.502	116	26
-1.488	120	26
-1.528	111	26
-1.53	124	26
-1.495	128	26
-1.503	117	26
-1.532	145	26
-1.499	139	26
-1.496	173	26
-1.53	125	26
-1.561	126	26
-1.497	113	26
-1.528	122	26
-1.529	120	26
-1.508	134	26
-1.517	111	26
-1.497	143	26
-1.536	147	26
-1.53	120	26
-1.52	137	26
-1.567	128	26
-1.559	123	26
-1.511	105	26
-1.515	114	26
-1.506	102	26
-1.495	124	26
-1.548	122	26
-1.511	110	26
-1.519	138	26
-1.505	140	26
-1.516	137	26
-1.525	116	26
-1.511	126	26
-1.485	136	26
-1.519	143	26
-1.502	107	26
-1.514	128	26
-1.513	113	26
-1.562	116	26
-1.59	135	26
-1.511	117	26
-1.514	120	26
-1.486	130	26
-1.51	120	26
-1.537	138	26
-1.494	127	26
-1.511	116	26
-1.518	104	26
-1.511	127	26
-1.518	131	26
-1.492	111	26
-1.512	138	26
-1.533	132	26
-1.52	132	26
-1.574	109	26
-1.532	130	26
-1.509	120	26
-1.487	123	26
-1.546	160	26
-1.538	126	26
-1.518	142	26
-1.542	111	26
-1.551	128	26
-1.518	124	26
-1.488	139	26
-1.512	120	26
-1.539	103	26
-1.496	134	26
-1.53	124	26
-1.521	150	26
-1.539	128	26
-1.514	129	26
-1.515	141	26
-1.523	130	26
-1.585	111	26
-1.508	136	26
-1.478	130	26
-1.527	128	26
-1.549	120	26
-1.519	117	26
-1.506	124	26
-1.513	138	26
-1.489	141	26
-1.52	132	26
-1.503	133	26
-1.535	126	26
-1.497	115	26
-1.516	157	26
-1.526	142	26
-1.507	96	26
-1.499	139	26
-1.524	122	26
-1.548	122	26
-1.531	120	26
-1.549	107	26
-1.525	114	26
-1.559	122	26
-1.481	138	26
-1.513	127	26
-1.521	114	26
-1.505	142	26
-1.528	123	26
-1.524	133	26
-1.517	138	26
-1.514	142	26
-1.529	121	26
-1.51	115	26
-1.508	115	26
-1.512	127	26
-1.501	131	26
-1.517	134	26
-1.579	118	26
-1.518	128	26
-1.491	121	26
-1.498	150	26
-1.542	109	26
-1.494	150	26
-1.481	123	26
-1.51	134	26
-1.599	123	26
-1.519	124	26
-1.517	116	26
-1.521	115	26
-1.512	134	26
-1.531	119	26
-1.507	132	26
-1.511	130	26
-1.553	131	26
-1.521	122	26
-1.481	138	26
-1.522	159	26
-1.511	116	26
-1.531	132	26
-1.476	144	26
-1.49	145	26
-1.494	132	26
-1.536	129	26
-1.53	109	26
-1.503	118	26
-1.511	113	26
-1.522	128	26
-1.507	136	26
-1.551	121	26
-1.528	94	26
-1.501	115	26
-1.528	110	26
-1.514	160	26
-1.501	129	26
-1.503	98	26
-1.538	130	26
-1.564	146	26
-1.532	125	26
-1.526	127	26
-1.523	111	26
-1.52	118	26
-1.497	130	26
-1.578	103	26
-1.495	127	26
-1.523	116	26
-1.569	130	26
-1.509	141	26
-1.559	123	26
-1.537	127	26
-1.469	109	26
-1.512	108	26
-1.503	141	26
-1.499	122	26
-1.497	111	26
-1.483	168	26
-1.525	125	26
-1.518	119	26
-1.487	133	26
-1.521	129	26
-1.585	114	26
-1.521	149	26
-1.537	136	26
-1.529	145	26
-1.51	158	26
-1.517	129	26
-1.515	115	26
-1.502	126	26
-1.485	110	26
-1.529	132	26
-1.538	117	26
-1.583	86	26
-1.499	120	26
-1.531	114	26
-1.493	136	26
-1.548	142	26
-1.555	110	26
-1.597	126	26
-1.568	106	26
-1.516	145	26
-1.481	134	26
-1.498	112	26
-1.508	156	26
-1.498	119	26
-1.583	126	26
-1.516	146	26
-1.504	145	26
-1.534	127	26
-1.521	144	26
-1.541	131	26
-1.568	108	26
-1.536	147	26
-1.582	123	26
-1.477	118	26
-1.567	97	26
-1.573	119	26
-1.523	115	26
-1.478	114	26
-1.424	113	26
-1.525	97	26
-1.481	105	26
-1.546	116	26
-1.532	127	26
-1.565	115	26
-1.515	116	26
-1.532	134	26
-1.536	110	26
-1.507	124	26
-1.488	133	26
-1.473	141	26
-1.536	116	26
-1.525	133	26
-1.552	120	26
-1.499	99	26
-1.531	133	26
-1.503	146	26
-1.497	142	26
-1.473	141	26
-1.541	109	26
-1.514	133	26
-1.535	112	26
-1.514	97	26
-1.5	113	26
-1.511	129	26
-1.481	132	26
-1.519	120	26
-1.532	134	26
-1.519	116	26
-1.516	122	26
-1.527	136	26
-1.483	144	26
-1.52	122	26
-1.515	104	26
-1.529	126	26
-1.515	123	26
-1.484	152	26
-1.529	130	26
-1.533	95	26
-1.5	120	26
-1.579	149	26
-1.47	138	26
-1.5	106	26
-1.552	144	26
-1.506	123	26
-0.502	115	26
-1.5	99	26
-1.535	121	26
-1.515	131	26
-1.45	145	26
-1.51	115	26
-1.515	131	26
-1.554	135	26
-1.498	116	26
-1.504	127	26
-1.523	111	26
-1.591	120	26
-1.533	117	26
-1.515	113	26
-1.522	108	26
-1.515	105	26
-1.513	120	26
-1.495	118	26
-1.49	125	26
-1.538	101	26
-1.509	123	26
-1.502	149	26
-1.468	138	26
-1.542	119	26
-1.574	127	26
-1.514	125	26
-1.493	128	26
-1.486	124	26
-1.548	136	26
-1.524	136	26
-1.516	131	26
-1.552	143	26
-1.512	144	26
-1.567	118	26
-1.581	110	26
-1.513	93	26
-1.498	113	26
-1.536	151	26
-1.519	117	26
-1.527	120	26
-1.495	143	26
-1.507	129	26
-1.519	100	26
-1.519	135	26
-1.505	134	26
-1.513	121	26
-1.511	119	26
-1.491	127	26
-1.545	133	26
-1.558	111	26
-1.506	128	26
-1.484	128	26
-1.512	108	26
-1.524	129	26
-1.52	142	26
-1.596	107	26
-1.5	149	26
-1.497	121	26
-1.499	137	26
-1.506	105	26
-1.525	134	26
-1.551	146	26
-1.471	140	26
-1.506	134	26
-1.494	130	26
-1.512	126	26
-1.51	127	26
-1.474	133	26
-1.504	110	26
-1.502	121	26
-1.502	116	26
-1.546	119	26
-1.522	122	26
-1.515	142	26
-1.594	138	26
-1.504	120	26
-1.495	121	26
-1.489	119	26
-1.468	124	26
-1.535	128	26
-1.5	126	26
-1.525	126	26
-1.526	123	26
-1.526	124	26
-1.506	116	26
-1.509	131	26
-1.516	121	26
-1.499	127	26
-1.522	140	26
-1.492	122	26
-1.493	136	26
-1.501	147	26
-1.574	95	26
-1.504	106	26
-1.521	131	26
-1.538	103	26
-1.5	145	26
-1.562	132	26
-1.491	142	26
-1.505	128	26
-1.518	163	26
-1.5	127	26
-1.526	140	26
-1.532	123	26
-1.471	115	26
-1.541	122	26
-1.514	136	26
-1.533	122	26
-1.574	124	26
-1.572	122	26
-1.499	142	26
-1.498	134	26
-1.475	132	26
-1.492	121	26
-1.559	131	26
-1.508	122	26
-1.596	119	26
-1.521	109	26
-1.521	109	26
-1.496	141	26
-1.523	134	26
-1.503	122	26
-1.478	121	26
-1.525	131	26
-1.47	148	26
-1.508	138	26
-1.528	115	26
-1.521	137	26
-1.568	123	26
-1.491	107	26
-1.504	112	26
-1.541	148	26
-1.552	122	26
-1.492	120	26
-1.483	132	26
-1.54	100	26
-1.527	113	26
-1.563	125	26
-1.512	128	26
-1.539	122	26
-1.569	115	26
-1.558	124	26
-1.498	123	26
-1.47	143	26
-1.509	137	26
-1.517	124	26
-1.511	117	26
-1.529	113	26
-1.515	120	26
-1.549	134	26
-1.53	119	26
-1.509	119	26
-1.545	132	26
-1.5	129	26
-1.539	127	26
-1.57	132	26
-1.522	104	26
-1.563	130	26
-1.506	131	26
-1.577	129	26
-1.522	112	26
-1.548	123	26
-1.491	140	26
-1.509	134	26
-1.515	104	26
-1.518	105	26
-1.539	121	26
-1.488	134	26
-1.516	136	26
-1.552	116	26
-1.514	119	26
-1.55	99	26
-1.526	118	26
-1.549	123	26
-1.513	141	26
-1.521	140	26
-1.533	104	26
-1.496	112	26
-1.503	120	26
-1.349	131	26
-1.574	142	26
-1.533	125	26
-1.509	111	26
-1.494	124	26
-1.578	116	26
-1.526	129	26
-1.478	140	26
-1.521	135	26
-1.541	100	26
-1.511	121	26
-1.505	109	26
-1.543	145	26
-1.506	114	26
-1.553	119	26
-1.492	134	26
-1.529	113	26
-1.514	142	26
-1.525	96	26
-1.524	128	26
-1.539	115	26
-1.487	131	26
-1.514	105	26
-1.551	126	26
-1.57	104	26
-1.497	135	26
-1.519	125	26
-1.492	144	26
-1.509	121	26
-1.5	105	26
-1.542	148	26
-1.519	127	26
-1.529	149	26
-1.58	114	26
-1.493	116	26
-1.519	129	26
-1.502	120	26
-1.521	120	26
-1.539	153	26
-1.512	116	26
-1.573	138	26
-1.552	122	26
-1.539	117	26
-1.499	132	26
-1.553	115	26
-1.531	120	26
-1.527	115	26
-1.521	118	26
-1.48	142	26
-1.522	121	26
-1.553	140	26
-1.499	164	26
-1.532	123	26
-1.507	153	26
-1.528	120	26
-1.526	136	26
-1.509	101	26
-1.573	162	26
-1.511	112	26
-1.484	108	26
-1.499	135	26
-1.544	120	26
-1.501	122	26
-1.494	125	26
-1.524	136	26
-1.488	111	26
-1.565	133	26
-1.507	124	26
-1.489	134	26
-1.517	150	26
-1.563	124	26
-1.483	117	26
-1.527	115	26
-1.524	134	26
-1.583	122	26
-1.481	139	26
-1.535	123	26
-1.556	125	26
-1.537	151	26
-1.516	128	26
-1.487	120	26
-1.486	123	26
-1.506	108	26
-1.514	109	26
-1.497	151	26
-1.524	105	26
-1.568	107	26
-1.545	124	26
-1.542	115	26
-1.552	116	26
-1.545	126	26
-1.518	118	26
-1.591	129	26
-1.596	111	26
-1.572	121	26
-1.539	106	26
-1.532	137	26
-1.547	137	26
-1.534	117	26
-1.571	122	26
-1.526	108	26
-1.491	151	26
-1.526	100	26
-1.495	146	26
-1.521	117	26
-1.515	124	26
-1.546	98	26
-1.539	116	26
-1.54	125	26
-1.503	127	26
-1.475	141	26
-1.556	161	26
-1.515	134	26
-1.498	138	26
-1.554	121	26
-1.482	126	26
-1.569	121	26
-1.569	111	26
-0.203	138	26
-1.55	105	26
-1.558	139	26
-1.502	93	26
-1.534	122	26
-1.507	122	26
-1.524	135	26
-1.558	120	26
-1.568	127	26
-1.505	127	26
-1.478	113	26
-1.492	116	26
-1.496	137	26
-1.507	113	26
-1.511	147	26
-1.545	129	26
-1.527	103	26
-1.506	128	26
-1.529	124	26
-1.508	126	26
-1.487	112	26
-1.524	145	26
-1.559	139	26
-1.511	120	26
-1.474	152	26
-1.524	103	26
-1.514	108	26
-1.501	132	26
-1.52	107	26
-1.578	116	26
-1.521	119	26
-1.541	119	26
-1.53	121	26
-1.552	142	26
-1.51	133	26
-1.496	106	26
-1.53	125	26
-1.539	123	26
-1.548	128	26
-1.501	113	26
-1.519	110	26
-1.508	125	26
-1.494	113	26
-1.52	136	26
-1.515	131	26
-1.518	114	26
-1.516	99	26
-1.478	135	26
-1.584	122	26
-1.139	110	26
-1.519	134	26
-1.512	109	26
-1.524	123	26
-1.514	108	26
-1.515	111	26
-1.49	127	26
-1.502	141	26
-1.497	123	26
-1.508	119	26
-1.516	128	26
-1.514	139	26
-1.562	126	26
-1.515	131	26
-1.511	114	26
-1.511	132	26
-1.499	108	26
-1.478	145	26
-1.528	108	26
-1.489	108	26
-1.51	115	26
-1.517	123	26
-1.487	139	26
-1.514	130	26
-1.515	125	26
-1.478	125	26
-1.53	111	26
-1.532	143	26
-1.519	115	26
-1.495	133	26
-1.526	130	26
-1.574	112	26
-1.594	114	26
-1.516	118	26
-1.538	100	26
-1.518	118	26
-1.505	116	26
-1.529	123	26
-1.487	125	26
-1.51	121	26
-1.529	94	26
-1.544	134	26
-1.564	131	26
-1.606	112	26
-1.529	144	26
-1.547	134	26
-1.539	133	26
-1.535	98	26
-1.581	126	26
-1.506	149	26
-1.46	122	26
-1.517	109	26
-1.519	116	26
-1.54	113	26
-1.506	142	26
-1.523	120	26
-1.477	120	26
-1.476	140	26
-1.522	133	26
-1.485	129	26
-1.514	116	26
-1.523	131	26
-1.518	129	26
-1.5	158	26
-1.509	126	26
-1.516	141	26
-1.551	128	26
-1.558	110	26
-1.519	136	26
-1.503	135	26
-1.579	135	26
-1.513	100	26
-1.519	142	26
-1.502	130	26
-1.518	129	26
-1.51	118	26
-1.519	139	26
-1.504	121	26
-1.512	149	26
-1.519	115	26
-1.533	101	26
-1.499	118	26
-1.508	134	26
-1.51	125	26
-1.559	140	26
-1.499	116	26
-1.521	114	26
-1.485	126	26
-1.541	115	26
-1.519	110	26
-1.482	135	26
-1.501	134	26
-1.56	126	26
-1.491	122	26
-1.508	112	26
-1.543	120	26
-1.478	136	26
-1.556	129	26
-1.535	140	26
-1.594	134	26
-1.528	146	26
-1.516	159	26
-1.503	122	26
-1.557	141	26
-1.513	125	26
-1.491	133	26
-1.598	91	26
-1.528	137	26
-1.55	145	26
-1.514	119	26
-1.55	119	26
-1.471	134	26
-1.512	128	26
-1.52	121	26
-1.524	133	26
-1.508	129	26
-1.504	147	26
-1.495	146	26
-1.559	106	26
-1.506	112	26
-1.508	135	26
-1.47	128	26
-1.502	107	26
-1.519	127	26
-1.495	98	26
-1.533	111	26
-1.502	114	26
-1.499	128	26
-1.481	116	26
-1.485	114	26
-1.503	125	26
-1.519	115	26
-1.509	111	26
-1.514	142	26
-1.484	119	26
-1.503	97	26
-1.528	104	26
-1.515	148	26
-1.555	110	26
-1.51	114	26
-1.507	133	26
-1.527	128	26
-1.5	113	26
-1.496	129	26
-1.543	131	26
-1.504	122	26
-1.504	138	26
-1.504	103	26
-1.539	118	26
-1.477	138	26
-1.496	105	26
-1.514	133	26
-1.47	133	26
-1.536	121	26
-1.57	132	26
-1.527	103	26
-1.548	133	26
-1.516	120	26
-1.497	130	26
-1.492	136	26
-1.508	122	26
-1.494	117	26
-1.558	126	26
-1.522	134	26
-1.516	142	26
-1.5	122	26
-1.523	111	26
-1.439	146	26
-1.534	143	26
-1.51	124	26
-1.535	136	26
-1.504	128	26
-1.494	103	26
-1.487	144	26
-1.514	133	26
-1.522	121	26
-1.534	104	26
-1.518	84	26
-1.53	121	26
-1.459	120	26
-1.532	161	26
-1.508	132	26
-1.513	119	26
-1.493	126	26
-1.471	129	26
-1.522	147	26
-1.503	130	26
-1.515	120	26
-1.511	125	26
-1.548	123	26
-1.523	129	26
-1.507	92	26
-1.495	147	26
-1.53	130	26
-1.482	133	26
-1.565	132	26
-1.514	119	26
-1.535	116	26
-1.506	138	26
-1.504	139	26
-1.51	117	26
-1.57	127	26
-1.565	127	26
-1.526	115	26
-1.521	127	26
-1.596	125	26
-1.497	116	26
-1.491	146	26
-1.547	117	26
-1.467	149	26
-1.502	135	26
-1.507	130	26
-1.512	140	26
-1.507	144	26
-1.575	126	26
-1.536	125	26
-1.502	140	26
-1.493	125	26
-1.498	138	26
-1.528	120	26
-1.5	127	26
-1.501	106	26
-1.523	127	26
-1.553	131	26
-1.528	143	26
-1.514	107	26
-1.497	135	26
-1.541	121	26
-1.512	117	26
-1.516	147	26
-1.475	134	26
-1.521	141	26
-1.468	117	26
-1.519	136	26
-1.515	117	26
-1.556	118	26
-1.546	131	26
-1.501	137	26
-1.528	133	26
-1.509	130	26
-1.504	120	26
-1.496	135	26
-1.466	147	26
-1.539	108	26
-1.514	120	26
-1.499	120	26
-1.518	114	26
-1.528	151	26
-1.491	110	26
-1.489	136	26
-1.546	106	26
-1.554	135	26
-1.577	116	26
-1.488	148	26
-1.531	118	26
-1.52	134	26
-1.511	130	26
-1.54	126	26
-1.497	117	26
-1.47	144	26
-1.525	116	26
-1.453	119	26
-1.493	133	26
-1.507	152	26
-1.549	141	26
-1.502	143	26
-1.51	94	26
-1.52	144	26
-1.554	115	26
-1.574	126	26
-1.539	119	26
-1.522	126	26
-1.538	148	26
-1.565	86	26
-1.483	111	26
-1.506	137	26
-1.534	105	26
-1.517	135	26
0.311	151	26
-1.526	126	26
-1.565	97	26
-1.51	137	26
-1.538	145	26
-1.479	122	26
-1.511	124	26
-1.499	117	26
-1.54	142	26
-1.531	127	26
-1.55	126	26
-1.573	124	26
-1.499	143	26
-1.506	125	26
-1.498	133	26
-1.551	135	26
-1.485	127	26
-1.543	112	26
-1.527	123	26
-1.523	89	26
-1.507	139	26
-1.509	114	26
-1.515	123	26
-1.525	129	26
-1.477	148	26
-1.562	92	26
-1.523	142	26
-1.524	106	26
-1.525	118	26
-1.487	134	26
-1.497	132	26
-1.471	133	26
-1.55	132	26
-1.548	110	26
-1.509	144	26
-1.497	115	26
-1.533	125	26
-1.576	117	26
-1.509	119	26
-1.505	104	26
-1.529	114	26
-1.525	145	26
-1.565	129	26
-1.512	144	26
-1.528	141	26
-1.512	126	26
-1.589	125	26
-1.528	130	26
-1.521	130	26
-1.52	137	26
-1.503	133	26
-1.52	104	26
-1.539	126	26
-1.528	93	26
-1.573	146	26
-1.511	110	26
-1.47	128	26
-1.484	122	26
-1.503	120	26
-1.459	129	26
-1.452	137	26
-1.513	109	26
-1.507	112	26
-1.494	109	26
-1.511	116	26
-1.538	126	26
-1.508	126	26
-1.518	152	26
-1.548	133	26
-1.595	153	26
-1.554	137	26
-1.494	122	26
-1.544	128	26
-1.575	105	26
-1.496	148	26
-1.496	111	26
-1.517	123	26
-1.489	106	26
-1.512	109	26
-1.545	126	26
-1.516	150	26
-1.525	134	26
-1.517	122	26
-1.575	140	26
-1.52	134	26
-1.527	119	26
-1.529	143	26
-1.479	140	26
-1.518	123	26
-1.588	118	26
-1.58	128	26
-1.517	121	26
-1.491	129	26
-1.514	124	26
-1.468	136	26
-1.491	102	26
-1.494	136	26
-1.551	137	26
-1.476	127	26
-1.522	130	26
-1.521	144	26
-1.531	112	26
-1.523	104	26
-1.518	142	26
-1.512	138	26
-1.525	111	26
-1.535	129	26
-1.503	157	26
-1.497	151	26
-1.53	112	26
-1.522	104	26
-1.533	118	26
-1.512	149	26
-1.528	152	26
-1.523	122	26
-1.463	131	26
-1.501	131	26
-1.519	116	26
-1.518	120	26
-1.553	115	26
-1.551	126	26
-1.505	126	26
-1.516	141	26
-1.492	155	26
-1.545	102	26
-1.469	143	26
-1.529	132	26
-1.513	129	26
-1.507	114	26
-1.536	141	26
-1.447	126	26
-1.506	111	26
-1.514	127	26
-1.476	149	26
-1.481	113	26
-1.511	129	26
-1.523	118	26
-1.516	128	26
-1.472	108	26
-1.52	133	26
-1.49	145	26
-1.518	128	26
-1.517	108	26
-1.522	116	26
-1.525	121	26
-1.545	115	26
-1.488	114	26
-1.494	122	26
-1.502	140	26
-1.533	130	26
-1.515	135	26
-1.511	101	26
-1.521	128	26
-1.491	119	26
-1.522	134	26
-1.537	113	26
-1.549	116	26
-1.532	117	26
-1.538	129	26
-1.488	131	26
-1.51	119	26
-1.557	137	26
-1.487	123	26
-1.523	117	26
-1.53	122	26
-1.508	132	26
-1.575	120	26
-1.513	107	26
-1.502	106	26
-1.51	95	26
-1.517	124	26
-1.535	162	26
-1.57	123	26
-1.575	150	26
-1.477	147	26
-1.493	147	26
-1.54	131	26
-1.485	136	26
-1.491	133	26
-1.533	107	26
-1.536	115	26
-1.497	129	26
-1.591	127	26
-1.516	120	26
-1.555	113	26
-1.526	119	26
-1.508	132	26
-1.582	122	26
-1.537	111	26
-1.522	122	26
-1.506	142	26
-1.497	115	26
-1.462	154	26
-1.573	98	26
-1.52	130	26
-1.586	122	26
-1.524	113	26
-1.507	132	26
-1.516	137	26
-1.538	106	26
-1.561	120	26
-1.524	135	26
-0.005	150	26
-1.576	133	26
-1.517	126	26
-1.507	119	26
-1.526	132	26
-1.512	121	26
-1.511	127	26
-1.5	137	26
-1.521	125	26
-1.504	136	26
-1.5	131	26
-1.479	144	26
-1.508	121	26
-1.531	134	26
-1.531	126	26
-1.528	124	26
-1.5	126	26
-1.556	122	26
-1.513	122	26
-1.502	99	26
-1.528	127	26
-1.501	119	26
-1.546	147	26
-1.539	135	26
-1.483	125	26
-1.539	123	26
-1.543	131	26
-1.552	129	26
-1.512	120	26
-1.527	131	26
-1.518	112	26
-1.53	122	26
-1.511	118	26
-1.518	156	26
-1.475	133	26
-1.488	128	26
-1.504	144	26
-1.528	113	26
-1.505	130	26
-1.573	122	26
-1.499	114	26
-1.476	122	26
-1.511	135	26
-1.518	106	26
-1.522	91	26
-1.562	142	26
-1.484	121	26
-1.501	137	26
-1.503	113	26
-1.544	138	26
-1.591	126	26
-1.532	112	26
-1.566	124	26
-1.569	99	26
-1.523	110	26
-1.554	137	26
-1.531	123	26
-1.578	112	26
-1.496	137	26
-1.477	131	26
-1.512	134	26
-1.528	114	26
-1.51	131	26
-1.537	119	26
-1.513	108	26
-1.524	124	26
-1.509	108	26
-1.505	126	26
-1.498	135	26
-1.495	133	26
-1.521	126	26
-1.568	141	26
-1.481	161	26
-1.491	141	26
-1.524	117	26
-1.495	140	26
-1.517	118	26
-1.494	134	26
-1.562	134	26
-1.493	124	26
-1.536	127	26
-1.513	130	26
-1.524	119	26
-1.557	124	26
-1.518	135	26
-1.54	122	26
-1.509	156	26
-1.495	137	26
-1.525	116	26
-1.503	122	26
-1.545	132	26
-1.516	106	26
-1.524	141	26
-1.547	128	26
-1.577	120	26
-1.499	126	26
-1.495	137	26
-1.546	141	26
-1.498	136	26
-1.522	118	26
-1.518	125	26
-1.516	114	26
-1.533	149	26
-1.516	128	26
-1.519	97	26
-1.508	122	26
-1.526	132	26
-1.526	109	26
-1.492	107	26
-1.47	136	26
-1.467	111	26
-1.509	106	26
-1.512	106	26
-1.5	120	26
-1.507	112	26
-1.562	150	26
-1.509	130	26
-1.481	112	26
-1.523	106	26
-1.499	126	26
-1.47	109	26
-1.582	118	26
-1.551	143	26
-1.483	127	26
-1.516	126	26
-1.525	103	26
-1.528	124	26
-1.496	124	26
-1.506	123	26
-1.506	146	26
-1.544	114	26
-1.567	122	26
-1.525	127	26
-1.51	136	26
-1.532	106	26
-1.519	145	26
-1.528	99	26
-1.518	97	26
-1.581	113	26
-1.509	131	26
-1.467	129	26
-1.574	109	26
-1.526	113	26
-1.515	149	26
-1.54	132	26
-1.485	154	26
-1.533	116	26
-1.551	113	26
-1.536	115	26
-1.52	144	26
-1.535	148	26
-1.526	127	26
-1.521	114	26
-1.502	103	26
-1.52	148	26
-1.486	114	26
-1.508	132	26
-1.504	142	26
-1.501	122	26
-1.546	97	26
-1.512	139	26
-1.492	123	26
-1.548	131	26
-1.401	98	26
-1.546	126	26
-1.522	124	26
-1.512	122	26
-1.489	131	26
-1.513	110	26
-1.522	119	26
-1.486	129	26
-1.551	132	26
-1.504	111	26
-1.517	114	26
-1.488	131	26
-1.526	134	26
-1.537	111	26
-1.505	126	26
-1.518	106	26
-1.537	129	26
-1.511	123	26
-1.518	133	26
-1.574	137	26
-1.465	135	26
-1.538	120	26
-1.52	106	26
-1.558	105	26
-1.489	118	26
-1.558	119	26
-1.522	118	26
-1.523	116	26
-1.505	139	26
-1.524	130	26
-1.459	108	26
-1.513	123	26
-1.494	130	26
-1.526	123	26
-1.529	114	26
-1.486	128	26
-1.575	131	26
-1.507	110	26
-1.496	126	26
-1.506	129	26
-1.526	141	26
-1.51	129	26
-1.518	126	26
-1.492	133	26
-1.481	122	26
-1.539	130	26
-1.502	120	26
-1.513	126	26
-1.513	132	26
-1.51	128	26
-1.493	97	26
-1.531	125	26
-1.564	131	26
-1.528	118	26
-1.483	115	26
-1.494	143	26
-1.491	123	26
-1.55	138	26
-1.552	132	26
-1.495	132	26
-1.531	118	26
-1.489	143	26
-1.494	95	26
-1.553	160	26
-1.51	118	26
-1.534	117	26
-1.558	127	26
-1.526	127	26
-1.535	140	26
-1.517	142	26
-1.55	130	26
-1.483	124	26
-1.522	138	26
-1.547	149	26
-1.507	125	26
-1.52	115	26
-1.493	149	26
-1.502	148	26
-1.522	121	26
-1.504	139	26
-1.525	120	26
-1.518	126	26
-1.496	130	26
-1.436	113	26
-1.528	127	26
-1.531	124	26
-1.526	134	26
-1.462	129	26
-1.5	118	26
-1.52	137	26
-1.565	129	26
-1.502	132	26
-1.526	141	26
-1.553	143	26
-1.179	98	26
-1.539	116	26
-1.518	136	26
-1.557	120	26
-1.516	152	26
-1.505	146	26
-1.514	160	26
-1.563	123	26
-1.514	125	26
-1.505	121	26
-1.507	137	26
-1.547	118	26
-1.478	144	26
-1.507	130	26
-1.505	130	26
-1.511	168	26
-1.536	102	26
-1.595	119	26
-1.506	147	26
-1.516	118	26
-1.522	123	26
-1.527	116	26
-1.478	142	26
-1.55	108	26
-1.534	135	26
-1.563	120	26
-1.495	102	26
-1.544	129	26
-1.502	120	26
-1.517	132	26
-1.552	106	26
-1.48	142	26
-1.504	136	26
-1.544	145	26
-1.5	114	26
-1.532	130	26
-1.507	143	26
-1.524	138	26
-1.539	127	26
-1.525	115	26
-1.527	115	26
-1.507	121	26
-1.546	129	26
-1.537	132	26
-1.581	111	26
-1.539	103	26
-1.51	135	26
-1.512	123	26
-1.52	117	26
-1.51	132	26
-1.56	111	26
-1.512	121	26
-1.512	133	26
-1.509	145	26
-1.464	126	26
-1.498	92	26
-1.529	131	26
-1.525	124	26
-1.583	142	26
-1.503	122	26
-1.51	148	26
-1.518	126	26
-1.565	119	26
-1.564	113	26
-1.533	134	26
-1.545	151	26
-1.513	124	26
-1.53	114	26
-1.545	128	26
-1.523	141	26
-1.521	107	26
-1.507	114	26
-1.515	128	26
-1.486	155	26
-1.481	112	26
-1.534	136	26
-1.531	125	26
-1.577	145	26
-1.512	111	26
-1.512	112	26
-1.505	141	26
-1.577	129	26
-1.536	115	26
-1.524	130	26
-1.53	129	26
-1.506	141	26
-1.508	125	26
-1.534	107	26
-1.533	99	26
-1.478	138	26
-1.555	171	26
-1.441	93	26
-1.51	140	26
-1.514	85	26
-1.515	110	26
-1.525	104	26
-1.57	132	26
-1.562	107	26
-1.478	121	26
-1.508	123	26
-1.519	103	26
-1.496	117	26
-1.553	133	26
-1.472	146	26
-1.528	139	26
-1.528	135	26
-1.539	125	26
-1.512	134	26
-1.533	103	26
-1.529	124	26
-1.495	129	26
-1.568	123	26
-1.502	135	26
-1.536	113	26
-1.492	126	26
-1.488	130	26
-1.449	149	26
-1.5	133	26
-1.582	130	26
-1.529	107	26
-1.508	141	26
-1.479	148	26
-1.512	111	26
-1.493	127	26
-1.487	146	26
-1.523	120	26
-1.543	140	26
-1.516	127	26
-1.572	124	26
-1.508	150	26
-1.523	116	26
-1.509	138	26
-1.525	100	26
-1.497	115	26
-1.534	135	26
-1.506	141	26
-1.505	117	26
-1.587	95	26
-1.509	134	26
-1.512	136	26
-1.502	115	26
-1.511	133	26
-1.568	110	26
-1.505	157	26
-1.479	117	26
-1.509	133	26
-1.573	117	26
-1.515	124	26
-1.524	143	26
-1.532	124	26
-1.495	135	26
-1.536	135	26
-1.498	118	26
-1.511	133	26
-1.523	112	26
-1.529	119	26
-1.481	115	26
-1.515	102	26
-1.506	126	26
-1.472	110	26
-1.587	128	26
-1.525	125	26
-1.515	117	26
-1.533	124	26
-1.515	110	26
-1.529	155	26
-0.546	134	26
-1.508	137	26
-1.517	135	26
-1.579	143	26
-1.516	118	26
-1.571	110	26
-1.528	151	26
-1.519	138	26
-1.593	105	26
-1.517	144	26
-1.525	113	26
-1.533	118	26
-1.568	104	26
-1.574	101	26
-1.518	129	26
-1.522	134	26
-1.508	101	26
-1.503	141	26
-1.514	118	26
-1.498	95	26
-1.543	115	26
-1.527	130	26
-1.499	97	26
-1.511	104	26
-1.486	141	26
-1.557	78	26
-1.523	96	26
-1.485	123	26
-1.549	127	26
-1.512	158	26
-1.523	127	26
-1.447	94	26
-1.521	110	26
-1.48	149	26
-1.51	140	26
-1.501	138	26
-1.517	131	26
-1.519	138	26
-1.557	122	26
-1.498	133	26
-1.527	135	26
-1.291	133	26
-1.556	145	26
-1.495	142	26
-1.553	128	26
-1.507	115	26
-1.504	125	26
-1.524	122	26
-1.538	122	26
-1.517	158	26
-1.554	156	26
-1.493	144	26
-1.495	127	26
-1.477	153	26
-1.571	125	26
-1.523	140	26
-1.502	130	26
-1.45	136	26
-1.524	138	26
-1.557	132	26
-1.525	139	26
-1.509	117	26
-1.473	127	26
-1.503	121	26
-1.499	145	26
-1.567	121	26
-1.591	105	26
-1.541	111	26
-1.51	117	26
-1.519	113	26
-1.504	142	26
-1.513	112	26
-1.525	128	26
-1.502	157	26
-1.498	110	26
-1.452	123	26
-1.509	134	26
-1.543	114	26
-1.49	126	26
-1.519	114	26
-1.493	140	26
-1.555	122	26
-1.494	115	26
-1.545	145	26
-1.505	122	26
-1.508	136	26
-1.507	120	26
-1.53	126	26
-1.536	127	26
-1.494	125	26
-1.529	114	26
-1.497	113	26
-1.489	124	26
-1.557	111	26
-1.497	148	26
-1.501	118	26
-1.503	123	26
-1.53	132	26
-1.48	117	26
-1.52	121	26
-1.519	158	26
-1.501	147	26
-1.553	92	26
-1.588	128	26
-1.509	142	26
-1.514	136	26
-1.52	146	26
-1.547	142	26
-1.523	136	26
-1.52	126	26
-1.531	116	26
-1.504	117	26
-1.504	127	26
-1.512	114	26
-1.497	106	26
-1.501	129	26
-1.508	127	26
-1.535	136	26
-1.513	125	26
-1.507	128	26
-1.503	129	26
-1.547	124	26
-1.494	113	26
-1.554	111	26
-1.548	152	26
-1.507	118	26
-1.523	116	26
-1.483	131	26
-1.503	119	26
-1.512	133	26
-1.546	118	26
-1.516	102	26
-1.586	102	26
-1.526	96	26
-1.525	116	26
-1.598	123	26
-1.524	140	26
-1.495	144	26
-1.512	102	26
-1.563	115	26
-1.48	138	26
-1.503	145	26
-1.503	121	26
-1.523	120	26
-1.501	136	26
-1.491	143	26
-1.517	99	26
-1.515	126	26
-1.51	122	26
-1.532	137	26
-1.515	122	26
-1.482	138	26
-1.537	109	26
-1.495	141	26
-1.554	130	26
-1.49	155	26
-1.53	129	26
-1.495	129	26
-1.519	126	26
-1.507	125	26
-1.544	143	26
-1.516	101	26
-1.498	99	26
-1.512	103	26
-1.553	121	26
-1.519	126	26
-1.517	145	26
-1.515	108	26
-1.481	147	26
-1.598	119	26
-1.498	130	26
-1.572	142	26
-1.59	148	26
-1.484	122	26
-1.495	126	26
-1.502	105	26
-1.527	120	26
-1.521	135	26
-1.514	119	26
-1.53	129	26
-1.493	135	26
-1.506	125	26
-1.514	117	26
-1.532	114	26
-1.528	118	26
-1.531	131	26
-1.563	127	26
-1.513	115	26
-1.507	86	26
-1.568	123	26
-1.519	135	26
-1.515	121	26
-1.523	132	26
-1.496	132	26
-1.518	113	26
-1.59	128	26
-1.533	127	26
-1.496	132	26
-1.484	112	26
-1.491	131	26
-1.535	124	26
-1.532	98	26
-1.499	113	26
-1.506	121	26
-1.524	135	26
-1.49	126	26
-1.504	122	26
-1.498	123	26
-1.516	120	26
-1.521	130	26
-1.532	109	26
-1.513	130	26
-1.529	106	26
-1.495	129	26
-1.582	103	26
-1.495	106	26
-1.531	102	26
-1.496	138	26
-1.544	103	26
-1.545	149	26
-1.533	121	26
-1.524	131	26
-1.509	137	26
-1.563	97	26
-1.491	113	26
-1.542	127	26
-1.518	109	26
-1.541	143	26
-1.504	127	26
-1.499	141	26
-1.517	130	26
-1.503	126	26
-1.569	118	26
-1.502	110	26
-1.467	143	26
-1.525	128	26
-1.566	108	26
-1.516	108	26
-1.53	140	26
-1.533	122	26
-1.521	148	26
-1.507	128	26
-1.504	138	26
-1.525	134	26
-1.493	109	26
-1.526	124	26
-1.491	128	26
-1.326	107	26
-1.529	112	26
-1.507	113	26
-1.508	149	26
-1.478	115	26
-1.513	103	26
-1.512	133	26
-1.516	125	26
-1.487	121	26
-1.546	113	26
-1.513	131	26
-1.547	127	26
-1.52	138	26
-1.504	136	26
-1.52	135	26
-1.497	117	26
-1.518	95	26
-1.592	134	26
-1.493	124	26
-1.483	132	26
-1.474	160	26
-1.49	125	26
-1.526	149	26
-1.558	121	26
-1.513	118	26
-1.524	129	26
-1.53	105	26
-1.534	136	26
-1.516	133	26
-1.519	121	26
-1.511	121	26
-1.487	137	26
-1.566	140	26
-1.492	121	26
-1.521	119	26
-1.489	139	26
-1.515	112	26
-1.507	125	26
-1.494	123	26
-1.512	141	26
-1.556	123	26
-1.51	142	26
-1.571	129	26
-1.537	142	26
-1.54	132	26
-1.494	117	26
-1.594	116	26
-1.51	136	26
-1.513	123	26
-1.513	112	26
-1.525	140	26
-1.516	116	26
-1.506	119	26
-1.516	107	26
-1.513	134	26
-1.474	123	26
-1.538	125	26
-1.56	117	26
-1.507	127	26
-1.566	122	26
-1.557	101	26
-1.551	132	26
-1.52	141	26
-1.547	158	26
-1.532	129	26
-1.515	152	26
-1.518	122	26
-1.504	128	26
-1.537	112	26
-1.536	131	26
