-1.50176	50	34
-1.56317	49	37
-1.50315	65	44
-1.50272	34	23
-1.5028	43	24
-1.56328	54	37
-1.5456	53	41
-1.5029	42	29
-1.56383	47	34
-1.55583	31	19
-1.56074	46	34
-1.56146	31	19
-1.56252	47	35
-1.56253	43	27
-1.50107	50	34
-1.50154	30	18
-1.55906	40	28
-1.55996	47	34
-1.56141	40	28
-1.50128	30	19
-1.50098	51	30
-1.50237	51	34
-1.5024	56	36
-1.50155	36	25
-1.50184	55	40
-1.50136	32	20
-1.5532	48	38
-1.50143	35	23
-1.50299	64	38
-1.56213	35	23
-1.56294	81	61
-1.50303	50	42
-1.56295	70	41
-1.50214	35	23
-1.54227	36	24
-1.50137	39	26
-1.56369	76	59
-1.48376	35	23
-1.50286	58	39
-1.50208	60	43
-1.5017	32	21
-1.50355	30	18
-1.56485	44	32
-1.53648	46	33
-1.50332	33	21
-1.50156	42	31
-1.50229	40	28
-1.50279	53	33
-1.54447	71	47
-1.55892	67	52
-1.56094	57	43
-1.50259	42	30
-1.50239	41	23
-1.56377	32	20
-1.56318	55	43
-1.55921	52	40
-1.5642	99	56
-1.50172	48	32
-1.56298	45	33
-1.54215	37	25
-1.50148	32	20
-1.55875	56	36
-1.563	51	40
-1.50284	46	34
-1.5044	50	36
-1.50245	37	25
-1.50276	41	29
-1.50232	42	26
-1.50181	40	28
-1.55932	60	48
-1.50132	38	26
-1.50224	36	24
-1.56147	35	24
-1.52596	64	51
-1.54124	49	38
-1.50181	29	17
-1.50317	37	25
-1.55751	59	47
-1.5633	46	34
-1.56368	45	33
-1.50287	33	21
-1.50191	26	14
-1.50186	44	26
-1.50114	29	17
-1.55687	55	43
-1.50129	57	46
-1.49518	38	27
-1.50163	60	40
-1.563	62	49
-1.50077	39	28
-1.50203	34	22
-1.55792	44	32
-1.5029	41	26
-1.50231	31	19
-1.56509	64	52
-1.50171	29	17
-1.55069	57	45
-1.4976	28	20
-1.5027	32	20
-1.50154	39	28
-1.50161	54	39
-1.50392	43	29
-1.5634	68	56
-1.56512	83	71
-1.46399	33	22
-1.50549	29	17
-1.55995	34	23
-1.56128	35	23
-1.50358	40	26
-1.55259	46	34
-1.50196	37	21
-1.56195	51	39
-1.5041	43	28
-1.56557	79	61
-1.50184	64	43
-1.50161	35	24
-1.50317	44	28
-1.5033	32	20
-1.56357	32	20
-1.50215	26	14
-1.5015	48	37
-1.50271	42	31
-1.55773	41	30
-1.56309	38	27
-1.50552	56	42
-1.56081	40	29
-1.56293	45	34
-1.56559	42	27
-1.50339	51	37
-1.56522	69	45
-1.50466	48	25
-1.5021	36	24
-1.55701	50	31
-1.56166	38	26
-1.50354	36	24
-1.50418	57	36
-1.50363	37	24
-1.50287	57	36
-1.56497	35	23
-1.55615	42	27
-1.50215	48	35
-1.50106	38	26
-1.50246	29	17
-1.5615	42	31
-1.50269	30	18
-1.56119	45	33
-1.56377	75	63
-1.56006	43	31
-1.52667	34	22
-1.5013	34	27
-1.50446	50	38
-1.50278	42	29
-1.50185	34	24
-1.50326	30	18
-1.5027	31	19
-1.50327	44	27
-1.50035	43	28
-1.50142	40	34
-1.55939	67	55
-1.50294	51	33
-1.56079	57	41
-1.5026	34	22
-1.56297	30	18
-1.49898	31	19
-1.56039	46	32
-1.50193	37	29
-1.55163	67	45
-1.522	41	31
-1.50302	47	32
-1.5043	40	21
-1.50149	31	19
-1.56127	36	24
-1.5036	42	30
-1.56274	45	33
-1.55908	33	21
-1.50075	51	36
-1.56221	38	27
-1.55896	42	31
-1.50149	35	31
-1.50386	38	26
-1.50392	29	17
-1.5025	52	32
-1.5035	54	37
-1.50293	35	23
-1.50294	57	42
-1.50278	41	24
-1.50545	35	24
-1.5542	44	28
-1.50289	54	33
-1.50437	45	27
-1.50176	50	35
-1.50225	41	27
-1.50367	40	28
-1.55954	36	24
-1.56157	54	37
-1.55834	38	27
-1.50109	37	26
-1.56413	31	19
-1.56046	30	19
-1.49998	51	37
-1.50127	31	26
-1.50182	34	22
-1.52235	65	41
-1.50224	30	18
-1.54223	45	33
-1.50364	62	42
-1.55636	46	34
-1.50328	51	39
-1.50201	31	19
-1.50163	44	23
-1.5104	37	25
-1.50163	38	27
-1.5024	32	20
-1.50099	28	16
-1.56512	52	29
-1.56243	29	23
-1.50239	35	23
-1.50333	45	31
-1.50263	25	13
-1.50271	41	29
-1.56202	65	54
-1.56314	41	26
-1.56403	67	53
-1.54497	41	31
-1.50212	38	27
-1.55834	48	35
-1.50739	61	47
-1.55637	48	36
-1.50343	34	22
-1.50304	47	33
-1.50047	48	37
-1.49996	35	23
-1.49995	29	17
-1.50273	39	24
-1.50214	33	21
-1.56048	42	30
-1.50186	35	24
-1.50159	33	21
-1.5583	63	50
-1.5639	44	32
-1.50346	43	30
-1.50249	57	41
-1.5022	46	24
-1.50034	27	15
-1.55748	33	21
-1.52085	33	22
-1.56213	58	36
-1.50346	47	32
-1.56333	37	28
-1.50241	42	29
-1.56441	42	24
-1.54531	38	28
-1.50751	57	36
-1.50227	49	35
-1.55859	62	44
-1.50875	51	38
-1.56037	58	44
-1.48823	34	25
-1.50198	49	37
-1.56014	45	34
-1.50127	38	28
-1.50271	36	24
-1.49896	30	20
-1.56085	45	34
-1.56312	44	32
-1.50535	46	34
-1.50267	37	25
-1.56209	38	27
-1.56	43	31
-1.50176	42	30
-1.50481	73	55
-1.50231	29	17
-1.56398	57	39
-1.56185	49	34
-1.50204	37	26
-1.50158	38	26
-1.5564	29	17
-1.5631	67	45
-1.55256	61	38
-1.56186	39	28
-1.5668	44	32
-1.50294	62	38
-1.56055	33	22
-1.50096	33	22
-1.51131	33	21
-1.50817	35	23
-1.557	48	35
-1.50274	46	24
-1.56512	34	22
-1.55652	42	31
-1.50419	37	25
-1.50296	46	34
-1.50338	33	21
-1.50249	59	36
-1.50355	29	17
-1.5084	38	25
-1.5169	34	22
-1.56286	38	27
-1.5063	41	29
-1.50081	32	20
-1.56268	68	48
-1.50493	42	28
-1.50179	27	16
-1.50259	42	30
-1.55415	35	24
-1.50258	44	30
-1.54741	49	38
-1.50269	41	29
-1.56131	39	28
-1.50252	30	18
-1.56347	50	35
-1.56396	37	25
-1.50344	59	36
-1.56212	64	50
-1.50348	32	20
-1.50369	40	28
-1.55683	33	21
-1.50288	43	31
-1.50274	36	24
-1.53257	35	24
-1.56295	42	30
-1.50165	54	40
-1.56422	40	27
-1.50298	87	51
-1.56414	29	18
-1.56488	86	49
-1.50191	41	33
-1.56164	32	20
-1.50442	43	31
-1.50207	47	26
-1.56102	30	19
-1.5636	69	37
-1.50378	62	41
-1.50183	40	28
-1.50167	35	23
-1.50408	37	25
-1.50374	44	32
-1.50417	49	37
-1.50166	42	31
-1.56212	58	46
-1.56377	64	43
-1.50259	35	23
-1.50267	46	27
-1.55927	40	28
-1.50345	31	19
-1.56349	58	35
-1.50176	39	27
-1.50361	50	35
-1.502	29	17
-1.50198	45	33
-1.56054	53	39
-1.56287	63	42
-1.50325	51	37
-1.56373	38	26
-1.56507	54	38
-1.56334	56	44
-1.50205	28	16
-1.50033	35	25
-1.50195	53	40
-1.55715	39	27
-1.50041	34	23
-1.55277	74	59
-1.56341	65	51
-1.50232	31	19
-1.50637	51	37
-1.50226	42	22
-1.56323	44	32
-1.50245	45	30
-1.56404	49	37
-1.5018	44	29
-1.50327	31	19
-1.50208	44	32
-1.50507	57	45
-1.5548	33	23
-1.50179	50	35
-1.55852	51	40
-1.50367	40	27
-1.51062	36	24
-1.50509	63	41
-1.50279	38	26
-1.56187	45	32
-1.50417	65	44
-1.54457	52	40
-1.50752	34	22
-1.50299	46	25
-1.50172	43	31
-1.50174	45	33
-1.5594	47	34
-1.55954	29	17
-1.50231	38	26
-1.50261	42	31
-1.50167	40	29
-1.50159	38	26
-1.56407	54	37
-1.53707	53	42
-1.50182	31	19
-1.5029	41	29
-1.50389	46	33
-1.50238	41	29
-1.50494	48	36
-1.50306	32	20
-1.50277	35	23
-1.50246	37	25
-1.5555	54	42
-1.50609	35	23
-1.55055	59	37
-1.50184	39	25
-1.50224	44	30
-1.50383	41	21
-1.50257	51	38
-1.49897	36	24
-1.50451	45	27
-1.50326	35	23
-1.50276	30	18
-1.56432	48	36
-1.55856	53	41
-1.50451	56	34
-1.51633	41	30
-1.50092	35	27
-1.56277	42	30
-1.56204	45	33
-1.56245	48	31
-1.56236	40	29
-1.50093	31	19
-1.56451	41	29
-1.50187	29	19
-1.50197	42	30
-1.5013	40	29
-1.50172	42	33
-1.56379	59	42
-1.56327	53	38
-1.50134	32	19
-1.56251	66	51
-1.56469	40	28
-1.50231	41	29
-1.55989	61	47
-1.50317	64	45
-1.56283	34	23
-1.50357	38	26
-1.56555	64	41
-1.50586	36	24
-1.51387	36	25
-1.5614	35	23
-1.50215	40	28
-1.55727	39	27
-1.50095	35	24
-1.50152	47	30
-1.54523	32	21
-1.5607	34	22
-1.5637	40	29
-1.50258	35	23
-1.51695	30	18
-1.54848	45	32
-1.5022	51	35
-1.50205	37	25
-1.50293	30	18
-1.56188	48	36
-1.56355	48	36
-1.50191	31	20
-1.50162	47	29
-1.50318	60	39
-1.50167	48	33
-1.53204	35	23
-1.55839	33	22
-1.50265	30	18
-1.5639	38	26
-1.50112	37	26
-1.50269	37	25
-1.55982	41	29
-1.56311	69	46
-1.50328	38	25
-1.5007	35	23
-1.50254	50	32
-1.56293	50	37
-1.55103	60	42
-1.50188	37	26
-1.56322	44	32
-1.56232	48	34
-1.55296	44	26
-1.50131	35	23
-1.50304	29	17
-1.55446	48	28
-1.49958	30	18
-1.54892	36	25
-1.50307	43	30
-1.50324	58	45
-1.56587	47	25
-1.51069	36	24
-1.56206	48	35
-1.56252	57	46
-1.50386	49	32
-1.50408	58	33
-1.56095	45	34
-1.56235	47	34
-1.50262	32	20
-1.4804	31	21
-1.54777	37	27
-1.56499	45	26
-1.5605	37	26
-1.50275	50	33
-1.56352	54	40
-1.43138	27	18
-1.51327	45	33
-1.50342	40	28
-1.50261	43	31
-1.50457	56	40
-1.50297	46	37
-1.55178	63	44
-1.52386	49	35
-1.56271	37	25
-1.50254	33	21
-1.50335	31	19
-1.50259	45	29
-1.50275	44	28
-1.50197	25	13
-1.5039	52	33
-1.56489	37	25
-1.54001	51	39
-1.5641	34	22
-1.50107	37	25
-1.50205	48	29
-1.50243	44	22
-1.50296	35	23
-1.56486	46	34
-1.56281	43	26
-1.56415	65	50
-1.5022	29	21
-1.56465	71	58
-1.56374	35	23
-1.51211	33	21
-1.50032	36	25
-1.56293	49	38
-1.50137	37	26
-1.50242	50	38
-1.50232	63	44
-1.55104	46	35
-1.56455	39	27
-1.50033	30	20
-1.56461	51	29
-1.55823	60	38
-1.50244	36	24
-1.50176	25	20
-1.50204	44	28
-1.50312	46	28
-1.50172	53	33
-1.503	68	45
-1.50097	30	19
-1.55493	30	18
-1.4986	41	30
-1.51835	40	28
-1.50307	34	23
-1.50402	44	26
-1.50299	55	37
-1.50261	38	26
-1.50259	41	25
-1.52952	36	24
-1.50308	44	28
-1.50247	35	23
-1.50272	40	27
-1.52474	52	39
-1.5033	45	27
-1.50086	41	30
-1.56332	81	59
-1.50192	33	21
-1.56281	50	32
-1.50097	42	31
-1.56417	41	29
-1.55004	40	30
-1.55999	38	26
-1.50161	37	25
-1.56331	45	31
-1.50229	41	23
-1.50355	60	38
-1.56543	46	34
-1.5661	52	40
-1.49976	23	19
-1.51081	43	34
-1.56513	42	30
-1.50342	41	27
-1.55709	47	35
-1.5034	62	39
-1.50342	44	28
-1.50428	28	16
-1.50253	48	36
-1.50248	30	18
-1.50121	57	29
-1.5092	42	32
-1.56417	47	32
-1.56118	53	41
-1.5039	44	31
-1.55438	35	23
-1.50308	37	25
-1.55206	56	44
-1.50287	33	20
-1.50096	34	28
-1.51452	41	29
-1.56268	50	30
-1.50245	50	30
-1.50281	33	21
-1.5606	52	38
-1.5024	32	20
-1.49953	23	17
-1.56392	62	40
-1.50263	30	18
-1.56128	35	24
-1.5035	68	45
-1.55733	42	32
-1.49962	29	23
-1.56335	34	22
-1.50252	38	26
-1.54428	39	30
-1.56349	33	21
-1.50473	43	26
-1.50104	40	28
-1.53407	39	28
-1.56138	35	23
-1.50285	36	24
-1.55992	58	46
-1.56109	38	26
-1.5657	42	31
-1.50259	52	40
-1.56543	74	52
-1.5479	42	28
-1.50281	44	32
-1.56261	58	36
-1.56028	33	21
-1.50133	38	28
-1.53117	55	44
-1.50198	36	24
-1.56484	40	28
-1.50143	35	23
-1.50279	35	23
-1.56366	38	26
-1.50174	45	32
-1.55744	37	24
-1.50449	71	56
-1.5612	38	26
-1.50352	50	27
-1.55871	34	22
-1.50474	48	32
-1.50239	59	36
-1.5617	44	32
-1.56115	35	23
-1.50314	27	15
-1.50137	43	32
-1.50387	31	19
-1.50085	25	19
-1.56415	43	31
-1.50146	32	24
-1.56052	43	31
-1.50333	32	20
-1.56323	43	31
-1.52929	42	30
-1.56094	59	48
-1.50209	37	26
-1.50132	35	25
-1.50404	40	27
-1.504	52	36
-1.50164	33	22
-1.50243	47	30
-1.50066	39	27
-1.50193	35	23
-1.54946	38	27
-1.50314	40	28
-1.49924	44	27
-1.49991	37	26
-1.56228	41	30
-1.55715	44	33
-1.55981	43	31
-1.56303	56	35
-1.50259	71	50
-1.50269	54	32
-1.5011	34	22
-1.50104	32	21
-1.56198	62	46
-1.56116	44	32
-1.50184	35	23
-1.50171	44	25
-1.50414	49	36
-1.50245	50	37
-1.49958	28	16
-1.50256	51	38
-1.50284	37	22
-1.50245	28	16
-1.56293	43	29
-1.50253	31	19
-1.56469	58	39
-1.50304	41	27
-1.50325	47	35
-1.55559	52	34
-1.50078	37	25
-1.50433	33	21
-1.50345	39	25
-1.50283	47	26
-1.5409	39	29
-1.50209	33	21
-1.50217	29	17
-1.54266	39	27
-1.55779	56	44
-1.50341	39	27
-1.51576	40	28
-1.55623	46	34
-1.50343	43	25
-1.50322	29	22
-1.50307	28	21
-1.50323	57	39
-1.50225	34	22
-1.50167	40	28
-1.50294	35	23
-1.50263	37	25
-1.50283	50	28
-1.49996	31	19
-1.5019	46	34
-1.50239	41	30
-1.50253	48	31
-1.50236	55	45
-1.49989	44	34
-1.5622	38	25
-1.50136	47	34
-1.5023	33	21
-1.50231	36	24
-1.55078	38	27
-1.50402	48	32
-1.56248	51	35
-1.52737	60	47
-1.55676	38	26
-1.56552	52	37
-1.50174	36	24
-1.50006	33	21
-1.54424	91	66
-1.50514	48	32
-1.56373	51	39
-1.56404	54	42
-1.5628	42	30
-1.53389	57	46
-1.50113	30	19
-1.50358	41	26
-1.56317	54	42
-1.5002	29	20
-1.50207	41	29
-1.56372	61	43
-1.50225	57	38
-1.50797	33	22
-1.50157	36	25
-1.56071	52	34
-1.50202	35	24
-1.50146	53	38
-1.54788	37	25
-1.50225	50	29
-1.49819	41	30
-1.50239	48	33
-1.50156	30	19
-1.56348	42	38
-1.50284	25	13
-1.50308	53	34
-1.55902	68	52
-1.56154	28	17
-1.56544	46	34
-1.50314	38	25
-1.50227	29	17
-1.50184	53	40
-1.50233	41	29
-1.54506	74	62
-1.50176	34	23
-1.5022	29	17
-1.56217	17	17
-1.50224	43	30
-1.5023	58	34
-1.50367	32	21
-1.50369	49	27
-1.50171	43	31
-1.5645	37	25
-1.50401	54	31
-1.52919	36	24
-1.55892	57	47
-1.50257	28	16
-1.50136	32	20
-1.50416	60	41
-1.50299	40	28
-1.50276	50	32
-1.50037	39	28
-1.56396	55	39
-1.50195	35	24
-1.50466	42	24
-1.50232	28	16
-1.50369	40	28
-1.56431	38	26
-1.50222	33	21
-1.50127	29	18
-1.56349	90	61
-1.5036	52	33
-1.50211	49	38
-1.56134	37	25
-1.55653	31	26
-1.50196	38	26
-1.50197	41	29
-1.50324	53	38
-1.50096	36	24
-1.50276	34	22
-1.55486	45	39
-1.50418	29	17
-1.51126	57	46
-1.56344	42	29
-1.50343	51	32
-1.50197	42	30
-1.50043	34	22
-1.50257	43	31
-1.5027	39	27
-1.56674	63	33
-1.50261	34	18
-1.50069	34	22
-1.56161	42	27
-1.50378	35	23
-1.50269	41	28
-1.50082	46	29
-1.50372	45	24
-1.56367	40	28
-1.50147	39	27
-1.56115	51	32
-1.50284	30	18
-1.50196	31	19
-1.54078	97	79
-1.56398	46	34
-1.55766	42	31
-1.50085	40	28
-1.56113	45	32
-1.55929	69	57
-1.52821	46	34
-1.56164	40	28
-1.49939	30	25
-1.55898	43	32
-1.50221	25	20
-1.53173	51	33
-1.50112	38	27
-1.49971	36	22
-1.50362	51	32
-1.50071	35	24
-1.50405	37	25
-1.50356	38	26
-1.55223	49	29
-1.56158	34	28
-1.50252	36	24
-1.50208	40	29
-1.50311	48	32
-1.53823	84	69
-1.56155	35	23
-1.50378	37	23
-1.50278	56	41
-1.5625	55	50
-1.50193	33	21
-1.50262	69	40
-1.5022	46	28
-1.50216	32	21
-1.5022	42	30
-1.50216	41	27
-1.50268	46	26
-1.55358	29	17
-1.56287	43	31
-1.5625	47	35
-1.49997	31	19
-1.50156	53	35
-1.50385	43	31
-1.50116	62	44
-1.50315	42	27
-1.56253	53	41
-1.56357	29	17
-1.5017	43	32
-1.55734	30	19
-1.50336	45	29
-1.49958	36	24
-1.50185	29	17
-1.51767	66	53
-1.50309	35	21
-1.5017	30	19
-1.50248	28	17
-1.56073	47	36
-1.50189	39	27
-1.50385	35	23
-1.50383	35	23
-1.56274	40	28
-1.50886	31	19
-1.5032	43	29
-1.50243	31	19
-1.50332	48	35
-1.50258	36	25
-1.50364	53	33
-1.50323	28	16
-1.50481	31	19
-1.50311	59	27
-1.50295	42	29
-1.56343	43	33
-1.56505	29	17
-1.50381	46	34
-1.50971	34	23
-1.56457	55	42
-1.50141	43	25
-1.50167	38	26
-1.50154	35	23
-1.49984	36	25
-1.55949	52	33
-1.5357	60	48
-1.50282	48	36
-1.50883	41	24
-1.56278	43	31
-1.50343	50	27
-1.50358	47	35
-1.55805	42	32
-1.56433	30	18
-1.50167	39	27
-1.50132	34	23
-1.56184	34	22
-1.55949	62	46
-1.50271	44	30
-1.5609	31	19
-1.49964	32	20
-1.56269	37	25
-1.50466	50	37
-1.50182	46	34
-1.50339	39	27
-1.5021	36	24
-1.50353	41	28
-1.55684	35	23
-1.50239	44	29
-1.56265	39	27
-1.54409	84	66
-1.56149	32	21
-1.50122	26	19
-1.50152	33	21
-1.50225	38	22
-1.56155	56	40
-1.50205	38	27
-1.56534	41	29
-1.50172	44	32
-1.55889	50	34
-1.56036	37	25
-1.50163	41	29
-1.54994	31	21
-1.49928	37	26
-1.50149	35	23
-1.56012	67	46
-1.56283	57	44
-1.50024	33	21
-1.50273	45	31
-1.56397	32	20
-1.503	58	33
-1.55919	48	35
-1.56341	53	41
-1.55388	31	20
-1.49941	38	29
-1.55903	51	35
-1.50349	67	42
-1.56097	31	26
-1.55878	27	16
-1.49771	24	19
-1.56186	30	18
-1.50208	39	27
-1.50129	39	28
-1.50035	33	21
-1.5038	47	35
-1.50255	40	29
-1.50282	29	17
-1.50168	44	33
-1.563	35	23
-1.50071	63	48
-1.50164	29	17
-1.53795	45	34
-1.50301	35	23
-1.55882	67	50
-1.54827	32	20
-1.50117	28	17
-1.56268	33	21
-1.56087	38	26
-1.56388	40	28
-1.50065	29	17
-1.50194	36	22
-1.5016	42	30
-1.56467	49	37
-1.50387	47	24
-1.55112	44	32
-1.56179	36	25
-1.56173	49	37
-1.55682	57	41
-1.50195	36	23
-1.56068	40	28
-1.50183	35	23
-1.56303	33	21
-1.50252	34	22
-1.50649	36	23
-1.50281	36	24
-1.50193	29	18
-1.51094	45	34
-1.50199	38	27
-1.56421	52	40
-1.55534	37	25
-1.50322	34	22
-1.50303	39	27
-1.5562	47	29
-1.56365	55	40
-1.56394	48	34
-1.51452	38	27
-1.5035	51	28
-1.56668	47	29
-1.56492	41	29
-1.56587	30	18
-1.54847	60	48
-1.55484	50	39
-1.56504	51	39
-1.49896	31	21
-1.50286	29	17
-1.5624	55	36
-1.56475	70	57
-1.55744	52	35
-1.52868	36	24
-1.50225	45	33
-1.56344	45	33
-1.50251	44	29
-1.55254	48	37
-1.5005	31	19
-1.56135	46	34
-1.50249	45	26
-1.56192	87	63
-1.50239	46	29
-1.55812	39	27
-1.50204	30	18
-1.52746	64	50
-1.50055	28	22
-1.50246	41	29
-1.50291	45	24
-1.50249	54	37
-1.56644	58	41
-1.50239	42	30
-1.49892	34	23
-1.50187	27	15
-1.56626	43	31
-1.56107	61	46
-1.502	44	29
-1.50175	46	36
-1.5018	52	35
-1.50071	31	21
-1.50328	83	48
-1.56532	37	24
-1.50303	32	20
-1.50169	43	32
-1.50357	46	26
-1.50009	28	22
-1.50335	38	26
-1.50241	43	32
-1.50163	33	22
-1.54985	44	28
-1.5583	39	28
-1.50812	81	59
-1.50205	29	17
-1.50297	30	18
-1.56347	54	40
-1.54687	45	32
-1.5036	42	28
-1.50368	59	43
-1.50297	42	26
-1.50061	33	22
-1.50353	54	41
-1.50326	30	18
-1.50226	33	22
-1.50237	39	27
-1.55959	71	59
-1.50405	46	27
-1.50218	40	29
-1.4997	40	28
-1.56506	54	42
-1.50349	57	36
-1.50477	48	36
-1.50173	53	32
-1.50338	43	29
-1.50292	52	33
-1.50265	31	19
-1.56412	67	53
-1.55825	57	35
-1.50063	37	25
-1.5005	31	19
-1.5627	48	36
-1.54312	50	35
-1.56423	42	30
-1.54771	29	19
-1.55108	41	31
-1.50304	49	31
-1.50307	33	21
-1.52421	49	35
-1.50316	47	34
-1.56512	61	46
-1.51591	40	29
-1.56545	46	33
-1.55312	42	30
-1.50263	54	35
-1.55857	42	28
-1.50277	57	38
-1.50179	29	17
-1.50187	34	22
-1.50567	46	31
-1.5609	47	35
-1.50294	50	34
-1.55964	45	34
-1.50442	70	48
-1.49707	26	14
-1.50156	30	20
-1.49831	37	26
-1.49941	33	22
-1.49935	43	27
-1.5579	43	33
-1.56438	40	28
-1.53023	31	19
-1.50186	44	28
-1.50181	42	30
-1.5647	41	29
-1.50205	49	36
-1.50166	37	25
-1.56253	28	22
-1.50135	39	28
-1.55832	51	39
-1.50266	42	27
-1.50214	42	24
-1.56124	50	38
-1.5009	35	23
-1.53856	34	22
-1.5025	56	41
-1.50124	31	19
-1.50294	42	29
-1.5028	37	25
-1.56395	46	34
-1.56558	30	18
-1.50228	36	24
-1.50343	34	22
-1.50299	34	22
-1.55887	67	46
-1.50458	50	33
-1.56431	47	35
-1.5541	72	46
-1.50414	32	20
-1.50254	31	19
-1.56211	53	38
-1.50114	44	32
-1.50203	44	29
-1.50267	53	31
-1.50387	39	26
-1.50077	29	18
-1.50194	34	22
-1.5531	39	27
-1.56558	36	24
-1.5031	32	20
-1.5543	51	39
-1.50233	36	25
-1.5025	28	16
-1.50034	50	33
-1.50451	38	20
-1.5008	30	20
-1.50287	62	42
-1.5243	39	28
-1.5583	29	17
-1.56391	43	32
-1.56109	48	38
-1.50108	42	30
-1.50154	29	17
-1.5018	42	28
-1.50408	45	33
-1.50419	56	36
-1.5034	40	25
-1.50267	30	18
-1.50239	39	26
-1.56183	53	35
-1.50294	43	25
-1.50247	49	37
-1.56331	47	32
-1.50229	54	37
-1.50173	32	20
-1.53028	79	62
-1.56412	51	39
-1.50214	44	32
-1.50219	48	35
-1.56321	41	28
-1.56538	44	32
-1.501	55	41
-1.50435	43	26
-1.55663	48	31
-1.56537	42	30
-1.50278	39	27
-1.55711	44	32
-1.50171	37	25
-1.50156	32	21
-1.5038	33	21
-1.50423	46	34
-1.50159	43	31
-1.5043	41	23
-1.56407	48	36
-1.5667	89	67
-1.49825	42	31
-1.56404	47	34
-1.56163	46	36
-1.5022	34	23
-1.5039	35	23
-1.55269	46	34
-1.50391	49	31
-1.56018	42	30
-1.50215	32	21
-1.50072	40	28
-1.50292	31	19
-1.55896	33	21
-1.50112	54	38
-1.55624	60	37
-1.49983	35	23
-1.50207	41	29
-1.50352	47	35
-1.50285	44	27
-1.50147	53	34
-1.50231	47	34
-1.50432	51	31
-1.50089	30	25
-1.50385	46	31
-1.56533	37	25
-1.56096	35	24
-1.56361	46	34
-1.50353	55	33
-1.56107	33	22
-1.56483	30	18
-1.50224	69	47
-1.50359	55	37
-1.49913	39	27
-1.56533	59	47
-1.50495	83	60
-1.53796	60	44
-1.50204	31	19
-1.50416	30	18
-1.50391	45	28
-1.50151	36	24
-1.50358	52	30
-1.50253	36	23
-1.56341	48	36
-1.55643	38	27
-1.51027	51	31
-1.50216	55	34
-1.49639	33	22
-1.56554	56	39
-1.55977	56	44
-1.50108	37	28
-1.55811	38	26
-1.50103	31	20
-1.5004	27	16
-1.56367	38	26
-1.50292	31	19
-1.50533	35	23
-1.55131	42	30
-1.56451	44	32
-1.5021	33	21
-1.50099	35	23
-1.56459	61	48
-1.56554	50	27
-1.56232	49	37
-1.49911	28	17
-1.50343	27	15
-1.50136	47	36
-1.50071	31	21
-1.50184	57	43
-1.51116	50	35
-1.50453	48	36
-1.50221	45	33
-1.5516	71	59
-1.50189	43	31
-1.50134	33	21
-1.50221	36	22
-1.50151	36	24
-1.5639	41	29
-1.56403	53	35
-1.54002	59	38
-1.50252	33	21
-1.50215	54	39
-1.56436	90	66
-1.56394	39	27
-1.5579	34	22
-1.56291	65	44
-1.50337	29	17
-1.53809	35	25
-1.50311	40	25
-1.5026	45	27
-1.50376	45	28
-1.50367	66	41
-1.56179	45	33
-1.50255	34	22
-1.50094	38	27
-1.50219	36	21
-1.50349	36	24
-1.50436	59	39
-1.50458	39	27
-1.56645	52	35
-1.50403	54	33
-1.50171	32	20
-1.50047	41	29
-1.52812	57	45
-1.55819	31	20
-1.5027	49	36
-1.56157	62	44
-1.5478	38	27
-1.55729	31	19
-1.55124	36	25
-1.50273	34	22
-1.54571	74	62
-1.56402	44	32
-1.56395	28	17
-1.50304	56	40
-1.50224	28	16
-1.5607	44	32
-1.55393	37	25
-1.50162	30	19
-1.50271	31	20
-1.50113	28	18
-1.50263	44	32
-1.50382	32	20
-1.56145	51	33
-1.50263	31	19
-1.50117	31	20
-1.50417	40	27
-1.50248	32	20
-1.50179	29	17
-1.56286	42	30
-1.50205	40	26
-1.56259	54	39
-1.50212	33	21
-1.5103	49	35
-1.50364	33	21
-1.49941	34	22
-1.55974	33	21
-1.50314	43	22
-1.50332	37	25
-1.56425	33	21
-1.50255	46	33
-1.5016	39	28
-1.56433	43	31
-1.50349	42	22
-1.55571	34	24
-1.50134	37	25
-1.54895	39	27
-1.53733	58	48
-1.50149	31	19
-1.5581	43	31
-1.50366	55	41
-1.5564	58	36
-1.56387	43	31
-1.5571	39	32
-1.56409	46	31
-1.50291	34	22
-1.5013	37	32
-1.55978	46	35
-1.5645	52	28
-1.50329	39	27
-1.50106	28	17
-1.56358	49	29
-1.50253	52	35
-1.50314	64	46
-1.56264	65	47
-1.50247	31	19
-1.50348	48	34
-1.50324	45	27
-1.5506	33	22
-1.54777	33	21
-1.50208	47	33
-1.50143	30	18
-1.50166	46	24
-1.56422	56	33
-1.53808	30	18
-1.50233	34	22
-1.50368	46	25
-1.50259	41	24
-1.50283	33	21
-1.50276	39	26
-1.5035	63	51
-1.55874	59	39
-1.56105	39	27
-1.50135	39	28
-1.5612	56	41
-1.51729	33	21
-1.50234	36	24
-1.50322	47	24
-1.56009	30	18
-1.50094	43	27
-1.50329	35	24
-1.50835	35	23
-1.5029	42	28
-1.50161	35	23
-1.56407	48	36
-1.5044	38	28
-1.56211	46	33
-1.50371	28	16
-1.54714	30	18
-1.55865	39	34
-1.49986	29	17
-1.50258	51	38
-1.50229	39	25
-1.503	32	20
-1.55915	52	37
-1.50233	37	27
-1.50192	30	19
-1.5011	40	36
-1.50167	44	28
-1.56324	52	41
-1.50286	35	23
-1.5043	36	24
-1.50253	29	17
-1.56474	42	30
-1.56276	39	27
-1.50282	41	26
-1.50238	28	17
-1.50276	58	34
-1.50264	38	24
-1.50235	39	25
-1.502	34	22
-1.56426	51	36
-1.50393	37	25
-1.50318	33	21
-1.5024	34	22
-1.50128	49	31
-1.50307	45	30
-1.49898	29	17
-1.5018	34	22
-1.50163	33	22
-1.50093	21	17
-1.56163	39	28
-1.56149	58	42
-1.5031	61	46
-1.554	35	23
-1.50119	53	40
-1.56455	61	44
-1.50265	35	23
-1.55679	20	20
-1.52425	51	31
-1.51486	73	56
-1.50237	40	28
-1.50962	35	23
-1.52846	51	39
-1.50361	31	19
-1.50405	29	17
-1.50443	46	31
-1.50199	30	18
-1.54848	53	37
-1.50431	34	22
-1.56569	62	45
-1.50164	43	24
-1.50201	34	22
-1.50252	40	28
-1.50409	50	35
-1.50284	64	45
-1.50252	38	26
-1.50193	45	33
-1.50275	54	33
-1.56189	33	21
-1.55748	50	37
-1.53156	73	58
-1.50221	34	22
-1.54245	45	31
-1.56182	36	26
-1.50197	44	31
-1.50134	31	19
-1.50241	48	36
-1.50201	65	42
-1.56374	58	41
-1.50249	37	25
-1.50326	35	23
-1.56442	33	21
-1.50073	37	25
-1.50238	36	24
-1.504	26	14
-1.50184	36	25
-1.56478	38	26
-1.5643	40	28
-1.50391	50	34
-1.56365	55	43
-1.54772	30	19
-1.56169	48	37
-1.50144	42	31
-1.53142	35	23
-1.56471	52	40
-1.50333	43	28
-1.50235	44	32
-1.49976	32	21
-1.56339	55	38
-1.50071	25	21
-1.56028	37	26
-1.50305	45	33
-1.50489	53	32
-1.56423	39	27
-1.56411	39	27
-1.50115	51	40
-1.5015	44	30
-1.50131	35	23
-1.50153	33	28
-1.50391	42	25
-1.50319	35	22
-1.5345	38	26
-1.50389	33	21
-1.50023	34	25
-1.50273	50	32
-1.50204	46	30
-1.5031	49	35
-1.50153	30	19
-1.50397	34	23
-1.50872	48	30
-1.5639	33	21
-1.56293	64	48
-1.50233	48	29
-1.54769	29	18
-1.5056	56	35
-1.502	47	31
-1.50114	31	19
-1.55996	39	28
-1.50323	35	23
-1.56254	40	28
-1.55607	39	30
-1.50259	37	25
-1.50269	55	35
-1.56101	49	36
-1.50106	35	23
-1.51103	42	31
-1.50393	34	22
-1.50142	45	32
-1.5678	30	18
-1.50176	33	21
-1.56444	49	37
-1.55847	43	32
-1.50204	31	19
-1.50845	38	26
-1.50265	49	33
-1.50275	41	34
-1.49997	30	19
-1.50122	30	18
-1.56042	79	68
-1.56168	34	22
-1.54911	49	33
-1.56132	45	33
-1.51117	44	28
-1.51204	49	37
-1.50314	43	31
-1.50308	28	16
-1.50207	26	21
-1.50207	25	20
-1.50653	37	25
-1.56142	61	48
-1.503	48	36
-1.50168	48	36
-1.56462	38	26
-1.56531	57	41
-1.50011	35	25
-1.51313	31	19
-1.50879	40	28
-1.56414	35	23
-1.51301	32	22
-1.50432	49	31
-1.56013	54	42
-1.50327	50	39
-1.50337	45	32
-1.50258	39	26
-1.50126	39	27
-1.50211	35	24
-1.55584	51	36
-1.50185	34	23
-1.50159	33	21
-1.5632	51	35
-1.56148	57	43
-1.5029	39	26
-1.50323	47	35
-1.49968	25	20
-1.55619	56	41
-1.50062	30	26
-1.50297	40	28
-1.56599	30	18
-1.49878	20	16
-1.56347	29	18
-1.50144	33	21
-1.56368	74	53
-1.5654	36	24
-1.55848	60	37
-1.50208	33	21
-1.56169	49	38
-1.55923	35	23
-1.50261	50	30
-1.56306	38	27
-1.50237	46	29
-1.50201	35	23
-1.50112	66	52
-1.55658	37	25
-1.50358	40	28
-1.50337	38	26
-1.50291	48	30
-1.50263	34	22
-1.56425	57	39
-1.50129	29	17
-1.55884	37	27
-1.50308	45	31
-1.56071	46	36
-1.50098	38	27
-1.55905	42	30
-1.56277	35	23
-1.55868	59	42
-1.56137	50	38
-1.5643	43	31
-1.56372	45	34
-1.50237	39	27
-1.50046	26	20
-1.50401	34	22
-1.50243	32	20
-1.56423	42	30
-1.56129	38	28
-1.5007	30	27
-1.56206	34	22
-1.55925	40	29
-1.50293	43	26
-1.5646	55	41
-1.50147	46	30
-1.54369	40	28
-1.55247	51	39
-1.55901	36	25
-1.56399	59	41
-1.56227	33	21
-1.4989	28	17
-1.50399	42	30
-1.50197	40	26
-1.50373	46	33
-1.50564	36	24
-1.50097	34	29
-1.50492	56	39
-1.55984	37	26
-1.50388	42	29
-1.50258	44	31
-1.53633	45	34
-1.50188	30	18
-1.50268	46	29
-1.56296	50	38
-1.53767	40	28
-1.53971	44	32
-1.56357	43	32
-1.5012	32	21
-1.50375	34	22
-1.50192	33	27
-1.53904	30	18
-1.50267	33	21
-1.55857	43	31
-1.50298	45	32
-1.50338	46	27
-1.50209	51	39
-1.50293	45	32
-1.56255	51	36
-1.56503	31	19
-1.50377	30	18
-1.50164	40	38
-1.50421	38	26
-1.50196	53	39
-1.55952	45	33
-1.56119	44	32
-1.56408	53	38
-1.50242	41	28
-1.50257	34	22
-1.5035	41	27
-1.55154	76	47
-1.49944	41	31
-1.50309	55	30
-1.56355	40	28
-1.56172	34	23
-1.50257	61	41
-1.56358	62	50
-1.50348	40	28
-1.5604	54	34
-1.50995	35	25
-1.56136	49	37
-1.5038	82	56
-1.56156	53	33
-1.50201	40	27
-1.50127	29	23
-1.55438	33	22
-1.50181	45	32
-1.54324	41	30
-1.56296	40	25
-1.56407	60	47
-1.56394	44	25
-1.50181	31	19
-1.50287	40	28
-1.56448	42	30
-1.50148	36	24
-1.55838	56	38
-1.53349	34	24
-1.49371	35	24
-1.56254	65	50
-1.50213	42	30
-1.50324	45	33
-1.50315	35	23
-1.50296	39	27
-1.56434	30	18
-1.50231	29	17
-1.55821	53	43
-1.50379	32	20
-1.50292	41	29
-1.56833	33	21
-1.56039	53	37
-1.50211	41	27
-1.50217	36	24
-1.56289	46	32
-1.56215	55	43
-1.56192	61	49
-1.50202	39	26
-1.50082	29	17
-1.5501	36	24
-1.50233	57	44
-1.562	43	32
-1.5039	45	33
-1.5606	59	38
-1.56455	60	38
-1.55837	52	40
-1.50428	59	32
-1.56237	62	48
-1.56377	43	28
-1.56474	42	28
-1.50249	68	46
-1.56019	63	49
-1.50361	33	21
-1.55976	41	29
-1.50218	32	20
-1.50337	33	21
-1.50181	47	35
-1.50254	38	26
-1.49945	31	19
-1.51506	31	19
-1.50219	42	30
-1.50143	28	16
-1.56454	52	40
-1.50174	38	27
-1.50184	39	27
-1.54841	42	28
-1.50166	31	19
-1.49996	40	29
-1.5617	42	28
-1.50208	34	21
-1.50246	31	19
-1.50267	46	30
-1.56394	43	31
-1.51054	50	30
-1.50241	37	25
-1.50313	31	19
-1.50356	46	34
-1.55909	45	34
-1.5411	42	30
-1.50461	40	27
-1.56257	58	40
-1.49826	33	22
-1.56551	59	37
-1.50149	44	33
-1.50293	41	24
-1.55399	37	25
-1.50193	43	32
-1.50166	37	29
-1.50237	52	31
-1.56125	63	50
-1.50185	39	27
-1.5007	36	24
-1.50398	68	38
-1.50169	36	24
-1.50314	36	26
-1.56118	42	30
-1.50015	38	28
-1.5583	65	51
-1.50548	48	28
-1.50172	32	20
-1.50426	41	26
-1.56438	93	78
-1.56516	44	32
-1.56277	31	26
-1.56081	47	35
-1.56072	32	21
-1.50315	55	34
-1.50108	34	22
-1.49922	32	21
-1.50193	31	26
-1.5368	57	45
-1.50253	51	32
-1.50076	31	21
-1.55423	51	38
-1.55988	34	23
-1.56455	37	26
-1.55684	36	24
-1.50159	47	30
-1.56445	34	22
-1.50261	32	20
-1.50293	41	29
-1.51352	34	22
-1.5023	34	22
-1.50388	44	31
-1.50184	39	27
-1.50285	41	29
-1.50289	46	29
-1.50382	44	28
-1.55827	40	30
-1.50319	37	25
-1.56087	27	20
-1.5028	29	17
-1.50192	27	15
-1.5059	33	21
-1.52021	53	30
-1.50303	47	31
-1.55627	38	26
-1.50511	41	29
-1.54805	72	49
-1.50057	40	27
-1.55545	40	28
-1.50263	42	28
-1.50283	53	30
-1.503	31	19
-1.5006	46	34
-1.5638	44	33
-1.50237	30	19
-1.56348	43	31
-1.50226	34	22
-1.50097	33	21
-1.55002	56	42
-1.50266	42	29
-1.49956	37	25
-1.56007	38	26
-1.56464	55	42
-1.50224	50	33
-1.55908	39	28
-1.55505	74	52
-1.56451	39	26
-1.50034	65	45
-1.50124	33	21
-1.50103	43	27
-1.50347	48	35
-1.55909	54	41
-1.50094	52	40
-1.56312	56	33
-1.56358	47	34
-1.50276	56	41
-1.50785	36	24
-1.50106	32	20
-1.5558	43	30
-1.50287	38	26
-1.55418	33	22
-1.50396	71	38
-1.50373	46	29
-1.50315	33	22
-1.50299	34	22
-1.50273	33	21
-1.50347	35	23
-1.56162	50	38
-1.5596	24	19
-1.50184	35	24
-1.56189	72	60
-1.55518	36	25
-1.50323	29	22
-1.50205	56	42
-1.50349	27	15
-1.54575	36	24
-1.56145	42	31
-1.50049	38	28
-1.50102	45	34
-1.55643	35	23
-1.55785	41	29
-1.56162	46	34
-1.56013	48	35
-1.55169	53	31
-1.49966	36	24
-1.56451	40	28
-1.5631	37	25
-1.50261	31	19
-1.56245	35	23
-1.50126	50	44
-1.50283	52	31
-1.50319	69	38
-1.50428	50	30
-1.50407	35	23
-1.56456	54	38
-1.5028	34	22
-1.50116	43	32
-1.50179	31	19
-1.5613	48	40
-1.50334	61	36
-1.50785	41	29
-1.55361	43	29
-1.50157	35	19
-1.50232	55	32
-1.50315	33	21
-1.56304	63	53
-1.50174	30	19
-1.50443	52	38
-1.50206	35	23
-1.50165	33	21
-1.50119	27	15
-1.50352	32	20
-1.50304	47	30
-1.50413	94	55
-1.50493	33	21
-1.56089	45	31
-1.56401	50	36
-1.50466	50	30
-1.56256	51	30
-1.50311	84	43
-1.56087	53	38
-1.50426	35	23
-1.50319	50	38
-1.56664	34	22
-1.50138	43	31
-1.50371	37	25
-1.56426	49	35
-1.54762	31	19
-1.5034	53	30
-1.5026	36	23
-1.56363	48	36
-1.50252	35	24
-1.56314	43	30
-1.50126	30	18
-1.5036	40	27
-1.50175	43	28
-1.50177	46	30
-1.50168	37	22
-1.56333	34	22
-1.52464	49	32
-1.55767	44	32
-1.50452	27	15
-1.50405	35	22
-1.56082	49	37
-1.50341	47	33
-1.49996	51	38
-1.50339	50	32
-1.56353	49	38
-1.50069	46	35
-1.50178	37	25
-1.50338	36	24
-1.50036	29	17
-1.50037	32	21
-1.50386	46	31
-1.50199	40	29
-1.56507	45	33
-1.50403	45	33
-1.55117	48	36
-1.50126	57	34
-1.56235	31	21
-1.50378	33	21
-1.50284	40	23
-1.56356	52	38
-1.502	29	22
-1.50345	29	17
-1.55788	57	41
-1.51703	67	47
-1.50088	41	26
-1.56333	47	35
-1.56517	51	39
-1.55871	68	39
-1.49962	28	17
-1.50162	33	22
-1.55605	46	36
-1.50169	59	37
-1.50382	49	37
-1.50316	44	29
-1.50312	47	30
-1.5017	30	19
-1.56186	54	36
-1.50127	30	25
-1.56177	35	24
-1.5024	50	29
-1.50152	65	52
-1.50223	40	22
-1.50292	38	26
-1.50204	49	37
-1.50199	39	23
-1.50344	71	48
-1.50336	57	36
-1.50355	48	26
-1.52685	36	24
-1.56271	32	20
-1.52735	38	27
-1.56182	41	29
-1.50348	33	21
-1.50359	42	28
-1.56218	67	52
-1.50478	36	24
-1.50087	38	26
-1.50284	43	30
-1.50175	65	51
-1.50057	36	26
-1.50112	34	27
-1.56261	40	29
-1.50312	48	31
-1.56142	39	27
-1.50774	43	31
-1.50226	46	35
-1.49996	29	18
-1.50045	43	30
-1.56392	38	27
-1.50297	36	24
-1.50341	47	31
-1.56359	43	32
-1.50184	27	15
-1.56139	59	47
-1.50291	37	25
-1.50199	33	21
-1.50421	35	23
-1.50191	40	28
-1.56176	30	19
-1.56333	37	26
-1.50432	46	34
-1.50253	33	21
-1.51007	50	39
-1.50225	43	28
-1.50025	32	22
-1.50307	57	35
-1.55681	48	37
-1.50351	30	18
-1.50144	65	48
-1.50227	36	24
-1.50212	57	42
-1.50222	53	34
-1.50223	36	24
-1.52997	35	23
-1.50301	56	43
-1.56504	61	48
-1.50866	40	28
-1.50383	37	25
-1.50283	36	24
-1.50301	42	25
-1.56204	28	16
-1.50276	46	32
-1.56139	29	18
-1.50071	45	36
-1.51533	50	39
-1.56196	64	47
-1.50214	27	22
-1.50206	38	26
-1.50369	40	28
-1.50313	63	46
-1.56068	44	32
-1.55689	29	17
-1.50254	32	20
-1.56379	55	43
-1.56326	70	47
-1.50142	37	27
-1.50034	26	21
-1.50353	39	27
-1.53782	52	38
-1.56225	41	29
-1.50126	35	23
-1.56509	35	23
-1.56409	49	37
-1.50154	42	30
-1.50517	43	30
-1.50136	48	28
-1.49853	42	30
-1.56026	44	34
-1.50201	33	21
-1.56286	66	46
-1.56318	42	30
-1.52011	33	22
-1.50119	35	23
-1.56118	37	26
-1.50177	31	19
-1.5024	74	48
-1.50354	41	29
-1.50425	43	31
-1.50266	37	25
-1.50225	44	28
-1.50237	35	23
-1.56373	32	28
-1.50262	48	40
-1.5636	44	32
-1.50228	33	21
-1.50316	57	40
-1.56088	35	23
-1.50363	41	29
-1.50032	44	32
-1.5489	40	25
-1.50439	43	27
-1.50621	33	21
-1.50178	56	35
-1.50215	51	28
-1.5659	55	33
-1.50289	50	32
-1.56507	58	36
-1.50222	34	22
-1.56063	50	38
-1.50254	47	35
-1.50311	32	20
-1.50116	38	27
-1.50169	59	47
-1.5397	49	37
-1.50327	57	39
-1.55354	45	33
-1.56395	34	22
-1.55886	30	18
-1.50239	29	17
-1.49938	37	33
-1.50351	29	17
-1.50392	56	30
-1.50344	29	17
-1.56128	46	35
-1.50644	34	22
-1.51093	40	28
-1.56105	30	19
-1.50102	37	24
-1.50231	41	29
-1.51791	46	33
-1.56034	49	36
-1.56565	39	27
-1.5022	41	30
-1.56438	42	30
-1.50446	45	25
-1.55852	39	28
-1.50247	36	24
-1.56261	73	44
-1.56034	40	27
-1.5021	41	26
-1.50259	35	23
-1.56479	50	38
-1.50131	45	24
-1.50246	40	24
-1.56369	42	30
-1.56111	31	19
-1.49121	25	14
-1.56187	29	18
-1.55648	28	16
-1.50356	40	26
-0.84449	22	11
-1.50318	31	19
-1.54873	44	33
-1.50294	60	45
-1.56485	42	30
-1.56433	58	36
-1.52575	40	27
-1.50244	31	20
-1.56101	35	23
-1.501	56	38
-1.50198	49	36
-1.5648	50	38
-1.50197	67	42
-1.50262	53	31
-1.50018	40	36
-1.49681	32	20
-1.52219	56	46
-1.54173	43	27
-1.50274	47	32
-1.55284	67	49
-1.50244	31	19
-1.50386	32	20
-1.56239	54	43
-1.50214	35	23
-1.56517	54	34
-1.54274	37	26
-1.5024	54	33
-1.51199	47	36
-1.50236	75	49
-1.50246	46	32
-1.50189	29	17
-1.49997	31	20
-1.50244	38	26
-1.50176	48	36
-1.56006	48	37
-1.50454	52	31
-1.56134	44	31
-1.50302	33	21
-1.50316	51	35
-1.50362	35	23
-1.50017	40	22
-1.56324	56	41
-1.5027	31	20
-1.55616	42	28
-1.56	45	32
-1.56461	74	48
-1.5026	43	33
-1.56447	42	30
-1.50169	65	38
-1.50286	51	37
-1.50157	38	27
-1.55915	34	22
-1.56424	59	32
-1.51278	36	24
-1.50325	70	56
-1.50092	35	24
-1.51813	38	26
-1.50424	58	35
-1.50195	38	30
-1.50378	50	31
-1.50035	37	26
-1.50172	48	35
-1.50174	25	13
-1.50149	34	23
-1.56071	57	46
-1.50321	33	22
-1.50225	41	28
-1.5621	59	42
-1.50313	29	17
-1.56408	38	27
-1.50424	43	28
-1.56317	80	56
-1.49972	31	19
-1.5029	33	21
-1.56021	43	36
-1.52118	67	56
-1.51003	40	29
-1.50059	27	15
-1.50213	28	16
-1.50287	59	36
-1.55943	45	33
-1.50283	37	26
-1.50345	37	25
-1.50158	25	13
-1.50155	31	19
-1.50288	47	26
-1.50159	41	31
-1.50179	37	25
-1.50258	41	23
-1.50229	30	18
-1.50112	56	34
-1.50745	37	25
-1.50427	56	33
-1.56112	47	32
-1.5031	51	39
-1.5016	49	38
-1.50044	35	24
-1.5644	31	19
-1.50374	37	25
-1.50372	46	32
-1.56371	41	29
-1.55771	51	36
-1.5009	32	28
-1.56415	47	32
-1.54671	57	45
-1.50271	37	25
-1.50257	35	23
-1.56489	47	35
-1.50161	29	19
-1.56298	49	37
-1.56414	51	32
-1.56218	45	32
-1.53117	28	16
-1.5322	39	27
-1.50141	39	27
-1.50238	48	27
-1.50342	43	31
-1.50211	33	21
-1.56401	46	34
-1.50161	45	24
-1.5604	43	24
-1.50133	45	29
-1.50583	52	32
-1.50281	53	42
-1.56337	31	20
-1.55688	38	26
-1.5649	48	34
-1.50096	33	22
-1.56139	56	39
-1.56538	52	40
-1.50271	58	40
-1.5026	31	19
-1.56253	44	34
-1.50163	37	26
-1.56392	34	22
-1.5607	65	46
-1.5011	36	24
-1.50246	45	32
-1.5623	40	28
-1.55887	33	21
-1.52835	55	43
-1.56038	44	33
-1.50081	44	33
-1.50319	47	33
-1.5019	43	31
-1.54151	52	39
-1.50126	38	28
-1.50597	39	27
-1.5031	44	25
-1.56298	29	17
-1.50715	44	32
-1.50186	45	33
-1.5647	43	31
-1.5421	46	29
-1.50302	46	30
-1.50154	33	21
-1.56256	44	32
-1.53349	40	30
-1.50282	45	34
-1.50312	59	47
-1.5194	32	20
-1.50192	32	20
-1.50394	35	23
-1.5028	64	45
-1.50157	34	22
-1.50324	38	26
-1.50349	43	25
-1.53733	31	21
-1.56372	40	28
-1.50329	36	24
-1.56415	43	31
-1.56053	39	27
-1.50472	56	33
-1.50256	41	27
-1.5014	37	26
-1.50342	48	31
-1.50257	43	31
-1.50262	37	25
-1.56597	32	20
-1.50179	36	26
-1.50222	33	21
-1.50234	33	22
-1.50368	38	26
-1.49933	37	26
-1.50365	33	22
-1.56439	59	44
-1.52689	55	44
-1.56449	46	33
-1.56595	76	54
-1.52	71	49
-1.56299	51	39
-1.50332	43	31
-1.50375	33	21
-1.50207	51	35
-1.50328	30	18
-1.50403	32	20
-1.50249	40	28
-1.50191	38	26
-1.50278	52	38
-1.50443	36	24
-1.50296	42	27
-1.56694	33	21
-1.50266	42	28
-1.50217	47	33
-1.56258	54	37
-1.50325	26	14
-1.50111	29	19
-1.50414	36	24
-1.56178	41	29
-1.55646	67	50
-1.50322	43	26
-1.56386	36	24
-1.49976	30	19
-1.50252	44	32
-1.50263	50	34
-1.50207	49	28
-1.50298	53	35
-1.50437	56	38
-1.56297	27	15
-1.50249	52	29
-1.50333	43	29
-1.50302	32	20
-1.50135	38	26
-1.56461	56	30
-1.50154	35	24
-1.50376	44	32
-1.56249	42	31
-1.56458	30	18
-1.50342	40	28
-1.55923	35	23
-1.56537	59	39
-1.556	50	38
-1.56307	57	38
-1.50236	69	49
-1.53462	52	40
-1.56256	60	39
-1.5643	55	34
-1.56313	44	32
-1.55608	58	46
-1.54393	40	29
-1.50079	25	14
-1.50281	59	36
-1.50382	46	33
-1.53402	52	40
-1.50226	40	24
-1.50393	71	41
-1.50349	40	28
-1.50385	36	24
-1.50474	64	40
-1.502	40	28
-1.50077	33	21
-1.55866	64	41
-1.56077	32	21
-1.50281	38	26
-1.50314	26	14
-1.50138	33	22
-1.50297	53	37
-1.50642	50	42
-1.50246	38	28
-1.56278	70	50
-1.56442	52	40
-1.50286	52	32
-1.50191	30	18
-1.50167	39	27
-1.5011	31	19
-1.5039	37	25
-1.56605	32	20
-1.50291	31	19
-1.50171	36	24
-1.50413	56	40
-1.50467	44	27
-1.50153	45	24
-1.50215	57	39
-1.50161	47	30
-1.5002	55	36
-1.50326	36	24
-1.55925	28	17
-1.56218	74	52
-1.50123	32	21
-1.56191	68	54
-1.56291	39	27
-1.55987	48	36
-1.50295	42	27
-1.56379	45	33
-1.56408	36	24
-1.51236	47	33
-1.56564	38	26
-1.559	31	19
-1.55501	32	21
-1.504	61	43
-1.50079	51	39
-1.55671	44	33
-1.56111	40	24
-1.50403	31	19
-1.50324	36	21
-1.50267	45	33
-1.55566	50	40
-1.5022	28	17
-1.50131	29	24
-1.50278	47	26
-1.50699	36	24
-1.50364	39	28
-1.55996	67	43
-1.55866	29	17
-1.50272	35	23
-1.55487	52	41
-1.56357	56	41
-1.50306	32	20
-1.50156	40	29
-1.55726	47	30
-1.50331	39	27
-1.5029	33	22
-1.50351	37	25
-1.56299	56	40
-1.55547	39	27
-1.50166	36	25
-1.50165	31	19
-1.56458	59	44
-1.5028	31	19
-1.50111	49	37
-1.49857	35	24
-1.5656	61	45
-1.56311	56	43
-1.50291	54	35
-1.50223	61	37
-1.56228	45	33
-1.50235	35	22
-1.50018	40	30
-1.50169	57	34
-1.50308	43	30
-1.50304	60	35
-1.53752	44	32
-1.50159	41	30
-1.56551	40	28
-1.55569	44	39
-1.56355	39	27
-1.50169	46	31
-1.56438	54	32
-1.5352	72	61
-1.50218	31	19
-1.50098	48	30
-1.50118	47	35
-1.56496	41	29
-1.55532	48	37
-1.50259	43	29
-1.56697	46	27
-1.56319	41	29
-0.12695	23	11
-1.5614	34	23
-1.50477	47	33
-1.5056	39	27
-1.50122	40	27
-1.5654	43	27
-1.54461	33	21
-1.55962	33	22
-1.501	41	30
-1.56104	38	26
-1.5013	29	17
-1.49973	34	24
-1.50241	54	35
-1.56368	42	30
-1.55909	49	35
-1.50252	51	35
-1.50417	50	27
-1.56544	48	36
-1.56304	50	37
-1.5626	67	56
-1.56044	33	21
-1.55304	27	15
-1.50207	43	32
-1.50284	38	26
-1.56188	47	25
-1.56414	46	35
-1.562	55	43
-1.50289	31	19
-1.50099	50	36
-1.5021	32	20
-1.5028	30	18
-1.50276	41	26
-1.50246	33	21
-1.50158	56	41
-1.56275	31	19
-1.50206	31	19
-1.50241	44	31
-1.56339	51	31
-1.56189	35	28
-1.50289	75	40
-1.50083	30	19
-1.5551	50	43
-1.50359	53	34
-1.50446	27	15
-1.50144	43	31
-1.503	69	53
-1.5635	36	25
-1.55136	53	36
-1.50275	69	47
-1.50999	41	29
-1.56438	54	42
-1.55773	52	40
-1.50444	38	25
-1.50253	49	32
-1.50303	60	40
-1.50319	42	30
-1.50362	35	23
-1.56299	50	37
-1.50239	42	24
-1.50272	47	35
-1.55263	44	29
-1.56281	62	43
-1.50236	27	22
-1.50325	41	29
-1.56245	37	26
-1.5629	56	43
-1.50382	86	55
-1.50184	42	31
-1.50119	30	20
-1.50444	48	36
-1.54385	31	19
-1.56286	46	38
-1.50264	59	31
-1.50148	36	24
-1.50327	35	23
-1.50185	31	24
-1.50175	55	38
-1.50037	23	18
-1.50407	78	46
-1.50349	48	33
-1.50221	36	23
-1.50241	32	20
-1.50242	35	23
-1.50152	34	25
-1.5628	42	30
-1.56618	55	33
-1.55935	39	27
-1.50286	41	30
-1.50148	32	21
-1.50191	48	30
-1.50124	32	20
-1.50184	35	23
-1.50324	43	31
-1.56316	41	29
-1.50223	33	21
-1.50226	42	30
-1.56619	30	18
-1.5658	75	50
-1.50025	34	22
-1.50338	28	16
-1.50309	41	30
-1.50389	54	32
-1.56361	54	39
-1.50197	50	29
-1.5632	46	34
-1.50315	28	16
-1.4994	28	24
-1.56301	63	42
-1.5013	45	31
-1.50396	38	26
-1.52203	50	39
-1.50579	41	29
-1.55383	44	32
-1.56258	35	23
-1.50228	31	19
-1.5512	34	22
-1.50341	36	22
-1.50288	30	18
-1.50505	74	49
-1.50243	44	28
-1.56164	62	50
-1.55317	45	33
-1.56451	36	24
-1.55823	30	18
-1.56304	34	22
-1.50325	29	17
-1.50599	35	23
-1.50395	68	45
-1.49516	39	29
-1.55528	44	32
-1.50142	31	19
-1.50409	49	36
-1.56028	38	26
-1.5003	40	28
-1.49838	34	22
-1.50202	35	23
-1.56339	29	18
-1.5034	33	21
-1.50458	43	23
-1.55792	56	43
-1.55286	45	34
-1.503	42	22
-1.5025	44	28
-1.50248	53	35
-1.50349	41	23
-1.50164	45	29
-1.56627	53	28
-1.50118	59	45
-1.50382	33	21
-1.50393	70	38
-1.5542	69	56
-1.50748	62	45
-1.50375	34	22
-1.50284	37	25
-1.50252	45	29
-1.5014	45	30
-1.55597	30	18
-1.5663	60	45
-1.56211	31	19
-1.5025	43	23
-1.56152	35	23
-1.56467	65	45
-1.50254	51	39
-1.5031	40	27
-1.5031	53	38
-1.50229	35	23
-1.50237	26	14
-1.50206	44	27
-1.50222	37	25
-1.50425	37	25
-1.54893	41	30
-1.56022	55	38
-1.50386	37	25
-1.50344	35	23
-1.50164	42	32
-1.56549	49	37
-1.50097	46	33
-1.56313	69	47
-1.50246	41	28
-1.50408	51	35
-1.50402	64	45
-1.54196	35	23
-1.56114	34	22
-1.50148	39	27
-1.50345	33	21
-1.55503	36	24
-1.50395	33	21
-1.50166	28	16
-1.50241	34	22
-1.56125	33	21
-1.50176	52	36
-1.50136	32	21
-1.562	57	38
-1.5026	60	36
-1.56347	49	37
-1.56419	44	33
-1.50353	52	28
-1.56516	49	32
-1.503	43	29
-1.5617	40	28
-1.5023	31	19
-1.5041	44	26
-1.56424	57	45
-1.50263	32	20
-1.50291	43	25
-1.56238	56	41
-1.56405	52	40
-1.498	28	17
-1.55935	55	37
-1.5357	47	35
-1.50009	32	20
-1.49909	39	27
-1.5023	44	30
-1.56518	67	46
-1.50409	46	26
-1.51725	35	23
-1.50257	41	27
-1.56192	65	41
-1.56513	29	17
-1.50172	39	27
-1.55419	39	28
-1.50309	44	32
-1.50172	41	29
-1.50302	37	25
-1.5038	42	29
-1.5604	61	47
-1.50472	42	26
-1.55837	55	43
-1.53473	67	48
-1.50221	45	30
-1.54045	31	19
-1.50635	42	28
-1.50431	47	34
-1.563	50	28
-1.50064	38	27
-1.50166	44	29
-1.50274	34	21
-1.50291	40	19
-1.50248	34	22
-1.50229	53	33
-1.56257	65	41
-1.50264	37	25
-1.4979	33	22
-1.50306	47	26
-1.50192	45	31
-1.5025	32	20
-1.50214	34	22
-1.50126	37	27
-1.5035	28	16
-1.50185	33	22
-1.5	44	32
-1.56185	47	36
-1.56374	48	29
-1.50224	36	24
-1.50144	33	21
-1.55891	68	56
-1.56291	32	21
-1.56657	43	27
-1.50249	37	25
-1.50488	37	25
-1.55716	45	34
-1.50082	27	15
-1.55967	45	33
-1.5416	45	33
-1.56393	53	37
-1.50154	40	28
-1.50248	31	19
-1.49993	25	20
-1.56226	40	28
-1.5615	36	25
-1.50377	30	18
-1.55939	46	34
-1.56313	38	27
-1.56147	41	29
-1.50449	43	29
-1.5037	64	40
-1.55414	43	29
-1.54571	52	40
-1.50252	47	36
-1.50242	48	35
-1.50292	48	25
-1.50371	39	25
-1.56274	38	32
-1.5579	66	52
-1.50175	45	33
-1.50435	58	38
-1.5516	38	26
-1.53984	66	47
-1.5492	54	41
-1.50104	31	19
-1.50287	36	24
-1.55553	44	33
-1.50221	35	24
-1.56121	28	16
-1.50151	35	24
-1.5604	43	32
-1.55712	64	49
-1.56427	34	29
-1.56128	43	27
-1.50192	40	27
-1.50288	55	32
-1.51203	38	26
-1.56324	56	33
-1.50349	45	29
-1.50084	36	24
-1.50167	39	27
-1.56307	42	30
-1.56215	60	37
-1.56416	36	24
-1.50269	42	30
-1.56128	47	36
-1.50009	29	26
-1.50301	65	40
-1.56185	31	19
-1.54379	35	24
-1.50178	39	26
-1.55805	52	41
-1.56234	58	45
-1.50267	37	26
-1.49972	34	24
-1.56337	42	30
-1.50316	57	39
-1.50281	42	28
-1.50606	40	28
-1.56543	40	28
-1.50181	38	28
-1.50382	58	46
-1.56014	40	30
-1.54467	53	41
-1.56117	37	25
-1.50174	49	37
-1.50218	57	36
-1.50078	67	46
-1.50246	31	19
-1.44327	50	37
-1.56513	30	18
-1.5549	36	25
-1.50276	49	36
-1.50189	30	18
-1.50329	45	32
-1.56065	47	35
-1.50195	29	17
-1.50214	41	28
-1.5632	35	23
-1.50177	35	24
-1.50258	31	19
-1.50437	28	16
-1.50226	40	28
-1.56104	30	18
-1.56367	52	39
-1.50265	42	27
-1.50131	39	27
-1.56314	30	18
-1.52954	49	36
-1.56346	60	40
-1.5035	42	22
-1.50064	26	21
-1.50154	29	18
-1.50282	38	23
-1.50031	43	29
-1.50293	56	42
-1.50159	30	18
-1.56348	73	49
-1.56434	40	28
-1.56455	44	31
-1.50085	30	18
-1.50109	28	17
-1.56505	33	21
-1.55741	55	37
-1.56303	37	25
-1.50167	29	17
-1.55847	36	24
-1.50301	48	25
-1.55957	30	19
-1.56098	34	23
-1.55779	47	36
-1.50236	31	19
-1.50181	48	35
-1.50376	44	32
-1.50157	37	21
-1.50229	47	30
-1.50324	28	16
-1.50284	60	37
-1.50466	37	25
-1.50221	45	26
-1.54964	36	24
-1.50062	51	38
-1.50464	54	33
-1.56296	32	20
-1.50357	46	34
-1.50043	30	19
-1.53897	42	30
-1.56335	61	43
-1.50616	34	22
-1.50163	43	27
-1.56373	58	40
-1.50347	50	37
-1.50219	48	36
-1.50336	34	22
-1.55306	47	36
-1.5329	30	18
-1.50289	60	30
-1.54659	42	30
-1.56216	44	32
-1.50286	39	27
-1.50199	53	36
-1.56036	35	24
-1.50228	51	38
-1.50241	53	38
-1.56295	51	37
-1.55669	37	26
-1.56154	45	29
-1.50271	37	25
-1.50097	35	23
-1.50134	59	38
-1.50146	26	14
-1.50166	35	26
-1.50146	32	20
-1.54368	40	28
-1.505	42	27
-1.50106	32	21
-1.50241	37	23
-1.49931	27	15
-1.50086	29	17
-1.5562	43	26
-1.5023	46	30
-1.50266	36	24
-1.50382	33	21
-1.50059	24	19
-1.50239	51	33
-1.50169	41	34
-1.56114	39	27
-1.50378	48	36
-1.50194	40	27
-1.5026	29	17
-1.50265	45	27
-1.50122	40	32
-1.50289	70	40
-1.50292	35	23
-1.55736	35	25
-1.49998	31	20
-1.50261	49	29
-1.50291	62	39
-1.50158	31	19
-1.56206	45	31
-1.56225	35	23
-1.5622	40	29
-1.5027	43	22
-1.50271	32	20
-1.5023	34	22
-1.54421	34	22
-1.56236	52	39
-1.5016	46	39
-1.56191	47	35
-1.51462	46	28
-1.56061	49	35
-1.51365	34	22
-1.49987	25	14
-1.50248	29	18
-1.5628	40	28
-1.50144	45	35
-1.50159	32	27
-1.50135	41	30
-1.50235	40	28
-1.50227	36	24
-1.50316	47	32
-1.56416	38	27
-1.50129	45	30
-1.56301	44	32
-1.50117	39	26
-1.50231	40	28
-1.50303	76	41
-1.50202	29	17
-1.50341	67	38
-1.56279	47	34
-1.55764	38	27
-1.50209	61	32
-1.50185	40	28
-1.55679	32	20
-1.56329	43	31
-1.50037	42	30
-1.56513	38	26
-1.50341	42	30
-1.50332	47	29
-1.50203	53	36
-1.53166	41	30
-1.50465	38	25
-1.50087	27	22
-1.56153	42	30
-1.55657	41	29
-1.50422	42	29
-1.50305	50	34
-1.50421	30	18
-1.5023	39	25
-1.56149	46	34
-1.56135	32	20
-1.50112	33	21
-1.50131	60	38
-1.50386	35	23
-1.50309	49	36
-1.56117	66	46
-1.56226	49	37
-1.51611	58	54
-1.56075	53	41
-1.56177	50	39
-1.50203	28	20
-1.50359	61	29
-1.50301	40	27
-1.56327	40	29
-1.50444	46	25
-1.50184	32	20
-1.49927	37	27
-1.50046	32	21
-1.50223	40	29
-1.56122	37	25
-1.50288	34	22
-1.55843	35	23
-1.53021	36	24
-1.50302	31	19
-1.50146	28	16
-1.50106	33	22
-1.56117	34	31
-1.56221	63	39
-1.51001	34	22
-1.50184	30	18
-1.50122	35	23
-1.55356	68	51
-1.56486	55	38
-1.56347	34	22
-1.53479	39	32
-1.55465	49	37
-1.5009	49	29
-1.50146	24	18
-1.50454	32	20
-1.50253	52	30
-1.56414	36	29
-1.56437	52	39
-1.50386	47	25
-1.5022	41	29
-1.50347	38	27
-1.50121	32	21
-1.50425	35	23
-1.56156	49	36
-1.54319	41	30
-1.50614	48	36
-1.54296	50	39
-1.56209	28	16
-1.50245	79	45
-1.50014	36	25
-1.56479	46	33
-1.56081	50	44
-1.5023	51	29
-1.504	42	30
-1.55549	33	21
-1.5602	56	40
-1.50211	44	30
-1.50311	74	42
-1.56061	40	28
-1.56502	43	31
-1.54293	35	23
-1.5611	46	29
-1.56084	34	22
-1.50305	37	26
-1.50067	34	22
-1.50219	32	20
-1.55767	43	31
-1.56092	36	24
-1.55572	39	27
-1.50194	48	26
-1.5023	29	17
-1.50144	53	39
-1.50332	53	29
-1.56259	39	28
-1.50237	41	28
-1.50296	40	28
-1.50311	82	55
-1.56024	46	35
-1.50436	40	28
-1.50282	57	35
-1.50205	33	21
-1.56632	32	20
-1.55869	37	25
-1.50146	30	18
-1.56542	41	28
-1.50069	32	20
-1.55797	47	34
-1.50198	53	40
-1.50572	45	32
-1.50388	58	39
-1.5631	62	51
-1.50286	43	31
-1.50282	50	38
-1.50332	43	25
-1.50161	44	33
-1.50241	36	24
-1.50408	47	33
-1.50455	35	22
-1.50221	54	39
-1.56509	46	33
-1.5009	33	27
-1.56572	49	32
-1.56441	54	30
-1.5019	44	31
-1.50317	47	33
-1.50177	32	22
-1.50108	29	18
-1.51417	42	29
-1.55585	59	48
-1.56094	79	46
-1.5019	50	43
-1.50231	46	34
-1.50325	43	30
-1.50245	56	37
-1.50076	40	25
-1.5023	33	21
-1.5039	45	33
-1.5649	41	29
-1.56064	48	36
-1.50085	46	34
-1.50135	37	25
-1.55977	40	34
-1.50392	32	20
-1.56075	29	25
-1.50113	39	24
-1.50188	32	20
-1.50193	53	40
-1.50322	39	27
-1.50247	71	52
-1.55961	39	27
-1.50209	30	19
-1.54915	52	41
-1.56586	37	26
-1.50119	31	26
-1.56259	51	39
-1.50477	43	31
-1.51703	50	38
-1.50239	36	30
-1.56552	32	20
-1.50229	61	30
-1.50308	40	28
-1.56581	61	41
-1.49868	35	23
-1.53591	58	48
-1.56214	29	17
-1.56503	38	25
-1.56292	31	25
-1.55837	52	33
-1.50323	59	37
-1.55055	41	30
-1.56425	46	34
-1.56097	34	24
-1.502	28	16
-1.50261	32	20
-1.54939	45	34
-1.50002	27	22
-1.5031	61	39
-1.50135	43	32
-1.56196	45	34
-1.50296	39	27
-1.56002	57	41
-1.50322	39	27
-1.56401	52	40
-1.56392	65	46
-1.56408	54	33
-1.55556	32	20
-1.56023	62	45
-1.56328	37	25
-1.50207	31	24
-1.50162	44	23
-1.56386	31	20
-1.50416	65	40
-1.50082	37	25
-1.50316	39	27
-1.55709	54	41
-1.50238	42	29
-1.50325	66	45
-1.50374	52	30
-1.50273	39	27
-1.56139	37	25
-1.50401	29	17
-1.5035	60	36
-1.56127	71	53
-1.50306	36	24
-1.50045	37	26
-1.56054	54	40
-1.50294	34	22
-1.55689	41	30
-1.50199	35	22
-1.50167	59	43
-1.5024	46	28
-1.5048	52	38
-1.50348	69	44
-1.50189	62	41
-1.56334	40	28
-1.56213	71	54
-1.50221	37	25
-1.50151	44	34
-1.56384	43	31
-1.56017	35	23
-1.50452	49	26
-1.50365	39	27
-1.55393	67	39
-1.50078	38	27
-1.5027	47	25
-1.56422	34	22
-1.5028	48	32
-1.50025	30	24
-1.50455	42	30
-1.50229	29	17
-1.56403	70	45
-1.50022	34	23
-1.53262	29	18
-1.55529	41	29
-1.56289	36	24
-1.50185	34	22
-1.50239	30	18
-1.56352	36	31
-1.50504	65	40
-1.50375	46	27
-1.50241	28	16
-1.50207	32	20
-1.555	58	43
-1.50199	35	24
-1.5034	52	33
-1.5032	39	23
-1.56294	56	43
-1.55908	43	31
-1.54887	52	41
-1.502	32	20
-1.55704	34	23
-1.50422	50	36
-1.50256	44	29
-1.56416	43	30
-1.56338	33	21
-1.56269	56	40
-1.50221	41	29
-1.50915	57	36
-1.5011	38	26
-1.5001	34	23
-1.50117	25	19
-1.5638	39	27
-1.50058	32	20
-1.54784	49	40
-1.54661	34	22
-1.5013	30	18
-1.56349	36	24
-1.56226	53	41
-1.50307	28	16
-1.55609	51	37
-1.50472	41	29
-1.56312	62	42
-1.5043	33	21
-1.50457	62	34
-1.5362	60	44
-1.50109	34	22
-1.56359	39	27
-1.55881	31	26
-1.5642	64	44
-1.53487	44	27
-1.50477	38	26
-1.50321	34	22
-1.50181	41	30
-1.55421	33	21
-1.50111	30	19
-1.50252	44	22
-1.50239	51	36
-1.56247	64	52
-1.50322	40	28
-1.50265	33	21
-1.54447	46	34
-1.5031	57	36
-1.50224	51	35
-1.54275	48	34
-1.5639	67	49
-1.50176	36	24
-1.50767	38	27
-1.56276	73	54
-1.50378	39	28
-1.50271	30	18
-1.56241	45	38
-1.56338	47	35
-1.502	22	17
-1.5005	33	21
-1.55946	53	34
-1.50096	32	21
-1.52459	31	19
-1.50227	34	22
-1.56383	33	21
-1.50069	33	21
-1.5063	48	28
-1.50129	55	43
-1.5021	49	37
-1.56323	56	44
-1.50451	35	23
-1.50322	49	38
-1.50309	52	32
-1.56295	34	22
-1.50166	36	24
-1.50188	29	18
-1.5011	35	23
-1.56463	46	34
-1.49785	33	22
-1.56148	47	24
-1.56333	42	30
-1.50212	49	30
-1.55498	42	30
-1.50282	48	31
-1.5016	35	24
-1.504	48	33
-1.49998	47	35
-1.55981	54	36
-1.56387	37	25
-1.50267	37	25
-1.55997	47	35
-1.50191	34	22
-1.56416	32	20
-1.50373	29	17
-1.56156	35	23
-1.50323	45	33
-1.55704	50	38
-1.5022	40	28
-1.50239	39	25
-1.56272	58	45
-1.55793	47	35
-1.50694	47	36
-1.50342	44	25
-1.50091	33	22
-1.50286	34	22
-1.52728	45	33
-1.50173	55	34
-1.50205	35	24
-1.50069	43	32
-1.50182	36	24
-1.50373	41	28
-1.56528	38	26
-1.56456	35	23
-1.5585	48	37
-1.516	42	30
-1.50134	31	19
-1.50318	44	32
-1.53562	46	33
-1.5048	61	38
-1.50285	29	25
-1.55797	47	34
-1.50192	30	18
-1.50294	55	41
-1.56378	42	30
-1.50165	27	15
-1.50146	26	21
-1.50172	40	28
-1.55863	35	23
-1.50257	46	34
-1.5594	41	30
-1.5617	45	33
-1.50375	52	38
-1.50077	33	27
-1.49942	59	47
-1.56281	45	33
-1.56196	35	23
-1.50304	41	29
-1.55901	45	32
-1.50152	37	25
-1.50244	44	27
-1.5042	42	30
-1.56499	60	37
-1.50153	34	20
-1.56373	67	51
-1.5021	32	20
-1.5613	35	29
-1.56111	36	24
-1.50232	40	28
-1.50284	40	27
-1.56407	37	25
-1.51617	39	27
-1.55362	50	31
-1.50211	57	38
-1.5027	38	25
-1.50305	32	20
-1.5568	43	33
-1.56201	39	28
-1.55076	67	55
-1.50218	32	21
-1.50488	39	26
-1.50109	28	16
-1.55882	64	50
-1.56117	37	25
-1.50273	57	33
-1.56588	49	37
-1.50177	33	22
-1.50287	33	21
-1.50283	48	35
-1.52096	39	29
-1.56585	35	23
-1.56229	48	37
-1.50352	27	15
-1.50136	46	35
-1.55995	66	54
-1.50229	37	25
-1.50215	40	24
-1.50734	69	45
-1.50355	32	20
-1.50318	35	23
-1.50318	54	35
-1.5012	38	28
-1.50109	40	29
-1.56097	36	24
-1.56288	50	32
-1.50253	35	23
-1.50227	55	36
-1.50853	47	36
-1.55084	52	30
-1.56044	41	29
-1.56295	39	28
-1.52482	51	36
-1.56255	34	23
-1.5016	47	31
-1.55807	30	18
-1.50158	35	30
-1.50214	32	20
-1.50448	35	19
-1.55319	60	47
-1.50255	47	30
-1.50138	48	36
-1.54262	34	23
-1.50181	30	18
-1.50054	45	35
-1.50206	40	25
-1.56484	57	39
-1.56206	64	52
-1.56088	40	33
-1.50267	46	34
-1.54173	57	41
-1.5016	25	13
-1.5003	39	34
-1.56236	44	33
-1.50019	49	35
-1.56218	47	33
-1.50244	37	26
-1.5622	53	31
-1.50251	41	27
-1.56374	36	31
-1.50327	32	20
-1.50311	37	25
-1.56444	45	33
-1.50251	31	19
-1.564	43	31
-1.50286	46	32
-1.56509	49	37
-1.50097	38	25
-1.50179	37	25
-1.50161	32	20
-1.50231	51	36
-1.50241	38	25
-1.5005	31	19
-1.50225	44	30
-1.5516	52	35
-1.5636	45	33
-1.50398	34	22
-1.55475	42	30
-1.50341	40	27
-1.50359	48	25
-1.50294	45	31
-1.50344	41	29
-1.55979	62	43
-1.50359	39	27
-1.49936	39	27
-1.5033	33	21
-1.50101	35	27
-1.50294	42	30
-1.50074	39	29
-1.50182	41	25
-1.50174	33	21
-1.50101	35	30
-1.50213	34	22
-1.56552	53	37
-1.50273	35	23
-1.56439	56	34
-1.56415	62	43
-1.50283	52	38
-1.50321	31	19
-1.50352	51	30
-1.56357	42	24
-1.502	34	24
-1.5001	32	20
-1.50256	30	18
-1.5017	33	22
-1.50163	27	15
-1.50188	40	32
-1.56071	39	27
-1.50318	54	40
-1.55654	43	28
-1.50112	28	16
-1.56341	42	26
-1.56352	33	21
-1.56381	50	33
-1.50281	43	29
-1.50389	37	25
-1.50211	44	32
-1.50203	47	29
-1.504	69	36
-1.50044	37	25
-1.56438	59	41
-1.50219	54	47
-1.56596	49	36
-1.52582	38	26
-1.50051	41	26
-1.50153	48	31
-1.56058	36	24
-1.50098	33	21
-1.5036	38	26
-1.5579	56	34
-1.50185	33	21
-1.50211	30	18
-1.50268	31	19
-1.56112	40	28
-1.50192	49	37
-1.50277	53	37
-1.51844	50	40
-1.50193	38	24
-1.50228	51	35
-1.50229	45	39
-1.50145	36	24
-1.55907	38	26
-1.54744	42	31
-1.55966	35	23
-1.55143	44	32
-1.56368	42	31
-1.5651	37	26
-1.56442	44	28
-1.50282	33	21
-1.53967	58	43
-1.50339	40	28
-1.50184	35	23
-1.50368	31	19
-1.50357	33	21
-1.56355	51	39
-1.50234	48	27
-1.51323	40	27
-1.50185	32	21
-1.56268	36	24
-1.50132	45	30
-1.5636	37	25
-1.5036	28	23
-1.50351	71	42
-1.50395	52	35
-1.50199	33	22
-1.56478	51	30
-1.56135	40	28
-1.50288	31	19
-1.50331	54	30
-1.50398	59	37
-1.50198	31	19
-1.50607	34	22
-1.50321	41	25
-1.50232	45	28
-1.56765	48	36
-1.56235	38	26
-1.49615	28	18
-1.56208	36	25
-1.56358	48	36
-1.50426	41	29
-1.50239	50	28
-1.56461	44	32
-1.56105	51	40
-1.5048	41	29
-1.50258	37	23
-1.56184	51	39
-1.50188	53	31
-1.56343	35	24
-1.55717	41	29
-1.55414	46	37
-1.56533	37	25
-1.50214	40	27
-1.50237	27	15
-1.55916	69	55
-1.52944	39	28
-1.5011	30	18
-1.50243	39	27
-1.50409	64	36
-1.50292	27	15
-1.50203	38	26
-1.56275	44	33
-1.56431	48	27
-1.5015	38	24
-1.50352	29	17
-1.50302	61	38
-1.56203	49	30
-1.56168	35	23
-1.50276	53	38
-1.4989	33	22
-1.50283	52	40
-1.50439	35	23
-1.50319	36	22
-1.54442	35	23
-1.55676	48	35
-1.51246	48	36
-1.50137	30	18
-1.50256	35	23
-1.56556	41	29
-1.56438	50	37
-1.50228	69	44
-1.50326	46	29
-1.56566	47	32
-1.55999	52	37
-1.49995	33	28
-1.56125	54	42
-1.50116	30	19
-1.50196	42	31
-1.56099	41	29
-1.56176	37	28
-1.50155	39	23
-1.50274	29	17
-1.52926	60	47
-1.55937	33	22
-1.54762	37	24
-1.56466	45	33
-1.5606	53	37
-1.50096	37	25
-1.50157	32	20
-1.56485	46	33
-1.52459	35	24
-1.50315	47	35
-1.50228	30	18
-1.54374	63	51
-1.5033	43	31
-1.56101	32	21
-1.50286	38	26
-1.50285	67	39
-1.50265	47	42
-1.50419	40	28
-1.50336	51	35
-1.50218	62	34
-1.49901	42	31
-1.50297	52	36
-1.52495	55	45
-1.50215	54	41
-1.56628	39	27
-1.56165	69	47
-1.55514	43	29
-1.56488	58	40
-1.50248	37	31
-1.50245	40	26
-1.56011	40	29
-1.51081	38	27
-1.50116	29	18
-1.5654	40	28
-1.50285	28	16
-1.56515	31	19
-1.50323	31	19
-1.50273	35	23
-1.50235	40	27
-1.5623	41	29
-1.50233	52	29
-1.55449	54	41
-1.50237	53	32
-1.56145	59	44
-1.56186	41	30
-1.50188	33	21
-1.50457	45	33
-1.56276	41	29
-1.4986	29	17
-1.56565	48	36
-1.49998	32	21
-1.50333	43	25
-1.54369	63	52
-1.50251	35	23
-1.56327	76	53
-1.5073	51	33
-1.56347	37	26
-1.55088	41	29
-1.56316	51	33
-1.50208	33	21
-1.51469	34	22
-1.53731	71	53
-1.56234	38	26
-1.56553	49	34
-1.5045	59	37
-1.5038	50	37
-1.5023	32	20
-1.50101	29	17
-1.56203	34	24
-1.50065	40	29
-1.56365	60	37
-1.56363	72	55
-1.50388	51	26
-1.56331	33	22
-1.56275	50	38
-1.50443	67	49
-1.50218	40	25
-1.50135	36	24
-1.50403	40	26
-1.55851	50	33
-1.55944	59	46
-1.50102	36	24
-1.50226	52	31
-1.55944	45	33
-1.5021	40	37
-1.50303	37	26
-1.56401	45	29
-1.56396	43	31
-1.50111	49	26
-1.50126	65	40
-1.50188	33	21
-1.50037	32	20
-1.56402	62	42
-1.50156	35	22
-1.5017	51	39
-1.50343	42	29
-1.50216	42	31
-1.50217	37	26
-1.5468	55	38
-1.55604	36	24
-1.50353	52	29
-1.56226	37	25
-1.50203	33	22
-1.50166	40	26
-1.54922	40	29
-1.50189	29	18
-1.56329	34	22
-1.56543	38	26
-1.51233	49	37
-1.55721	57	35
-1.53963	40	28
-1.5623	37	25
-1.50566	47	34
-1.50151	39	26
-1.50214	37	22
-1.5027	28	16
-1.50239	37	25
-1.50266	45	33
-1.50363	52	33
-1.50481	30	20
-1.56469	35	23
-1.56537	44	25
-1.50327	37	26
-1.55597	66	47
-1.50459	36	24
-1.50235	36	24
-1.55818	62	43
-1.56147	45	33
-1.50306	37	25
-1.56108	41	31
-1.55134	32	20
-1.50267	39	27
-1.5624	33	21
-1.50044	40	28
-1.55572	53	41
-1.50228	45	31
-1.50262	51	34
-1.55617	45	34
-1.50197	48	36
-1.50119	50	29
-1.50269	31	19
-1.50208	61	35
-1.54013	35	23
-1.50307	59	46
-1.5643	63	38
-1.50313	39	27
-1.50303	68	45
-1.56391	47	35
-1.5022	59	41
-1.56276	53	39
-1.50441	53	32
-1.56489	39	27
-1.5012	35	24
-1.5004	30	18
-1.50057	36	26
-1.50384	42	29
-1.50331	59	38
-1.50123	43	29
-1.50199	37	25
-1.50238	34	22
-1.50326	31	19
-1.49679	30	18
-1.50021	49	38
-1.50536	41	29
-1.50235	32	20
-1.51308	53	31
-1.5029	46	31
-1.56245	40	28
-1.50377	36	24
-1.50502	38	26
-1.56327	56	40
-1.5618	54	41
-1.50366	25	13
-1.50252	28	16
-1.50211	33	21
-1.50118	42	31
-1.50159	32	21
-1.56053	55	41
-1.49935	29	17
-1.56416	55	32
-1.50335	40	22
-1.56061	53	32
-1.502	32	20
-1.50101	52	36
-1.50142	31	19
-1.50397	53	39
-1.56074	37	31
-1.50342	36	24
-1.49914	25	21
-1.50057	34	22
-1.50313	57	34
-1.50406	41	29
-1.50259	34	22
-1.49894	31	26
-1.5596	33	21
-1.56098	29	19
-1.56166	34	22
-1.5017	35	23
-1.50336	40	28
-1.50298	30	18
-1.50126	41	30
-1.50139	30	19
-1.56366	41	27
-1.50273	46	33
-1.5025	51	32
-1.53716	40	28
-1.55881	34	22
-1.55635	37	26
-1.56491	55	35
-1.55701	48	33
-1.50456	54	33
-1.56339	58	38
-1.50285	41	28
-1.50358	41	29
-1.50167	43	32
-1.56089	39	26
-1.50218	58	36
-1.56299	38	26
-1.50418	32	20
-1.5017	31	19
-1.50439	40	22
-1.50157	45	29
-1.50123	47	42
-1.5031	43	31
-1.56124	28	17
-1.50285	33	21
-1.50764	38	26
-1.50323	38	26
-1.56381	66	51
-1.56223	41	29
-1.52029	42	32
-1.50094	30	18
-1.50222	33	21
-1.50299	43	31
-1.50202	43	29
-1.50214	28	16
-1.50409	49	35
-1.50252	33	21
-1.50155	30	19
-1.50296	43	31
-1.50237	49	30
-1.51989	37	25
-1.50258	33	21
-1.55952	56	38
-1.50285	40	23
-1.53637	47	35
-1.56296	53	40
-1.50251	40	27
-1.50361	36	23
-1.50439	30	18
-1.50319	32	20
-1.50295	68	40
-1.50316	54	37
-1.50255	46	23
-1.5624	40	29
-1.55977	51	29
-1.50239	35	24
-1.50323	36	23
-1.50112	30	19
-1.5642	47	35
-1.53783	38	27
-1.50772	48	26
-1.50468	58	49
-1.50214	39	27
-1.56295	38	26
-1.56494	34	22
-1.56308	55	39
-1.50368	38	26
-1.56313	65	42
-1.50174	46	34
-1.50423	60	36
-1.50211	55	39
-1.50183	27	15
-1.50341	32	20
-1.56598	55	42
-1.55817	32	20
-1.50078	28	16
-1.50499	42	30
-1.56436	47	35
-1.56569	54	34
-1.50203	34	22
-1.56331	57	46
-1.5044	30	18
-1.55795	33	22
-1.55949	39	29
-1.50359	44	30
-1.55349	34	23
-1.4958	37	21
-1.5636	64	53
-1.50273	39	27
-1.56392	75	54
-1.5611	47	35
-1.56271	42	30
-1.56162	52	33
-1.50287	58	36
-1.56195	58	44
-1.50322	48	28
-1.5365	41	29
-1.56168	33	21
-1.50203	39	27
-1.50118	40	29
-1.50299	32	20
-1.50238	39	27
-1.56384	40	24
-1.55405	41	29
-1.50458	62	34
-1.50187	52	40
-1.50306	46	34
-1.56015	58	44
-1.50339	48	36
-1.50391	55	36
-1.56553	48	35
-1.55513	32	21
-1.56563	40	28
-1.56168	63	51
-1.56535	63	39
-1.50323	42	30
-1.56284	51	40
-1.55397	34	22
-1.50316	37	25
-1.50244	32	20
-1.50394	46	32
-1.55995	36	26
-1.50031	39	25
-1.56039	44	32
-1.5588	44	33
-1.50281	50	32
-1.56425	38	26
-1.50287	48	34
-1.5627	40	28
-1.55664	53	42
-1.56048	67	49
-1.50204	43	24
-1.56168	45	33
-1.50377	59	37
-1.56479	31	19
-1.53502	42	30
-1.56483	71	44
-1.50313	31	19
-1.54038	42	33
-1.50306	27	15
-1.50247	58	35
-1.56079	44	32
-1.56065	29	25
-1.5022	45	33
-1.50195	42	30
-1.50197	43	30
-1.50181	34	29
-1.50257	41	29
-1.50543	50	38
-1.50191	36	24
-1.56339	62	47
-1.55648	38	26
-1.49945	31	20
-1.50247	28	16
-1.56331	43	31
-1.55581	53	42
-1.56418	51	38
-1.50252	52	39
-1.50245	33	21
-1.53092	39	27
-1.50161	36	24
-1.5624	40	27
-1.50355	40	28
-1.56353	51	30
-1.56026	34	22
-1.52862	38	26
-1.50287	49	37
-1.50744	38	27
-1.50104	28	20
-1.50318	51	39
-1.50226	38	23
-1.50043	36	25
-1.50212	28	16
-1.56555	36	23
-1.50304	36	24
-1.50009	33	22
-1.50073	19	19
-1.56598	36	24
-1.50391	36	24
-1.50122	49	36
-1.50183	36	31
-1.5569	52	41
-1.50494	53	34
-1.51901	45	33
-1.50163	46	34
-1.50262	47	32
-1.50155	33	21
-1.50221	35	23
-1.56321	49	34
-1.50151	43	26
-1.5652	27	15
-1.50327	49	29
-1.50263	44	29
-1.54279	48	34
-1.56304	37	27
-1.50356	29	17
-1.50334	34	25
-1.50146	33	21
-1.5621	40	29
-1.50224	68	39
-1.55378	38	27
-1.56184	36	26
-1.56469	39	27
-1.56043	53	34
-1.50357	32	20
-1.55373	44	28
-1.49991	37	26
-1.50197	56	36
-1.50215	48	35
-1.50289	56	28
-1.56149	43	32
-1.50121	39	27
-1.50627	35	23
-1.49798	32	20
-1.49923	40	30
-1.56394	47	35
-1.50274	47	29
-1.56259	35	23
-1.49624	29	20
-1.49941	32	22
-1.50159	35	23
-1.50153	29	17
-0.8148	37	26
-1.51004	31	20
-1.5045	55	38
-1.50079	48	26
-1.56379	38	26
-1.50517	40	28
-1.50165	57	36
-1.49994	44	27
-1.50002	28	17
-1.55779	39	27
-1.50246	42	30
-1.53688	47	32
-1.50304	35	23
-1.50434	43	29
-1.50288	45	25
-1.50265	40	28
-1.50414	55	35
-1.50192	47	35
-1.50137	31	21
-1.50319	42	30
-1.49946	26	22
-1.50256	32	20
-1.50251	60	37
-1.55941	31	19
-1.50188	29	17
-1.5021	51	34
-1.50071	34	24
-1.50396	31	19
-1.50218	38	26
-1.50223	39	27
-1.50231	27	15
-1.5651	45	30
-1.50468	41	21
-1.50221	38	27
-1.56546	70	40
-1.50114	45	29
-1.50295	54	36
-1.56307	74	59
-1.56256	44	32
-1.5015	38	20
-1.50172	67	58
-1.5577	41	30
-1.49603	32	20
-1.50204	67	46
-1.56292	36	24
-1.50281	38	26
-1.50195	50	33
-1.50234	34	22
-1.50209	29	17
-1.50136	32	22
-1.56069	35	23
-1.56361	40	28
-1.50115	36	25
-1.53028	65	51
-1.56126	37	25
-1.55724	61	45
-1.50281	38	26
-1.56205	39	28
-1.50262	35	25
-1.50296	59	42
-1.50462	38	26
-1.50345	44	23
-1.56479	49	37
-1.50408	42	30
-1.50361	54	32
-1.50392	42	30
-1.50736	61	40
-1.56392	60	48
-1.50408	60	46
-1.50187	46	27
-1.55149	41	29
-1.50238	33	22
-1.56307	35	23
-1.50292	34	22
-1.50087	45	31
-1.50183	41	29
-1.50296	59	38
-1.503	43	26
-1.50318	41	29
-1.50146	48	38
-1.56462	41	29
-1.50126	37	24
-1.50292	51	33
-1.50215	48	35
-1.5657	41	29
-1.50307	58	35
-1.54084	37	24
-1.5655	75	54
-1.50091	48	36
-1.50161	33	21
-1.50106	29	17
-1.50466	35	22
-1.50254	60	54
-1.50273	38	26
-1.50156	42	31
-1.50152	34	22
-1.56338	33	22
-1.50339	35	23
-1.56474	57	45
-1.50181	27	15
-1.50089	34	22
-1.562	46	35
-1.56327	67	42
-1.50196	36	23
-1.50279	28	16
-1.56278	36	24
-1.56076	37	25
-1.5528	44	32
-1.56057	72	51
-1.50805	35	23
-1.50038	40	28
-1.50164	80	50
-1.50206	44	31
-1.56229	32	20
-1.50124	30	25
-1.50114	33	21
-1.50402	36	24
-1.50323	30	18
-1.50326	62	44
-1.55437	33	21
-1.5036	57	33
-1.5016	36	24
-1.50142	41	28
-1.50355	48	30
-1.50183	52	32
-1.50364	38	26
-1.50297	53	38
-1.50242	42	20
-1.50237	49	38
-1.50175	34	22
-1.50277	48	28
-1.56306	36	24
-1.50238	44	31
-1.56259	44	31
-1.50177	66	42
-1.5635	89	54
-1.50406	51	31
-1.50201	35	23
-1.56437	35	23
-1.50276	28	16
-1.55998	60	42
-1.5024	44	32
-1.49972	37	27
-1.50474	51	37
-1.50197	51	33
-1.56472	55	42
-1.5596	79	63
-1.50166	32	20
-1.50037	36	27
-1.56399	44	32
-1.50227	68	44
-1.5007	42	29
-1.51732	54	42
-1.56099	58	46
-1.5027	48	36
-1.50267	31	19
-1.54328	47	35
-1.5638	60	48
-1.56338	52	43
-1.50208	35	24
-1.56175	48	36
-1.56132	31	19
-1.5577	48	38
-1.55969	50	37
-1.56392	44	32
-1.50395	41	29
-1.56432	41	27
-1.50272	59	43
-1.50263	50	31
-1.56585	46	34
-1.50295	32	20
-1.50152	54	32
-1.50215	38	26
-1.50548	49	35
-1.50486	34	22
-1.56397	54	31
-1.50285	42	23
-1.5639	33	21
-1.55287	50	34
-1.50242	36	24
-1.56207	40	28
-1.56158	39	28
-1.5039	74	50
-1.50061	32	21
-1.50304	48	35
-1.55961	42	33
-1.56122	43	32
-1.55854	57	45
-1.50326	42	30
-1.56249	47	35
-1.50252	29	17
-1.50161	35	28
-1.54037	45	33
-1.56158	48	33
-1.54998	43	31
-1.50371	51	31
-1.56043	39	28
-1.55946	47	34
-1.56062	45	29
-1.53351	67	48
-1.50309	38	25
-1.50317	49	29
-1.50236	40	27
-1.51565	56	49
-1.50248	36	24
-1.56371	39	27
-1.50463	39	22
-1.55255	36	25
-1.50278	52	39
-1.50355	49	34
-1.56134	45	33
-1.50423	45	31
-1.55657	32	21
-1.50264	37	23
-1.50221	42	30
-1.50267	33	22
-1.504	44	24
-1.55839	37	25
-1.50546	31	19
-1.56188	43	30
-1.50284	33	21
-1.50409	46	34
-1.52373	51	39
-1.56458	52	38
-1.55887	57	42
-1.50438	39	27
-1.50239	48	25
-1.50491	54	42
-1.50315	44	32
-1.50247	35	23
-1.50234	38	26
-1.50256	45	29
-1.56522	36	24
-1.55701	45	33
-1.50295	40	27
-1.50347	46	32
-1.5158	41	31
-1.50182	34	22
-1.50352	54	38
-1.5591	42	31
-1.50338	51	36
-1.54997	42	30
-1.54781	43	31
-1.56512	44	31
-1.50183	48	29
-1.50239	44	27
-1.50279	37	25
-1.50061	44	28
-1.56498	66	34
-1.5178	40	28
-1.50261	33	21
-1.50374	35	23
-1.56163	49	45
-1.50698	38	26
-1.56234	63	40
-1.51313	27	15
-1.50332	37	25
-1.50171	36	24
-1.55518	37	28
-1.50162	31	24
-1.50225	31	19
-1.56374	75	52
-1.50307	33	21
-1.56122	34	23
-1.50283	52	31
-1.55608	39	28
-1.5031	69	40
-1.56619	61	43
-1.50294	30	18
-1.56501	58	43
-1.50082	35	23
-1.49996	33	22
-1.50185	32	22
-1.50237	43	26
-1.50113	29	17
-1.55696	35	24
-1.50248	34	22
-1.5314	56	42
-1.56322	40	28
-1.50339	38	26
-1.56433	49	36
-1.50255	33	21
-1.50232	34	22
-1.56343	45	36
-1.50212	44	30
-1.50237	35	23
-1.49964	31	25
-1.50158	48	35
-1.50283	52	34
-1.56258	33	21
-1.563	33	21
-1.50185	29	17
-1.50247	34	22
-1.56101	56	35
-1.50347	50	37
-1.50254	40	25
-1.50492	58	36
-1.50148	42	31
-1.50184	47	34
-1.5578	66	47
-1.5442	39	27
-1.50076	41	21
-1.50333	46	34
-1.50252	44	28
-1.56132	54	44
-1.56135	33	22
-1.50202	45	29
-1.50219	30	18
-1.50278	36	24
-1.55867	40	28
-1.5414	37	26
-1.56435	35	23
-1.50264	89	52
-1.50362	32	20
-1.54454	46	35
-1.5033	41	28
-1.56349	57	45
-1.50344	34	22
-1.50244	58	44
-1.50387	65	38
-1.5433	50	36
-1.50476	38	26
-1.50503	38	24
-1.50228	62	39
-1.56461	41	29
-1.55896	38	26
-1.53009	73	52
-1.5046	43	25
-1.50264	43	31
-1.501	29	24
-1.56542	41	29
-1.50208	39	25
-1.50201	29	17
-1.56263	53	39
-1.53904	56	42
-1.50154	46	35
-1.5026	42	22
-1.50313	72	52
-1.50234	37	25
-1.55126	33	22
-1.55619	50	35
-1.50293	31	19
-1.50183	34	22
-1.50303	35	23
-1.49638	29	18
-1.50326	57	35
-1.56534	46	34
-1.50155	34	26
-1.50192	49	29
-1.56334	31	19
-1.50054	37	27
-1.56307	44	34
-1.56407	44	22
-1.50358	57	36
-1.55812	58	46
-1.50236	40	27
-1.5015	40	28
-1.50723	36	24
-1.50544	40	28
-1.51909	33	21
-1.50177	36	24
-1.50226	62	43
-1.56187	53	42
-1.50173	49	37
-1.5031	32	20
-1.56094	41	29
-1.56014	46	34
-1.50297	28	16
-1.54893	50	36
-1.50309	34	22
-1.56584	36	24
-1.51912	44	33
-1.50192	41	27
-1.54214	44	33
-1.55734	67	42
-1.5018	43	31
-1.50221	34	22
-1.50294	44	27
-1.50146	33	21
-1.5026	33	21
-1.55378	54	42
-1.56127	44	27
-1.50234	27	16
-1.50164	43	32
-1.50333	32	20
-1.5019	29	17
-1.56474	33	21
-1.56139	50	37
-1.5037	37	25
-1.50211	40	28
-1.56386	54	42
-1.50058	27	15
-1.50305	50	33
-1.55233	62	49
-1.56468	38	26
-1.55486	39	27
-1.56376	65	35
-1.50246	35	23
-1.56307	41	30
-1.56403	49	28
-1.53258	43	31
-1.56174	45	32
-1.56327	50	39
-1.50103	30	19
-1.54678	66	46
-1.50237	43	31
-1.50128	29	17
-1.50361	36	24
-1.54662	49	40
-1.50272	49	30
-1.56208	31	20
-1.56403	36	24
-1.50462	43	21
-1.50206	29	18
-1.56014	46	36
-1.54513	32	20
-1.56347	42	30
-1.50209	30	18
-1.49972	34	23
-1.56155	45	33
-1.56415	33	21
-1.562	34	23
-1.50181	32	20
-1.50211	35	24
-1.50712	33	21
-1.50288	49	28
-1.513	35	24
-1.56285	39	27
-1.55895	57	36
-1.50387	44	29
-1.56284	49	37
-1.50324	53	35
-1.54753	70	53
-1.50101	32	21
-1.50208	33	21
-1.50375	57	36
-1.50466	44	28
-1.56119	34	24
-1.56428	42	30
-1.50285	44	26
-1.5628	49	28
-1.55947	45	34
-1.56058	54	42
-1.50319	61	38
-1.50256	47	35
-1.55801	50	38
-1.56148	45	34
-1.50499	37	25
-1.50159	33	22
-1.50126	29	17
-1.5613	56	36
-1.56473	49	36
-1.56005	37	26
-1.55751	57	45
-1.50311	45	28
-1.56334	33	21
-1.50252	37	25
-1.50158	36	25
-1.55731	38	26
-1.50326	39	27
-1.56387	43	31
-1.50253	44	31
-1.50193	32	20
-1.56207	39	27
-1.50323	48	31
-1.50149	44	27
-1.50234	52	41
-1.50084	29	19
-1.5645	49	37
-1.50046	38	26
-1.56323	44	32
-1.50248	62	44
-1.56393	53	32
-1.50236	45	33
-1.50304	46	29
-1.50358	31	19
-1.50229	29	17
-1.50498	32	20
-1.56285	34	22
-1.50276	34	22
-1.50274	51	31
-1.50235	75	51
-1.50289	35	23
-1.50086	36	24
-1.55332	54	34
-1.50287	32	21
-1.56645	30	18
-1.50456	57	36
-1.50375	35	23
-1.50223	49	28
-1.56371	33	21
-1.50247	44	29
-1.54377	53	40
-1.50434	31	19
-1.5033	44	29
-1.55006	52	32
-1.50162	49	36
-1.50242	34	22
-1.50311	34	22
-1.5016	30	20
-1.5265	47	35
-1.5622	54	43
-1.50277	39	25
-1.50279	52	37
-1.50244	44	26
-1.50192	36	24
-1.50203	41	29
-1.56319	44	26
-1.50319	32	20
-1.50226	37	25
-1.50149	27	22
-1.55577	64	51
-1.56421	55	34
-1.56117	39	27
-1.5183	58	44
-1.50158	43	30
-1.50311	41	29
-1.50247	29	17
-1.50168	40	28
-1.50395	56	34
-1.50327	54	42
-1.50193	41	25
-1.50264	42	30
-1.5616	71	54
-1.5027	36	24
-1.50397	30	18
-1.5031	52	29
-1.50233	26	14
-1.50111	33	22
-1.50271	35	23
-1.50283	36	24
-1.50302	49	28
-1.56081	34	24
-1.49901	38	26
-1.56098	53	37
-1.56583	35	23
-1.50305	48	33
-1.56471	52	34
-1.50228	50	38
-1.50318	49	29
-1.53875	67	50
-1.55867	41	29
-1.56077	52	40
-1.56154	35	24
-1.56228	39	27
-1.56242	42	30
-1.55935	32	20
-1.50165	52	28
-1.50086	33	21
-1.56205	44	32
-1.50196	32	20
-1.55812	35	30
-1.50299	35	23
-1.5035	38	25
-1.56339	50	36
-1.50413	56	34
-1.50284	33	21
-1.50267	34	23
-1.50262	35	23
-1.5028	55	37
-1.50306	46	32
-1.50296	47	35
-1.56092	37	25
-1.50798	54	41
-1.49795	28	16
-1.50263	43	33
-1.50181	46	34
-1.50203	34	22
-1.56199	44	33
-1.56506	46	32
-1.5012	53	31
-1.50205	34	22
-1.51121	38	26
-1.51958	36	24
-1.50051	29	17
-1.50026	30	23
-1.50141	34	23
-1.50373	53	33
-1.56076	36	24
-1.50137	41	27
-1.5645	68	56
-1.54471	44	29
-1.5527	43	30
-1.55823	42	32
-1.502	23	18
-1.50117	33	22
-1.50277	49	26
-1.56196	33	22
-1.50269	29	17
-1.50156	33	22
-1.5542	56	42
-1.55622	41	29
-1.50036	34	23
-1.50046	52	29
-1.50205	26	14
-1.50273	52	40
-1.50199	34	22
-1.50148	30	18
-1.5034	57	34
-1.49969	40	30
-1.56122	56	44
-1.50399	41	26
-1.50081	45	29
-1.55674	43	29
-1.50624	51	36
-1.50217	27	15
-1.50254	55	34
-1.50522	34	23
-1.50243	28	16
-1.56332	35	23
-1.50258	33	21
-1.55372	34	24
-1.50035	28	17
-1.56137	37	24
-1.56558	47	34
-1.5637	56	41
-1.49995	33	22
-1.50249	44	32
-1.56372	68	48
-1.50224	37	27
-1.56275	34	22
-1.50296	48	37
-1.56263	29	17
-1.50272	63	36
-1.50284	47	34
-1.5018	33	21
-1.50251	41	27
-1.50195	39	27
-1.5635	67	47
-1.50236	31	19
-1.50255	35	24
-1.50155	52	34
-1.5021	52	40
-1.49976	36	26
-1.56445	42	26
-1.50282	56	37
-1.50237	36	24
-1.56172	59	37
-1.56164	57	34
-1.50186	44	29
-1.50291	52	37
-1.50339	36	24
-1.50336	48	27
-1.55997	51	39
-1.56248	35	23
-1.55993	61	48
-1.56107	65	45
-1.50262	48	25
-1.50454	40	28
-1.56299	78	56
-1.56443	34	22
-1.50399	29	17
-1.56261	40	28
-1.50426	35	23
-1.50233	38	26
-1.51652	43	34
-1.50295	49	34
-1.50187	45	32
-1.56194	49	36
-1.50171	53	40
-1.50305	51	27
-1.50346	31	19
-1.55528	72	48
-1.5009	38	27
-1.51848	45	34
-1.50045	31	21
-1.50282	53	40
-1.51158	33	21
-1.5028	33	20
-1.56026	35	24
-1.50271	44	32
-1.50294	41	25
-1.50273	53	31
-1.56199	41	29
-1.50115	38	27
-1.56275	37	25
-1.5029	45	33
-1.54233	45	33
-1.55862	34	22
-1.50523	50	31
-1.50181	39	23
-1.50266	40	27
-1.50181	46	34
-1.56235	79	60
-1.502	44	21
-1.50123	42	31
-1.56249	42	30
-1.50467	35	23
-1.56316	43	39
-1.50251	51	39
-1.5019	49	36
-1.5035	29	17
-1.49971	31	19
-1.50389	49	34
-1.50147	36	25
-1.50131	41	29
-1.5654	41	24
-1.50261	40	25
-1.5648	48	36
-1.56404	32	27
-1.50054	34	22
-1.50327	46	33
-1.50209	29	17
-1.50348	66	46
-1.50007	34	22
-1.54105	41	31
-1.5007	31	19
-1.50124	37	27
-1.50116	38	29
-1.50248	54	34
-1.50255	44	31
-1.50264	65	47
-1.56008	41	31
-1.50088	32	21
-1.55999	55	33
-1.5037	46	33
-1.52081	69	43
-1.54397	65	54
-1.50054	39	28
-1.5067	46	36
-1.50179	38	27
-1.50134	41	29
-1.56275	36	24
-1.55787	72	52
-1.5037	47	28
-1.50258	42	30
-1.50238	49	35
-1.50212	44	31
-1.50143	39	26
