-1.5273389	400	200
-1.4994625	400	200
-1.5214157	400	200
-1.5145971	400	200
-1.4998691	400	200
-1.5091191	400	200
-1.4997359	400	200
-1.499773	400	200
-1.5245049	400	200
-1.5544153	400	200
-1.4993422	400	200
-1.4987517	400	200
-1.5064354	400	200
-1.4992313	400	200
-1.5099922	400	200
-1.5129044	400	200
-1.5363601	400	200
-1.5586573	400	200
-1.5197612	400	200
-1.499909	400	200
-1.4976797	400	200
-1.4993423	400	200
-1.5321566	400	200
-1.4994083	400	200
-1.4999114	400	200
-1.4998629	400	200
-1.499409	400	200
-1.5045602	400	200
-1.5175226	400	200
-1.4905948	400	200
-1.4997068	400	200
-1.5309001	400	200
-1.5607096	400	200
-1.4977917	400	200
-1.5493856	400	200
-1.4997202	400	200
-1.4999333	400	200
-1.5487063	400	200
-1.539733	400	200
-1.5456449	400	200
-1.4988941	400	200
-1.496964	400	200
-1.4978967	400	200
-1.5402378	400	200
-1.5476252	400	200
-1.5541543	400	200
-1.5599032	400	200
-1.4995996	400	200
-1.4993065	400	200
-1.4995375	400	200
-1.4996482	400	200
-1.499715	400	200
-1.4994279	400	200
-1.560895	400	200
-1.5455456	400	200
-1.5293871	400	200
-1.4992989	400	200
-1.4997281	400	200
-1.5524795	400	200
-1.4996747	400	200
-1.5350613	400	200
-1.4999651	400	200
-1.5179855	400	200
-1.4995365	400	200
-1.4995995	400	200
-1.4998025	400	200
-1.4974309	400	200
-1.4954306	400	200
-1.5411882	400	200
-1.4983625	400	200
-1.5501631	400	200
-1.5113941	400	200
-1.5449658	400	200
-1.4996504	400	200
-1.4992009	400	200
-1.5179432	400	200
-1.547568	400	200
-1.5430355	400	200
-1.4996024	400	200
-1.5510513	400	200
-1.5271587	400	200
-1.5032439	400	200
-1.541954	400	200
-1.5169193	400	200
-1.4992331	400	200
-1.5564971	400	200
-1.5189912	400	200
-1.543684	400	200
-1.4975821	400	200
-1.4986344	400	200
-1.499564	400	200
-1.5568834	400	200
-1.4991925	400	200
-1.5347859	400	200
-1.4993218	400	200
-1.556272	400	200
-1.4991886	400	200
-1.4977413	400	200
-1.4970046	400	200
-1.4994056	400	200
-1.536107	400	200
-1.4993367	400	200
-1.5509035	400	200
-1.5436883	400	200
-1.4997649	400	200
-1.4994985	400	200
-1.499764	400	200
-1.5431029	400	200
-1.4723425	400	200
-1.4993035	400	200
-1.4998083	400	200
-1.5321131	400	200
-1.5055387	400	200
-1.5031241	400	200
-1.4992117	400	200
-1.4989285	400	200
-1.5314341	400	200
-1.4996237	400	200
-1.5076027	400	200
-1.5203236	400	200
-1.5038539	400	200
-1.4985093	400	200
-1.5515305	400	200
-1.4987826	400	200
-1.4996397	400	200
-1.5494145	400	200
-1.4996881	400	200
-1.4992386	400	200
-1.5124808	400	200
-1.499394	400	200
-1.4998094	400	200
-1.513027	400	200
-1.4996112	400	200
-1.4989977	400	200
-1.5054307	400	200
-1.5144901	400	200
-1.5507029	400	200
-1.5319166	400	200
-1.4993329	400	200
-1.4994971	400	200
-1.4996793	400	200
-1.5022119	400	200
-1.5600569	400	200
-1.5542718	400	200
-1.4993753	400	200
-1.5132931	400	200
-1.4987803	400	200
-1.5157733	400	200
-1.4992507	400	200
-1.498301	400	200
-1.536713	400	200
-1.5074099	400	200
-1.4972077	400	200
-1.5392922	400	200
-1.5493147	400	200
-1.5503715	400	200
-1.4991367	400	200
-1.5469363	400	200
-1.544346	400	200
-1.538838	400	200
-1.5047344	400	200
-1.4994149	400	200
-1.4989157	400	200
-1.5266753	400	200
-1.5228324	400	200
-1.4975148	400	200
-1.4987465	400	200
-1.4995266	400	200
-1.4996209	400	200
-1.4985121	400	200
-1.4995172	400	200
-1.4999339	400	200
-1.4995035	400	200
-1.5002276	400	200
-1.4978989	400	200
-1.5274337	400	200
-1.5362831	400	200
-1.4955156	400	200
-1.4964311	400	200
-1.5180951	400	200
-1.4996462	400	200
-1.499833	400	200
-1.5418908	400	200
-1.4997057	400	200
-1.554479	400	200
-1.5471895	400	200
-1.4990849	400	200
-1.512247	400	200
-1.4939518	400	200
-1.4956923	400	200
-1.4952099	400	200
-1.546783	400	200
-1.4985938	400	200
-1.5408465	400	200
-1.4997535	400	200
-1.5321517	400	200
-1.5271509	400	200
-1.4991582	400	200
-1.5343848	400	200
-1.5378001	400	200
-1.4931724	400	200
-1.5001047	400	200
-1.5568365	400	200
-1.494685	400	200
-1.5257305	400	200
-1.5388574	400	200
-1.4987576	400	200
-1.4991748	400	200
-1.4997557	400	200
-1.4977137	400	200
-1.5272995	400	200
-1.4994572	400	200
-1.4997572	400	200
-1.4994167	400	200
-1.5138542	400	200
-1.4996002	400	200
-1.4997301	400	200
-1.5008496	400	200
-1.4995703	400	200
-1.5374496	400	200
-1.4989113	400	200
-1.4998978	400	200
-1.4919916	400	200
-1.4999007	400	200
-1.4996028	400	200
-1.4994041	400	200
-1.4983665	400	200
-1.4997013	400	200
-1.4993601	400	200
-1.5347124	400	200
-1.5386212	400	200
-1.4993323	400	200
-1.4996045	400	200
-1.4964018	400	200
-1.4985898	400	200
-1.4965353	400	200
-1.4994488	400	200
-1.4997766	400	200
-1.499434	400	200
-1.5138137	400	200
-1.4990766	400	200
-1.5000643	400	200
-1.532028	400	200
-1.4993689	400	200
-1.4995078	400	200
-1.4994573	400	200
-1.5396658	400	200
-1.5432658	400	200
-1.5057646	400	200
-1.4996972	400	200
-1.5542111	400	200
-1.4989699	400	200
-1.4998016	400	200
-1.4980292	400	200
-1.4994987	400	200
-1.5340016	400	200
-1.4996177	400	200
-1.4977719	400	200
-1.5051607	400	200
-1.5587131	400	200
-1.499215	400	200
-1.4991578	400	200
-1.4983188	400	200
-1.5511716	400	200
-1.4993645	400	200
-1.5589163	400	200
-1.5267874	400	200
-1.4974366	400	200
-1.5376795	400	200
-1.5499834	400	200
-1.499386	400	200
-1.4999559	400	200
-1.4994697	400	200
-1.5302798	400	200
-1.5520918	400	200
-1.5451493	400	200
-1.539176	400	200
-1.4995709	400	200
-1.5011222	400	200
-1.5191022	400	200
-1.4984145	400	200
-1.5160408	400	200
-1.547781	400	200
-1.4997643	400	200
-1.5389353	400	200
-1.5591349	400	200
-1.5175547	400	200
-1.506677	400	200
-1.5093808	400	200
-1.4991809	400	200
-1.5117958	400	200
-1.5290351	400	200
-1.5005185	400	200
-1.4985035	400	200
-1.4988273	400	200
-1.4991237	400	200
-1.4999992	400	200
-1.4993754	400	200
-1.4991781	400	200
-1.4977908	400	200
-1.553675	400	200
-1.5141326	400	200
-1.5066009	400	200
-1.5238786	400	200
-1.5223282	400	200
-1.4988445	400	200
-1.4984973	400	200
-1.4993483	400	200
-1.5207454	400	200
-1.5000266	400	200
-1.5156085	400	200
-1.4985771	400	200
-1.5476373	400	200
-1.5541929	400	200
-1.496428	400	200
-1.4979661	400	200
-1.4985282	400	200
-1.4990971	400	200
-1.4991622	400	200
-1.4972159	400	200
-1.5061348	400	200
-1.4934132	400	200
-1.5413589	400	200
-1.4987551	400	200
-1.4966749	400	200
-1.4987538	400	200
-1.4980285	400	200
-1.4995663	400	200
-1.4992763	400	200
-1.5421546	400	200
-1.5468578	400	200
-1.546692	400	200
-1.4996589	400	200
-1.4997851	400	200
-1.5225328	400	200
-1.4996499	400	200
-1.5185807	400	200
-1.5552149	400	200
-1.4979035	400	200
-1.4984642	400	200
-1.5312596	400	200
-1.5355684	400	200
-1.5553171	400	200
-1.4970796	400	200
-1.498768	400	200
-1.5156954	400	200
-1.5391979	400	200
-1.541325	400	200
-1.4959621	400	200
-1.530227	400	200
-1.5610456	400	200
-1.5573686	400	200
-1.4997314	400	200
-1.5500566	400	200
-1.4976973	400	200
-1.4991537	400	200
-1.4990442	400	200
-1.5597674	400	200
-1.4995011	400	200
-1.4985597	400	200
-1.5382183	400	200
-1.4995886	400	200
-1.5230645	400	200
-1.5502555	400	200
-1.4996499	400	200
-1.4994656	400	200
-1.4999427	400	200
-1.4989317	400	200
-1.5497427	400	200
-1.4971881	400	200
-1.5261838	400	200
-1.4911315	400	200
-1.5294905	400	200
-1.499386	400	200
-1.5591379	400	200
-1.5595265	400	200
-1.4988525	400	200
-1.4989083	400	200
-1.4998488	400	200
-1.5187482	400	200
-1.4994104	400	200
-1.5187752	400	200
-1.5300103	400	200
-1.4937355	400	200
-1.4995081	400	200
-1.5087806	400	200
-1.5553775	400	200
-1.4980099	400	200
-1.50462	400	200
-1.4995716	400	200
-1.499209	400	200
-1.4994399	400	200
-1.4974289	400	200
-1.5474155	400	200
-1.4979858	400	200
-1.4997694	400	200
-1.5023434	400	200
-1.5523515	400	200
-1.4999572	400	200
-1.498484	400	200
-1.5097642	400	200
-1.4991683	400	200
-1.5237516	400	200
-1.5189943	400	200
-1.4983044	400	200
-1.4991247	400	200
-1.4996629	400	200
-1.4998414	400	200
-1.5586554	400	200
-1.5492925	400	200
-1.4998549	400	200
-1.5105181	400	200
-1.4997166	400	200
-1.4969547	400	200
-1.5106105	400	200
-1.4993704	400	200
-1.4995329	400	200
-1.5003987	400	200
-1.4979555	400	200
-1.4991667	400	200
-1.5429007	400	200
-1.5558284	400	200
-1.4986522	400	200
-1.5356756	400	200
-1.4962068	400	200
-1.5095121	400	200
-1.4991504	400	200
-1.4940552	400	200
-1.4986915	400	200
-1.4954842	400	200
-1.5515181	400	200
-1.49901	400	200
-1.4900811	400	200
-1.4970768	400	200
-1.4992712	400	200
-1.4831575	400	200
-1.5223324	400	200
-1.4992042	400	200
-1.4991613	400	200
-1.5413387	400	200
-1.4890447	400	200
-1.5532509	400	200
-1.4982493	400	200
-1.5244972	400	200
-1.498769	400	200
-1.5065129	400	200
-1.4991453	400	200
-1.5561727	400	200
-1.4967151	400	200
-1.5493745	400	200
-1.4951233	400	200
-1.4984139	400	200
-1.5233865	400	200
-1.5527961	400	200
-1.5557932	400	200
-1.4941401	400	200
-1.499041	400	200
-1.5510137	400	200
-1.4998306	400	200
-1.5520501	400	200
-1.5444599	400	200
-1.4988969	400	200
-1.4993535	400	200
-1.5236484	400	200
-1.5555608	400	200
-1.5360396	400	200
-1.498645	400	200
-1.5037396	400	200
-1.5031549	400	200
-1.501687	400	200
-1.4997743	400	200
-1.5159238	400	200
-1.4998612	400	200
-1.4984065	400	200
-1.5507429	400	200
-1.4981175	400	200
-1.4992314	400	200
-1.505793	400	200
-1.5064774	400	200
-1.4986293	400	200
-1.5310748	400	200
-1.4953018	400	200
-1.4997668	400	200
-1.5189847	400	200
-1.5337183	400	200
-1.4981955	400	200
-1.5591048	400	200
-1.4987548	400	200
-1.4992768	400	200
-1.4998182	400	200
-1.4995526	400	200
-1.4990155	400	200
-1.4991738	400	200
-1.539907	400	200
-1.4998533	400	200
-1.4997939	400	200
-1.5480052	400	200
-1.4986251	400	200
-1.5353431	400	200
-1.4991374	400	200
-1.4994699	400	200
-1.500065	400	200
-1.4994175	400	200
-1.4995412	400	200
-1.5603184	400	200
-1.4947941	400	200
-1.5433728	400	200
-1.4996577	400	200
-1.4980236	400	200
-1.5416286	400	200
-1.4988926	400	200
-1.5345973	400	200
-1.5561682	400	200
-1.5000626	400	200
-1.4995799	400	200
-1.4987988	400	200
-1.4939676	400	200
-1.498101	400	200
-1.4975425	400	200
-1.499651	400	200
-1.499403	400	200
-1.4983788	400	200
-1.4978885	400	200
-1.4997594	400	200
-1.5288587	400	200
-1.4997952	400	200
-1.5363243	400	200
-1.4990175	400	200
-1.500616	400	200
-1.5428811	400	200
-1.4981818	400	200
-1.5248908	400	200
-1.4993666	400	200
-1.498758	400	200
-1.5533985	400	200
-1.5310958	400	200
-1.4988203	400	200
-1.5368278	400	200
-1.5345619	400	200
-1.4998689	400	200
-1.4997884	400	200
-1.4996323	400	200
-1.5293312	400	200
-1.4991853	400	200
-1.5373973	400	200
-1.5362874	400	200
-1.4993511	400	200
-1.4997125	400	200
-1.5315164	400	200
-1.5460042	400	200
-1.5376206	400	200
-1.554495	400	200
-1.499245	400	200
-1.5143697	400	200
-1.5528463	400	200
-1.5000178	400	200
-1.5557269	400	200
-1.4983271	400	200
-1.5435741	400	200
-1.5146617	400	200
-1.530169	400	200
-1.5000893	400	200
-1.4986427	400	200
-1.4998625	400	200
-1.5544412	400	200
-1.4996301	400	200
-1.5435731	400	200
-1.4995932	400	200
-1.4993533	400	200
-1.5531546	400	200
-1.4984675	400	200
-1.4984773	400	200
-1.5503281	400	200
-1.5563614	400	200
-1.4971094	400	200
-1.5186492	400	200
-1.4993965	400	200
-1.4932409	400	200
-1.5069334	400	200
-1.4991437	400	200
-1.5183147	400	200
-1.4996819	400	200
-1.4994407	400	200
-1.500011	400	200
-1.5000599	400	200
-1.495654	400	200
-1.5414722	400	200
-1.5002154	400	200
-1.5464733	400	200
-1.5529209	400	200
-1.4949629	400	200
-1.4997583	400	200
-1.498173	400	200
-1.5470855	400	200
-1.5033847	400	200
-1.4990869	400	200
-1.5189382	400	200
-1.5403605	400	200
-1.5168973	400	200
-1.4986591	400	200
-1.49666	400	200
-1.55986	400	200
-1.4997598	400	200
-1.5006636	400	200
-1.4986653	400	200
-1.4922859	400	200
-1.4988199	400	200
-1.4950501	400	200
-1.5364244	400	200
-1.4993017	400	200
-1.5474036	400	200
-1.4999357	400	200
-1.4991416	400	200
-1.5314044	400	200
-1.4987467	400	200
-1.5434809	400	200
-1.5613497	400	200
-1.5539992	400	200
-1.4999017	400	200
-1.4947048	400	200
-1.4998898	400	200
-1.540254	400	200
-1.4999655	400	200
-1.5303787	400	200
-1.5446053	400	200
-1.4936252	400	200
-1.5049583	400	200
-1.4982272	400	200
-1.4993185	400	200
-1.4971111	400	200
-1.5064872	400	200
-1.5002263	400	200
-1.5045973	400	200
-1.4993211	400	200
-1.5192722	400	200
-1.4998178	400	200
-1.5423039	400	200
-1.4997255	400	200
-1.4987198	400	200
-1.4996769	400	200
-1.4988675	400	200
-1.4991098	400	200
-1.5304168	400	200
-1.4996859	400	200
-1.5553505	400	200
-1.49983	400	200
-1.5240694	400	200
-1.4990059	400	200
-1.4974766	400	200
-1.5209526	400	200
-1.5392088	400	200
-1.4990205	400	200
-1.5286094	400	200
-1.4978391	400	200
-1.4998682	400	200
-1.4980684	400	200
-1.4986954	400	200
-1.4957329	400	200
-1.54348	400	200
-1.5259861	400	200
-1.5489645	400	200
-1.4993106	400	200
-1.5212129	400	200
-1.4984937	400	200
-1.539597	400	200
-1.4997287	400	200
-1.5412883	400	200
-1.4960712	400	200
-1.4968953	400	200
-1.4999068	400	200
-1.4995679	400	200
-1.4950793	400	200
-1.4982861	400	200
-1.4973718	400	200
-1.499479	400	200
-1.5235943	400	200
-1.496988	400	200
-1.539317	400	200
-1.4984934	400	200
-1.5385789	400	200
-1.5196958	400	200
-1.507257	400	200
-1.49984	400	200
-1.5369968	400	200
-1.5265365	400	200
-1.4990201	400	200
-1.4983048	400	200
-1.5145736	400	200
-1.4961105	400	200
-1.4989483	400	200
-1.5007735	400	200
-1.5532843	400	200
-1.508333	400	200
-1.5105162	400	200
-1.4994761	400	200
-1.4992088	400	200
-1.547865	400	200
-1.5532616	400	200
-1.4993191	400	200
-1.499326	400	200
-1.4986506	400	200
-1.4992976	400	200
-1.5024832	400	200
-1.4987725	400	200
-1.4995235	400	200
-1.5002982	400	200
-1.4995301	400	200
-1.5498074	400	200
-1.5309209	400	200
-1.4976859	400	200
-1.4992097	400	200
-1.4992301	400	200
-1.5082544	400	200
-1.5462871	400	200
-1.5523296	400	200
-1.4992962	400	200
-1.4996455	400	200
-1.4985831	400	200
-1.5240586	400	200
-1.5119922	400	200
-1.4984378	400	200
-1.5073899	400	200
-1.5125817	400	200
-1.4990449	400	200
-1.4986725	400	200
-1.4998762	400	200
-1.4999162	400	200
-1.4984592	400	200
-1.4985335	400	200
-1.4998732	400	200
-1.4990471	400	200
-1.4993173	400	200
-1.5241801	400	200
-1.528902	400	200
-1.5000259	400	200
-1.4895734	400	200
-1.500396	400	200
-1.5465682	400	200
-1.4984	400	200
-1.497319	400	200
-1.4997742	400	200
-1.4983903	400	200
-1.4984605	400	200
-1.5080807	400	200
-1.5501618	400	200
-1.5554405	400	200
-1.4991328	400	200
-1.4991824	400	200
-1.5333668	400	200
-1.4991515	400	200
-1.5524102	400	200
-1.5001125	400	200
-1.4991207	400	200
-1.5474614	400	200
-1.49929	400	200
-1.5029597	400	200
-1.4998242	400	200
-1.4999067	400	200
-1.5175148	400	200
-1.4993765	400	200
-1.5010796	400	200
-1.5083043	400	200
-1.5514711	400	200
-1.4993713	400	200
-1.5202788	400	200
-1.496927	400	200
-1.4914981	400	200
-1.5503471	400	200
-1.5131648	400	200
-1.4993823	400	200
-1.5066501	400	200
-1.5256639	400	200
-1.4996995	400	200
-1.5431564	400	200
-1.5055043	400	200
-1.5185638	400	200
-1.4988285	400	200
-1.4991789	400	200
-1.4990854	400	200
-1.4995229	400	200
-1.499637	400	200
-1.5005022	400	200
-1.501914	400	200
-1.4933563	400	200
-1.4960616	400	200
-1.5268325	400	200
-1.4981494	400	200
-1.4982433	400	200
-1.4989177	400	200
-1.499579	400	200
-1.4922749	400	200
-1.4999578	400	200
-1.5583419	400	200
-1.4996113	400	200
-1.5028389	400	200
-1.4932338	400	200
-1.4944772	400	200
-1.4953558	400	200
-1.5472532	400	200
-1.4985155	400	200
-1.4990557	400	200
-1.5158736	400	200
-1.4997749	400	200
-1.4999362	400	200
-1.4998997	400	200
-1.5360767	400	200
-1.4985352	400	200
-1.4994927	400	200
-1.5521913	400	200
-1.5296646	400	200
-1.528537	400	200
-1.5558124	400	200
-1.5486414	400	200
-1.4939234	400	200
-1.5373545	400	200
-1.4979432	400	200
-1.5001825	400	200
-1.4988997	400	200
-1.4975161	400	200
-1.559672	400	200
-1.4938437	400	200
-1.4983206	400	200
-1.4989291	400	200
-1.4989693	400	200
-1.4994448	400	200
-1.5176117	400	200
-1.5530786	400	200
-1.552218	400	200
-1.5395344	400	200
-1.4994585	400	200
-1.4992949	400	200
-1.5305541	400	200
-1.4974085	400	200
-1.4898495	400	200
-1.494501	400	200
-1.4992315	400	200
-1.4992272	400	200
-1.5446361	400	200
-1.5495069	400	200
-1.5245513	400	200
-1.5543032	400	200
-1.5494652	400	200
-1.4982598	400	200
-1.5222871	400	200
-1.5055033	400	200
-1.4994984	400	200
-1.546787	400	200
-1.4988636	400	200
-1.4983322	400	200
-1.5069189	400	200
-1.4939696	400	200
-1.4995558	400	200
-1.5467387	400	200
-1.559935	400	200
-1.5591842	400	200
-1.5325996	400	200
-1.4997195	400	200
-1.4997884	400	200
-1.5525911	400	200
-1.4990562	400	200
-1.5421199	400	200
-1.4989922	400	200
-1.5057657	400	200
-1.493617	400	200
-1.5498401	400	200
-1.5302725	400	200
-1.5452021	400	200
-1.4997679	400	200
-1.5337023	400	200
-1.49996	400	200
-1.5193325	400	200
-1.5406841	400	200
-1.5000633	400	200
-1.4997867	400	200
-1.500163	400	200
-1.4995947	400	200
-1.4991603	400	200
-1.553575	400	200
-1.4996237	400	200
-1.4990169	400	200
-1.503954	400	200
-1.5213633	400	200
-1.5084047	400	200
-1.4976065	400	200
-1.4984833	400	200
-1.5460122	400	200
-1.558662	400	200
-1.5026366	400	200
-1.5027841	400	200
-1.5604169	400	200
-1.5166834	400	200
-1.531029	400	200
-1.4996669	400	200
-1.4990026	400	200
-1.538461	400	200
-1.4992056	400	200
-1.5333656	400	200
-1.4945205	400	200
-1.5604427	400	200
-1.5076177	400	200
-1.5510715	400	200
-1.5259057	400	200
-1.5442198	400	200
-1.4940483	400	200
-1.5584731	400	200
-1.4980575	400	200
-1.5592463	400	200
-1.5473399	400	200
-1.4973992	400	200
-1.5380354	400	200
-1.4987037	400	200
-1.4998279	400	200
-1.5270973	400	200
-1.5479933	400	200
-1.5484325	400	200
-1.4989584	400	200
-1.5572871	400	200
-1.4997184	400	200
-1.4977698	400	200
-1.4998288	400	200
-1.4977701	400	200
-1.4995235	400	200
-1.4997601	400	200
-1.5547778	400	200
-1.4984798	400	200
-1.4991074	400	200
-1.5444467	400	200
-1.4986286	400	200
-1.5348413	400	200
-1.530822	400	200
-1.4991771	400	200
-1.4995146	400	200
-1.5318152	400	200
-1.5177982	400	200
-1.554555	400	200
-1.4987851	400	200
-1.4945182	400	200
-1.5448855	400	200
-1.5363274	400	200
-1.5467068	400	200
-1.4980441	400	200
-1.5354018	400	200
-1.4939197	400	200
-1.5576158	400	200
-1.5611775	400	200
-1.5002342	400	200
-1.4988036	400	200
-1.4988326	400	200
-1.4995776	400	200
-1.4989111	400	200
-1.5450738	400	200
-1.5022422	400	200
-1.4988755	400	200
-1.4934834	400	200
-1.4997783	400	200
-1.4976769	400	200
-1.5575256	400	200
-1.5117186	400	200
-1.4971024	400	200
-1.4995691	400	200
-1.4993309	400	200
-1.5504151	400	200
-1.5408407	400	200
-1.5423134	400	200
-1.5552407	400	200
-1.4878127	400	200
-1.5441868	400	200
-1.4996365	400	200
-1.4993663	400	200
-1.4992585	400	200
-1.4986303	400	200
-1.4993778	400	200
-1.4994679	400	200
-1.4996536	400	200
-1.4902226	400	200
-1.4992099	400	200
-1.539971	400	200
-1.5159126	400	200
-1.559554	400	200
-1.4964882	400	200
-1.5000539	400	200
-1.5005347	400	200
-1.5246867	400	200
-1.4998506	400	200
-1.5370235	400	200
-1.5459298	400	200
-1.4992184	400	200
-1.527153	400	200
-1.5284046	400	200
-1.4995791	400	200
-1.5249622	400	200
-1.4978511	400	200
-1.5597995	400	200
-1.4999243	400	200
-1.4998546	400	200
-1.4990038	400	200
-1.5446582	400	200
-1.4961157	400	200
-1.5269382	400	200
-1.5332565	400	200
-1.4987732	400	200
-1.5548419	400	200
-1.4879746	400	200
-1.4995901	400	200
-1.5596554	400	200
-1.4981798	400	200
-1.5615173	400	200
-1.5066879	400	200
-1.5481261	400	200
-1.5468796	400	200
-1.5006387	400	200
-1.5499848	400	200
-1.5234619	400	200
-1.4978734	400	200
-1.5059405	400	200
-1.5131358	400	200
-1.4986758	400	200
-1.5597485	400	200
-1.4989441	400	200
-1.5002316	400	200
-1.5352902	400	200
-1.4997294	400	200
-1.4997776	400	200
-1.4992851	400	200
-1.4998706	400	200
-1.5237639	400	200
-1.499753	400	200
-1.4989889	400	200
-1.4995796	400	200
-1.5000877	400	200
-1.4980363	400	200
-1.4965559	400	200
-1.5419815	400	200
-1.5434728	400	200
-1.5226331	400	200
-1.494677	400	200
-1.4996912	400	200
-1.4991896	400	200
-1.4987126	400	200
-1.5128755	400	200
-1.5029061	400	200
-1.4991421	400	200
-1.5495416	400	200
-1.4983095	400	200
-1.5104212	400	200
-1.4950192	400	200
-1.4976284	400	200
-1.4996345	400	200
-1.536439	400	200
-1.4966248	400	200
-1.5354006	400	200
-1.5136002	400	200
-1.540136	400	200
-1.5188076	400	200
-1.5387465	400	200
-1.5324827	400	200
-1.5540571	400	200
-1.5099502	400	200
-1.4971143	400	200
-1.5052776	400	200
-1.5115405	400	200
-1.51294	400	200
-1.5219407	400	200
-1.4997494	400	200
-1.5533782	400	200
-1.498938	400	200
-1.5448996	400	200
-1.499701	400	200
-1.5076524	400	200
-1.541535	400	200
-1.4995825	400	200
-1.5542545	400	200
-1.5324857	400	200
-1.4987153	400	200
-1.4974287	400	200
-1.5089452	400	200
-1.4987033	400	200
-1.5335888	400	200
-1.5091092	400	200
-1.5165511	400	200
-1.4980318	400	200
-1.5452147	400	200
-1.4984601	400	200
-1.5566154	400	200
-1.4974881	400	200
-1.5564093	400	200
-1.497926	400	200
-1.4986676	400	200
-1.4986775	400	200
-1.4981827	400	200
-1.4966411	400	200
-1.5524437	400	200
-1.4990722	400	200
-1.5428079	400	200
-1.4993513	400	200
-1.5521577	400	200
-1.5523979	400	200
-1.5554626	400	200
-1.4977023	400	200
-1.499786	400	200
-1.4995897	400	200
-1.4997757	400	200
-1.4949964	400	200
-1.4992682	400	200
-1.5387345	400	200
-1.4985705	400	200
-1.4999061	400	200
-1.5515485	400	200
-1.510791	400	200
-1.5071656	400	200
-1.5570904	400	200
-1.4990174	400	200
-1.5003184	400	200
-1.5123449	400	200
-1.4995517	400	200
-1.4869623	400	200
-1.5603883	400	200
-1.5082669	400	200
-1.4970742	400	200
-1.5280576	400	200
-1.5498014	400	200
-1.5276972	400	200
-1.4978946	400	200
-1.4995018	400	200
-1.4997946	400	200
-1.5365765	400	200
-1.4989977	400	200
-1.5274691	400	200
-1.4995075	400	200
-1.5591472	400	200
-1.4996066	400	200
-1.4934423	400	200
-1.5611833	400	200
-1.5601946	400	200
-1.4997224	400	200
-1.5065956	400	200
-1.500012	400	200
-1.5094585	400	200
-1.4946868	400	200
-1.5466005	400	200
-1.4965966	400	200
-1.5528511	400	200
-1.5439136	400	200
-1.499275	400	200
-1.5469911	400	200
-1.5137492	400	200
-1.528503	400	200
-1.4992059	400	200
-1.4991984	400	200
-1.4975677	400	200
-1.5577456	400	200
-1.5342168	400	200
-1.4992223	400	200
-1.4987518	400	200
-1.4987361	400	200
-1.4994657	400	200
-1.5000149	400	200
-1.5359076	400	200
-1.5553549	400	200
-1.4990279	400	200
-1.4996138	400	200
-1.5456732	400	200
-1.508388	400	200
-1.500759	400	200
-1.4937727	400	200
-1.5059593	400	200
-1.5598264	400	200
-1.5183887	400	200
-1.5509516	400	200
-1.4987853	400	200
-1.4994704	400	200
-1.5597151	400	200
-1.5610317	400	200
-1.5374538	400	200
-1.546317	400	200
-1.4996954	400	200
-1.4940115	400	200
-1.5433896	400	200
-1.5255144	400	200
-1.5580035	400	200
-1.5425746	400	200
-1.5310199	400	200
-1.4992229	400	200
-1.5567076	400	200
-1.5004431	400	200
-1.5484495	400	200
-1.4995033	400	200
-1.4984343	400	200
-1.5079593	400	200
-1.4981526	400	200
-1.5523831	400	200
-1.5447625	400	200
-1.5343464	400	200
-1.5548317	400	200
-1.4936164	400	200
-1.4990889	400	200
-1.4994702	400	200
-1.4992498	400	200
-1.4995946	400	200
-1.4987618	400	200
-1.4981277	400	200
-1.5252761	400	200
-1.5416889	400	200
-1.5420007	400	200
-1.4994488	400	200
-1.5128911	400	200
-1.5007042	400	200
-1.5294337	400	200
-1.4991789	400	200
-1.499412	400	200
-1.5597676	400	200
-1.5000996	400	200
-1.5051187	400	200
-1.4950585	400	200
-1.499046	400	200
-1.4988085	400	200
-1.4977872	400	200
-1.4995551	400	200
-1.4988019	400	200
-1.4986202	400	200
-1.4949479	400	200
-1.4989963	400	200
-1.5160841	400	200
-1.5612617	400	200
-1.5448399	400	200
-1.5245967	400	200
-1.5316714	400	200
-1.4991269	400	200
-1.498802	400	200
-1.4987873	400	200
-1.4997309	400	200
-1.4952876	400	200
-1.5546793	400	200
-1.5290305	400	200
-1.499268	400	200
-1.5404428	400	200
-1.5337393	400	200
-1.4997508	400	200
-1.4990913	400	200
-1.5429597	400	200
-1.4985535	400	200
-1.4949887	400	200
-1.5372903	400	200
-1.5159984	400	200
-1.5408079	400	200
-1.4972572	400	200
-1.4993084	400	200
-1.5229063	400	200
-1.4994599	400	200
-1.4972696	400	200
-1.5439143	400	200
-1.5379461	400	200
-1.4981777	400	200
-1.4993083	400	200
-1.5138077	400	200
-1.5000473	400	200
-1.5271487	400	200
-1.4967122	400	200
-1.5320108	400	200
-1.4999124	400	200
-1.5413774	400	200
-1.4987906	400	200
-1.5010031	400	200
-1.5477865	400	200
-1.4997822	400	200
-1.4966398	400	200
-1.4996865	400	200
-1.4992591	400	200
-1.5516832	400	200
-1.5052975	400	200
-1.5064743	400	200
-1.4998865	400	200
-1.4993656	400	200
-1.5477527	400	200
-1.4997319	400	200
-1.4994095	400	200
-1.4995049	400	200
-1.4998507	400	200
-1.5142392	400	200
-1.5000051	400	200
-1.4916359	400	200
-1.4975146	400	200
-1.4995554	400	200
-1.4971511	400	200
-1.5227085	400	200
-1.497986	400	200
-1.4986371	400	200
-1.5088346	400	200
-1.497941	400	200
-1.4989217	400	200
-1.5584215	400	200
-1.4987379	400	200
-1.4952184	400	200
-1.509821	400	200
-1.4971387	400	200
-1.5000938	400	200
-1.5545277	400	200
-1.5233403	400	200
-1.5000161	400	200
-1.4983611	400	200
-1.5154693	400	200
-1.4974276	400	200
-1.5012172	400	200
-1.5447031	400	200
-1.5023679	400	200
-1.4997175	400	200
-1.4994051	400	200
-1.4988508	400	200
-1.504983	400	200
-1.4964185	400	200
-1.533046	400	200
-1.4952504	400	200
-1.5398835	400	200
-1.5331826	400	200
-1.5166809	400	200
-1.5392028	400	200
-1.4938863	400	200
-1.4990474	400	200
-1.5501218	400	200
-1.4997869	400	200
-1.4999661	400	200
-1.5043949	400	200
-1.4994492	400	200
-1.5259902	400	200
-1.5344762	400	200
-1.4984373	400	200
-1.4983342	400	200
-1.4988506	400	200
-1.5324789	400	200
-1.4986616	400	200
-1.499491	400	200
-1.4997294	400	200
-1.5145305	400	200
-1.4976744	400	200
-1.4979725	400	200
-1.4993847	400	200
-1.5457288	400	200
-1.5041782	400	200
-1.4992343	400	200
-1.5029538	400	200
-1.5031367	400	200
-1.4997969	400	200
-1.5189474	400	200
-1.4991077	400	200
-1.4979982	400	200
-1.5171106	400	200
-1.494954	400	200
-1.4994034	400	200
-1.4951056	400	200
-1.5106955	400	200
-1.537673	400	200
-1.4995859	400	200
-1.4996254	400	200
-1.5031231	400	200
-1.5540409	400	200
-1.5061199	400	200
-1.5372167	400	200
-1.4995633	400	200
-1.4932011	400	200
-1.5354951	400	200
-1.5220763	400	200
-1.4994894	400	200
-1.4988215	400	200
-1.5492126	400	200
-1.5445675	400	200
-1.4990087	400	200
-1.5465514	400	200
-1.5080927	400	200
-1.5554321	400	200
-1.498262	400	200
-1.4996881	400	200
-1.5548589	400	200
-1.4968449	400	200
-1.5235794	400	200
-1.4992915	400	200
-1.5403342	400	200
-1.5581368	400	200
-1.5388584	400	200
-1.5184762	400	200
-1.4945486	400	200
-1.5177674	400	200
-1.5033395	400	200
-1.5528939	400	200
-1.5200654	400	200
-1.4991987	400	200
-1.502547	400	200
-1.5360558	400	200
-1.4986149	400	200
-1.5185304	400	200
-1.499986	400	200
-1.494785	400	200
-1.5001557	400	200
-1.4954485	400	200
-1.4986119	400	200
-1.5037061	400	200
-1.4994606	400	200
-1.52565	400	200
-1.4987492	400	200
-1.499146	400	200
-1.5287053	400	200
-1.5284347	400	200
-1.5029152	400	200
-1.5405375	400	200
-1.4999703	400	200
-1.5517524	400	200
-1.4998709	400	200
-1.4992881	400	200
-1.4987416	400	200
-1.5431544	400	200
-1.5454801	400	200
-1.4969591	400	200
-1.4997635	400	200
-1.5344217	400	200
-1.5517014	400	200
-1.5508462	400	200
-1.4997423	400	200
-1.4991615	400	200
-1.4990991	400	200
-1.4987053	400	200
-1.4991849	400	200
-1.4895634	400	200
-1.4956535	400	200
-1.5526103	400	200
-1.4996277	400	200
-1.4991386	400	200
-1.5440562	400	200
-1.555135	400	200
-1.4997686	400	200
-1.4992436	400	200
-1.4991635	400	200
-1.4994081	400	200
-1.4983144	400	200
-1.5321472	400	200
-1.4998306	400	200
-1.4998891	400	200
-1.5230594	400	200
-1.4999219	400	200
-1.5574598	400	200
-1.498178	400	200
-1.557579	400	200
-1.5533063	400	200
-1.5400484	400	200
-1.4961881	400	200
-1.4997361	400	200
-1.4986423	400	200
-1.4935867	400	200
-1.4971004	400	200
-1.5006002	400	200
-1.5146703	400	200
-1.5288849	400	200
-1.4996885	400	200
-1.5539779	400	200
-1.5438378	400	200
-1.4992781	400	200
-1.5598147	400	200
-1.4958204	400	200
-1.4996559	400	200
-1.550123	400	200
-1.5467295	400	200
-1.4996589	400	200
-1.5002487	400	200
-1.4983	400	200
-1.5346632	400	200
-1.5483782	400	200
-1.4958536	400	200
-1.4993202	400	200
-1.4940782	400	200
-1.4991123	400	200
-1.4984731	400	200
-1.5390593	400	200
-1.5101179	400	200
-1.4983062	400	200
-1.5422549	400	200
-1.5115072	400	200
-1.5382834	400	200
-1.495538	400	200
-1.5157515	400	200
-1.4998363	400	200
-1.4998301	400	200
-1.5236924	400	200
-1.4879352	400	200
-1.500095	400	200
-1.497607	400	200
-1.542035	400	200
-1.5147044	400	200
-1.4996157	400	200
-1.4994043	400	200
-1.5609844	400	200
-1.5157403	400	200
-1.497754	400	200
-1.4991414	400	200
-1.5364331	400	200
-1.5094591	400	200
-1.4974003	400	200
-1.5000784	400	200
-1.5104592	400	200
-1.5125213	400	200
-1.559926	400	200
-1.5000435	400	200
-1.5077246	400	200
-1.5353187	400	200
-1.5356815	400	200
-1.4989296	400	200
-1.5527024	400	200
-1.5017459	400	200
-1.5030599	400	200
-1.4997534	400	200
-1.5402185	400	200
-1.5160933	400	200
-1.4997921	400	200
-1.4988748	400	200
-1.4999846	400	200
-1.5321371	400	200
-1.5130298	400	200
-1.5370629	400	200
-1.5253209	400	200
-1.4993521	400	200
-1.4992334	400	200
-1.4993173	400	200
-1.5147708	400	200
-1.4993467	400	200
-1.502883	400	200
-1.5214974	400	200
-1.5313139	400	200
-1.5430742	400	200
-1.4953691	400	200
-1.4958307	400	200
-1.4990964	400	200
-1.5343368	400	200
-1.5301417	400	200
-1.4987442	400	200
-1.5000361	400	200
-1.531311	400	200
-1.5291545	400	200
-1.5262016	400	200
-1.4986325	400	200
-1.4951354	400	200
-1.5528814	400	200
-1.5288647	400	200
-1.4998671	400	200
-1.5331568	400	200
-1.5275903	400	200
-1.4996086	400	200
-1.4997634	400	200
-1.4995775	400	200
-1.5015978	400	200
-1.4990267	400	200
-1.503111	400	200
-1.5057038	400	200
-1.5443399	400	200
-1.498868	400	200
-1.4978402	400	200
-1.5584059	400	200
-1.4997428	400	200
-1.5000223	400	200
-1.4978086	400	200
-1.54819	400	200
-1.5303458	400	200
-1.4984164	400	200
-1.5299096	400	200
-1.4986192	400	200
-1.5060998	400	200
-1.4990153	400	200
-1.4932762	400	200
-1.5276943	400	200
-1.558455	400	200
-1.4980143	400	200
-1.5521334	400	200
-1.5000011	400	200
-1.4987351	400	200
-1.4995884	400	200
-1.4997451	400	200
-1.4973766	400	200
-1.4995342	400	200
-1.4987085	400	200
-1.5309695	400	200
-1.5466353	400	200
-1.5086781	400	200
-1.4976244	400	200
-1.5176691	400	200
-1.5013627	400	200
-1.5147021	400	200
-1.4996332	400	200
-1.4974888	400	200
-1.4934564	400	200
-1.4999436	400	200
-1.5549057	400	200
-1.5142412	400	200
-1.5531001	400	200
-1.5181794	400	200
-1.5432819	400	200
-1.4975706	400	200
-1.5596915	400	200
-1.5054899	400	200
-1.5000554	400	200
-1.4963112	400	200
-1.5421841	400	200
-1.5123978	400	200
-1.4939175	400	200
-1.4999594	400	200
-1.5546855	400	200
-1.5058566	400	200
-1.523445	400	200
-1.5423808	400	200
-1.4961548	400	200
-1.497377	400	200
-1.5590615	400	200
-1.5531367	400	200
-1.4991991	400	200
-1.4977398	400	200
-1.5000365	400	200
-1.5434464	400	200
-1.5556956	400	200
-1.5520998	400	200
-1.4995582	400	200
-1.4995275	400	200
-1.5001077	400	200
-1.4999923	400	200
-1.5205204	400	200
-1.5385713	400	200
-1.5196096	400	200
-1.5321181	400	200
-1.5391298	400	200
-1.4972409	400	200
-1.4979159	400	200
-1.4984746	400	200
-1.507683	400	200
-1.5433082	400	200
-1.4966363	400	200
-1.5298041	400	200
-1.551377	400	200
-1.5310088	400	200
-1.5053704	400	200
-1.5029156	400	200
-1.546256	400	200
-1.4991288	400	200
-1.5365948	400	200
-1.4995523	400	200
-1.5454416	400	200
-1.5552091	400	200
-1.5547001	400	200
-1.4993661	400	200
-1.5397371	400	200
-1.4995223	400	200
-1.5018874	400	200
-1.4996755	400	200
-1.4991349	400	200
-1.5062123	400	200
-1.5355897	400	200
-1.4946124	400	200
-1.5604585	400	200
-1.5304574	400	200
-1.5110028	400	200
-1.5310355	400	200
-1.499944	400	200
-1.4999464	400	200
-1.4999728	400	200
-1.490953	400	200
-1.4995602	400	200
-1.5351985	400	200
-1.4996422	400	200
-1.5506241	400	200
-1.4998106	400	200
-1.5434701	400	200
-1.4984066	400	200
-1.4995183	400	200
-1.5105746	400	200
-1.5562873	400	200
-1.4978873	400	200
-1.4994584	400	200
-1.5308398	400	200
-1.5127796	400	200
-1.5073852	400	200
-1.4979588	400	200
-1.5174871	400	200
-1.4985923	400	200
-1.4792242	400	200
-1.5215515	400	200
-1.4959576	400	200
-1.5457112	400	200
-1.5279834	400	200
-1.5410232	400	200
-1.5237702	400	200
-1.4986131	400	200
-1.5103695	400	200
-1.4991934	400	200
-1.5168791	400	200
-1.5430295	400	200
-1.5255378	400	200
-1.4992049	400	200
-1.4994187	400	200
-1.5094846	400	200
-1.4987919	400	200
-1.4995711	400	200
-1.4994774	400	200
-1.499616	400	200
-1.5257835	400	200
-1.5504063	400	200
-1.5565714	400	200
-1.500339	400	200
-1.500021	400	200
-1.5333312	400	200
-1.497872	400	200
-1.4953504	400	200
-1.4999635	400	200
-1.4985454	400	200
-1.499022	400	200
-1.4928022	400	200
-1.499679	400	200
-1.5235932	400	200
-1.4984848	400	200
-1.4991018	400	200
-1.4985055	400	200
-1.496438	400	200
-1.4969018	400	200
-1.4968472	400	200
-1.5439961	400	200
-1.5065969	400	200
-1.54653	400	200
-1.4958731	400	200
-1.5263825	400	200
-1.4980212	400	200
-1.5496137	400	200
-1.5594491	400	200
-1.558598	400	200
-1.4993939	400	200
-1.4973059	400	200
-1.5236153	400	200
-1.5213226	400	200
-1.5599013	400	200
-1.5561079	400	200
-1.5304893	400	200
-1.5161845	400	200
-1.5543568	400	200
-1.4972994	400	200
-1.4994244	400	200
-1.5056155	400	200
-1.5163667	400	200
-1.5173298	400	200
-1.5021842	400	200
-1.4992354	400	200
-1.5106911	400	200
-1.4985224	400	200
-1.5549227	400	200
-1.4978506	400	200
-1.5538651	400	200
-1.5206973	400	200
-1.4989061	400	200
-1.4988442	400	200
-1.5094954	400	200
-1.5190847	400	200
-1.4984193	400	200
-1.5015414	400	200
-1.4953019	400	200
-1.4976468	400	200
-1.4987422	400	200
-1.5000582	400	200
-1.5475242	400	200
-1.545494	400	200
-1.5045679	400	200
-1.5112989	400	200
-1.4999467	400	200
-1.5263775	400	200
-1.4995467	400	200
-1.499548	400	200
-1.4996964	400	200
-1.4997007	400	200
-1.5343255	400	200
-1.5006146	400	200
-1.5544782	400	200
-1.5473428	400	200
-1.5257775	400	200
-1.5457547	400	200
-1.5400813	400	200
-1.5509235	400	200
-1.4983255	400	200
-1.5036466	400	200
-1.5230594	400	200
-1.5207333	400	200
-1.5301338	400	200
-1.5430875	400	200
-1.4999108	400	200
-1.5099229	400	200
-1.4994252	400	200
-1.5008494	400	200
-1.5009421	400	200
-1.4995253	400	200
-1.5011281	400	200
-1.4992437	400	200
-1.5454007	400	200
-1.4994639	400	200
-1.5368861	400	200
-1.4983959	400	200
-1.4982576	400	200
-1.4986206	400	200
-1.5076964	400	200
-1.5418661	400	200
-1.5546408	400	200
-1.4993808	400	200
-1.5384863	400	200
-1.498697	400	200
-1.5580907	400	200
-1.5384501	400	200
-1.5253785	400	200
-1.4999487	400	200
-1.5360239	400	200
-1.5483526	400	200
-1.4992447	400	200
-1.5380115	400	200
-1.5556062	400	200
-1.4944778	400	200
-1.5128923	400	200
-1.4990638	400	200
-1.4990486	400	200
-1.5386009	400	200
-1.5018921	400	200
-1.5103438	400	200
-1.4991697	400	200
-1.499475	400	200
-1.521121	400	200
-1.5010195	400	200
-1.5337304	400	200
-1.4988354	400	200
-1.5560736	400	200
-1.5347548	400	200
-1.4989494	400	200
-1.5126334	400	200
-1.4990383	400	200
-1.499045	400	200
-1.4999736	400	200
-1.5314647	400	200
-1.4988865	400	200
-1.4962569	400	200
-1.4982847	400	200
-1.5224476	400	200
-1.4986521	400	200
-1.4995312	400	200
-1.4994442	400	200
-1.5549784	400	200
-1.5167245	400	200
-1.4974542	400	200
-1.4990903	400	200
-1.4997256	400	200
-1.5254182	400	200
-1.4996376	400	200
-1.5026929	400	200
-1.5249546	400	200
-1.5008195	400	200
-1.536014	400	200
-1.4995066	400	200
-1.4966103	400	200
-1.4993599	400	200
-1.5335943	400	200
-1.5045946	400	200
-1.4997075	400	200
-1.543487	400	200
-1.4993193	400	200
-1.4997197	400	200
-1.4999341	400	200
-1.4959912	400	200
-1.5002177	400	200
-1.4950603	400	200
-1.5229517	400	200
-1.4981559	400	200
-1.4996338	400	200
-1.4994631	400	200
-1.4995004	400	200
-1.541986	400	200
-1.499902	400	200
-1.5450751	400	200
-1.5195131	400	200
-1.5002106	400	200
-1.4973623	400	200
-1.4989939	400	200
-1.5558159	400	200
-1.5232236	400	200
-1.5458554	400	200
-1.4993487	400	200
-1.4996562	400	200
-1.5409258	400	200
-1.4997265	400	200
-1.4994718	400	200
-1.4981231	400	200
-1.546894	400	200
-1.5170967	400	200
-1.5554784	400	200
-1.5257154	400	200
-1.4996667	400	200
-1.4976562	400	200
-1.4921399	400	200
-1.5164346	400	200
-1.4996337	400	200
-1.4990204	400	200
-1.4965934	400	200
-1.5347007	400	200
-1.4998008	400	200
-1.5492419	400	200
-1.4993562	400	200
-1.5612502	400	200
-1.4989013	400	200
-1.5119188	400	200
-1.5211366	400	200
-1.4981952	400	200
-1.499058	400	200
-1.5371522	400	200
-1.4989351	400	200
-1.4996533	400	200
-1.4995887	400	200
-1.4999506	400	200
-1.4998112	400	200
-1.4982693	400	200
-1.4975609	400	200
-1.5366861	400	200
-1.4988315	400	200
-1.494088	400	200
-1.4991215	400	200
-1.5408478	400	200
-1.4903215	400	200
-1.5158468	400	200
-1.5339048	400	200
-1.4991107	400	200
-1.4973691	400	200
-1.5600459	400	200
-1.5604988	400	200
-1.4983098	400	200
-1.5420752	400	200
-1.5488496	400	200
-1.4918013	400	200
-1.4941961	400	200
-1.4977633	400	200
-1.4996995	400	200
-1.5534341	400	200
-1.4986849	400	200
-1.5480249	400	200
-1.4996524	400	200
-1.5535955	400	200
-1.5000064	400	200
-1.5321682	400	200
-1.5093367	400	200
-1.5102384	400	200
-1.5378887	400	200
-1.5023132	400	200
-1.5575379	400	200
-1.5272598	400	200
-1.5543088	400	200
-1.4993891	400	200
-1.4990409	400	200
-1.4950315	400	200
-1.4997184	400	200
-1.5506667	400	200
-1.5006648	400	200
-1.4994982	400	200
-1.5491062	400	200
-1.4968775	400	200
-1.500048	400	200
-1.4978559	400	200
-1.5389948	400	200
-1.5556982	400	200
-1.5167324	400	200
-1.4981676	400	200
-1.5219226	400	200
-1.4985405	400	200
-1.5291458	400	200
-1.5095877	400	200
-1.4976386	400	200
-1.4980581	400	200
-1.4987645	400	200
-1.5182971	400	200
-1.5146907	400	200
-1.4978454	400	200
-1.4997518	400	200
-1.5605064	400	200
-1.4977583	400	200
-1.5530722	400	200
-1.5520814	400	200
-1.499886	400	200
-1.5314416	400	200
-1.49964	400	200
-1.533763	400	200
-1.5192693	400	200
-1.4994087	400	200
-1.500079	400	200
-1.5393763	400	200
-1.4993133	400	200
-1.4998833	400	200
-1.5128586	400	200
-1.5188677	400	200
-1.535445	400	200
-1.498689	400	200
-1.4938132	400	200
-1.5000416	400	200
-1.499524	400	200
-1.4979524	400	200
-1.4992384	400	200
-1.4999041	400	200
-1.4980585	400	200
-1.5602258	400	200
-1.4992718	400	200
-1.5384584	400	200
-1.4996845	400	200
-1.4989979	400	200
-1.5593101	400	200
-1.4997525	400	200
-1.4987796	400	200
-1.499221	400	200
-1.4996985	400	200
-1.5574694	400	200
-1.499308	400	200
-1.4975415	400	200
-1.4988297	400	200
-1.4991567	400	200
-1.4993769	400	200
-1.4945697	400	200
-1.5521932	400	200
-1.4827258	400	200
-1.4991752	400	200
-1.498394	400	200
-1.5488717	400	200
-1.499614	400	200
-1.4996472	400	200
-1.4995134	400	200
-1.510506	400	200
-1.5003212	400	200
-1.5161213	400	200
-1.5560376	400	200
-1.5601262	400	200
-1.5486488	400	200
-1.4963729	400	200
-1.4990957	400	200
-1.499323	400	200
-1.5474688	400	200
-1.5188976	400	200
-1.5374699	400	200
-1.4993927	400	200
-1.4996342	400	200
-1.4995587	400	200
-1.5330585	400	200
-1.5001303	400	200
-1.5386946	400	200
-1.4998054	400	200
-1.5274632	400	200
-1.4963024	400	200
-1.4981816	400	200
-1.4888421	400	200
-1.4991507	400	200
-1.4989058	400	200
-1.5436798	400	200
-1.4997504	400	200
-1.5263678	400	200
-1.4989261	400	200
-1.5581473	400	200
-1.5196146	400	200
-1.4977127	400	200
-1.5243745	400	200
-1.5463914	400	200
-1.5503182	400	200
-1.4986687	400	200
-1.4993073	400	200
-1.4977523	400	200
-1.5135055	400	200
-1.499243	400	200
-1.4928625	400	200
-1.5081024	400	200
-1.5372239	400	200
-1.5335676	400	200
-1.5553718	400	200
-1.4944992	400	200
-1.538191	400	200
-1.537936	400	200
-1.4998863	400	200
-1.4999711	400	200
-1.5161007	400	200
-1.5080285	400	200
-1.5363999	400	200
-1.497262	400	200
-1.4997029	400	200
-1.4989897	400	200
-1.5572653	400	200
-1.5157018	400	200
-1.4991965	400	200
-1.4992846	400	200
-1.5018411	400	200
-1.4992168	400	200
-1.5368152	400	200
-1.5337261	400	200
-1.4930501	400	200
-1.5003127	400	200
-1.4993291	400	200
-1.5431401	400	200
-1.5502059	400	200
-1.4995244	400	200
-1.4976099	400	200
-1.5493853	400	200
-1.5193571	400	200
-1.4998082	400	200
-1.4981643	400	200
-1.4975458	400	200
-1.4975663	400	200
-1.4984428	400	200
-1.4995499	400	200
-1.4993947	400	200
-1.499202	400	200
-1.4996677	400	200
-1.4995861	400	200
-1.4989863	400	200
-1.5486528	400	200
-1.499398	400	200
-1.5443143	400	200
-1.4985513	400	200
-1.5140856	400	200
-1.5433266	400	200
-1.5453022	400	200
-1.4958826	400	200
-1.5269447	400	200
-1.5455324	400	200
-1.5141718	400	200
-1.5359438	400	200
-1.5538137	400	200
-1.4994339	400	200
-1.499311	400	200
-1.4987237	400	200
-1.5167528	400	200
-1.4973973	400	200
-1.5563356	400	200
-1.4999444	400	200
-1.4993011	400	200
-1.4988187	400	200
-1.4993008	400	200
-1.5209899	400	200
-1.5243471	400	200
-1.4989706	400	200
-1.4998301	400	200
-1.4987259	400	200
-1.4992722	400	200
-1.5145512	400	200
-1.4971808	400	200
-1.5566794	400	200
-1.5549764	400	200
-1.5386881	400	200
-1.4997639	400	200
-1.5291213	400	200
-1.5011666	400	200
-1.4985621	400	200
-1.4991016	400	200
-1.4976896	400	200
-1.4987564	400	200
-1.4995254	400	200
-1.4972542	400	200
-1.4988785	400	200
-1.5389029	400	200
-1.5151469	400	200
-1.5205369	400	200
-1.4997266	400	200
-1.4986534	400	200
-1.5280741	400	200
-1.4990482	400	200
-1.5550942	400	200
-1.4999941	400	200
-1.5434079	400	200
-1.4994598	400	200
-1.5171519	400	200
-1.4847708	400	200
-1.4995103	400	200
-1.4975197	400	200
-1.4935102	400	200
-1.5159599	400	200
-1.491055	400	200
-1.4984035	400	200
-1.4988398	400	200
-1.4955383	400	200
-1.4998901	400	200
-1.4990995	400	200
-1.4998483	400	200
-1.4981454	400	200
-1.5085255	400	200
-1.4981919	400	200
-1.4983868	400	200
-1.4995109	400	200
-1.4993419	400	200
-1.4988655	400	200
-1.5523688	400	200
-1.5460936	400	200
-1.5013789	400	200
-1.5013683	400	200
-1.4996237	400	200
-1.4939991	400	200
-1.5555164	400	200
-1.5004544	400	200
-1.5004476	400	200
-1.5000158	400	200
-1.4995914	400	200
-1.5001956	400	200
-1.4979095	400	200
-1.5052081	400	200
-1.4989451	400	200
-1.5016983	400	200
-1.5334481	400	200
-1.5000451	400	200
-1.5510635	400	200
-1.5266369	400	200
-1.5551353	400	200
-1.4960391	400	200
-1.5338089	400	200
-1.4993022	400	200
-1.5493772	400	200
-1.4995986	400	200
-1.5566783	400	200
-1.5427484	400	200
-1.5212551	400	200
-1.4992802	400	200
-1.499353	400	200
-1.5109167	400	200
-1.4988171	400	200
-1.5241644	400	200
-1.4985762	400	200
-1.4985719	400	200
-1.5531405	400	200
-1.488131	400	200
-1.4993528	400	200
-1.5067401	400	200
-1.5003229	400	200
-1.4995327	400	200
-1.5252534	400	200
-1.5000126	400	200
-1.5515054	400	200
-1.4987706	400	200
-1.5400741	400	200
-1.4998447	400	200
-1.498221	400	200
-1.4985842	400	200
-1.49504	400	200
-1.5323793	400	200
-1.5140087	400	200
-1.489842	400	200
-1.5003788	400	200
-1.5600712	400	200
-1.499738	400	200
-1.4957355	400	200
-1.5369246	400	200
-1.4994097	400	200
-1.5012462	400	200
-1.4986818	400	200
-1.4995835	400	200
-1.5312816	400	200
-1.4999279	400	200
-1.5468364	400	200
-1.4999029	400	200
-1.4979379	400	200
-1.4981723	400	200
-1.499246	400	200
-1.5356998	400	200
-1.5139947	400	200
-1.4998748	400	200
-1.4923432	400	200
-1.4997941	400	200
-1.4997202	400	200
-1.4986357	400	200
-1.5330124	400	200
-1.4967938	400	200
-1.498312	400	200
-1.4996398	400	200
-1.5128096	400	200
-1.5088444	400	200
-1.5576995	400	200
-1.4999764	400	200
-1.4969927	400	200
-1.499408	400	200
-1.5418092	400	200
-1.4988441	400	200
-1.493514	400	200
-1.4995878	400	200
-1.5523698	400	200
-1.499548	400	200
-1.4999169	400	200
-1.5412656	400	200
-1.5040973	400	200
-1.5384573	400	200
-1.4988123	400	200
-1.4958868	400	200
-1.4991263	400	200
-1.4963715	400	200
-1.4992759	400	200
-1.5322836	400	200
-1.4888327	400	200
-1.5426331	400	200
-1.5017284	400	200
-1.5527764	400	200
-1.4993236	400	200
-1.4980422	400	200
-1.4990138	400	200
-1.4997992	400	200
-1.4954819	400	200
-1.4986628	400	200
-1.4994087	400	200
-1.4968837	400	200
-1.4977992	400	200
-1.557945	400	200
-1.498845	400	200
-1.4984404	400	200
-1.5371984	400	200
-1.5146795	400	200
-1.5580703	400	200
-1.4995747	400	200
-1.5044122	400	200
-1.4961217	400	200
-1.507525	400	200
-1.4959128	400	200
-1.4970554	400	200
-1.4991701	400	200
-1.5508558	400	200
-1.4992918	400	200
-1.5190186	400	200
-1.4995949	400	200
-1.5316033	400	200
-1.4997369	400	200
-1.4986524	400	200
-1.4998142	400	200
-1.5136884	400	200
-1.5173234	400	200
-1.5357283	400	200
-1.5579384	400	200
-1.5393482	400	200
-1.4990326	400	200
-1.551393	400	200
-1.5591498	400	200
-1.4997265	400	200
-1.5028941	400	200
-1.4983908	400	200
-1.499433	400	200
-1.4915377	400	200
-1.4999723	400	200
-1.5379483	400	200
-1.5446448	400	200
-1.4998421	400	200
-1.4998556	400	200
-1.4990989	400	200
-1.5597998	400	200
-1.4990423	400	200
-1.498405	400	200
-1.5578028	400	200
-1.4992575	400	200
-1.499123	400	200
-1.4990528	400	200
-1.5320221	400	200
-1.5595164	400	200
-1.5222066	400	200
-1.5084345	400	200
-1.5544184	400	200
-1.5591516	400	200
-1.4954125	400	200
-1.4951489	400	200
-1.535067	400	200
-1.4996117	400	200
-1.4999205	400	200
-1.4996684	400	200
-1.4994468	400	200
-1.4961759	400	200
-1.5474678	400	200
-1.49937	400	200
-1.4990668	400	200
-1.5403143	400	200
-1.4988545	400	200
-1.4996306	400	200
-1.5340849	400	200
-1.5276401	400	200
-1.4984064	400	200
-1.525473	400	200
-1.4997764	400	200
-1.5177929	400	200
-1.4977982	400	200
-1.5001007	400	200
-1.4987675	400	200
-1.4977615	400	200
-1.4960549	400	200
-1.4978035	400	200
-1.5017687	400	200
-1.5094467	400	200
-1.4959167	400	200
-1.4983601	400	200
-1.4963803	400	200
-1.4989734	400	200
-1.549416	400	200
-1.4995926	400	200
-1.5178034	400	200
-1.5161085	400	200
-1.4995307	400	200
-1.5338575	400	200
-1.4990438	400	200
-1.5509324	400	200
-1.496283	400	200
-1.5451784	400	200
-1.4992218	400	200
-1.4989897	400	200
-1.4984265	400	200
-1.504173	400	200
-1.487423	400	200
-1.5425265	400	200
-1.5082238	400	200
-1.5394474	400	200
-1.4996869	400	200
-1.5189902	400	200
-1.4988111	400	200
-1.5137578	400	200
-1.5072239	400	200
-1.4985293	400	200
-1.5362317	400	200
-1.5313155	400	200
-1.5137212	400	200
-1.520709	400	200
-1.5231298	400	200
-1.4997223	400	200
-1.4981149	400	200
-1.5010322	400	200
-1.5001234	400	200
-1.4990512	400	200
-1.4997563	400	200
-1.5223175	400	200
-1.4918488	400	200
-1.5010397	400	200
-1.4984494	400	200
-1.4993062	400	200
-1.4999941	400	200
-1.4995291	400	200
-1.4997068	400	200
-1.5538287	400	200
-1.5487667	400	200
-1.4996395	400	200
-1.4976317	400	200
-1.5141018	400	200
-1.4996292	400	200
-1.5286398	400	200
-1.4997004	400	200
-1.5471995	400	200
-1.5055348	400	200
-1.4961569	400	200
-1.5466357	400	200
-1.4984731	400	200
-1.5411718	400	200
-1.5276817	400	200
-1.5505188	400	200
-1.4992969	400	200
-1.5553498	400	200
-1.4989913	400	200
-1.5339183	400	200
-1.4991048	400	200
-1.5401398	400	200
-1.5001663	400	200
-1.4997458	400	200
-1.5416398	400	200
-1.4998299	400	200
-1.4935374	400	200
-1.499486	400	200
-1.4993707	400	200
-1.4998817	400	200
-1.5407454	400	200
-1.4974136	400	200
-1.5163899	400	200
-1.4992128	400	200
-1.5036896	400	200
-1.4991537	400	200
-1.5498184	400	200
-1.4999631	400	200
-1.5397275	400	200
-1.5028904	400	200
-1.5488767	400	200
-1.5299139	400	200
-1.5302971	400	200
-1.5493643	400	200
-1.4988125	400	200
-1.5263241	400	200
-1.5446201	400	200
-1.5083997	400	200
-1.4997685	400	200
-1.4998382	400	200
-1.550285	400	200
-1.5350429	400	200
-1.4982926	400	200
-1.4997649	400	200
-1.5248131	400	200
-1.4973578	400	200
-1.5086881	400	200
-1.4998885	400	200
-1.5150326	400	200
-1.5510213	400	200
-1.4998161	400	200
-1.5266586	400	200
-1.4957517	400	200
-1.499483	400	200
-1.499976	400	200
-1.4951269	400	200
-1.4988024	400	200
-1.495452	400	200
-1.552212	400	200
-1.4989529	400	200
-1.499157	400	200
-1.5445561	400	200
-1.4999087	400	200
-1.5562298	400	200
-1.5302109	400	200
-1.5181274	400	200
-1.4982094	400	200
-1.5089978	400	200
-1.5058664	400	200
-1.5591313	400	200
-1.4929694	400	200
-1.4998052	400	200
-1.4986449	400	200
-1.5221239	400	200
-1.499726	400	200
-1.4985706	400	200
-1.4996988	400	200
-1.5102035	400	200
-1.4986795	400	200
-1.51557	400	200
-1.5001409	400	200
-1.5543422	400	200
-1.5134388	400	200
-1.4997215	400	200
-1.4952936	400	200
-1.5423537	400	200
-1.4988186	400	200
-1.4986762	400	200
-1.4992493	400	200
-1.4987841	400	200
-1.4996665	400	200
-1.4977019	400	200
-1.5431988	400	200
-1.5344139	400	200
-1.4895483	400	200
-1.4997502	400	200
-1.4997468	400	200
-1.4993765	400	200
-1.4980523	400	200
-1.4993525	400	200
-1.4978413	400	200
-1.4997864	400	200
-1.5462662	400	200
-1.5028612	400	200
-1.508643	400	200
-1.4996177	400	200
-1.4993267	400	200
-1.4998226	400	200
-1.5249094	400	200
-1.5266954	400	200
-1.5440991	400	200
-1.5588173	400	200
-1.4988487	400	200
-1.5136744	400	200
-1.4988615	400	200
-1.4995494	400	200
-1.5001365	400	200
-1.5327099	400	200
-1.4996405	400	200
-1.5411559	400	200
-1.4996081	400	200
-1.5100519	400	200
-1.4984952	400	200
-1.5463129	400	200
-1.5365871	400	200
-1.4959456	400	200
-1.5049695	400	200
-1.4994731	400	200
-1.4991077	400	200
-1.5449319	400	200
-1.4994314	400	200
-1.5470114	400	200
-1.5041393	400	200
-1.5072409	400	200
-1.4985852	400	200
-1.5110762	400	200
-1.4970899	400	200
-1.4968353	400	200
-1.5105194	400	200
-1.5215544	400	200
-1.4988221	400	200
-1.4936975	400	200
-1.5243701	400	200
-1.4999198	400	200
-1.5336422	400	200
-1.5256633	400	200
-1.4933908	400	200
-1.4999382	400	200
-1.5087453	400	200
-1.4997604	400	200
-1.4995726	400	200
-1.4971353	400	200
-1.4997886	400	200
-1.4978454	400	200
-1.4980602	400	200
-1.5300967	400	200
-1.5518602	400	200
-1.50062	400	200
-1.4998194	400	200
-1.4989914	400	200
-1.5125428	400	200
-1.5547944	400	200
-1.5421901	400	200
-1.4985321	400	200
-1.5339532	400	200
-1.5549482	400	200
-1.5168457	400	200
-1.4991804	400	200
-1.5327414	400	200
-1.4992245	400	200
-1.4985842	400	200
-1.5075709	400	200
-1.4923244	400	200
-1.4998283	400	200
-1.5299332	400	200
-1.499174	400	200
-1.4983309	400	200
-1.5429402	400	200
-1.5124188	400	200
-1.5393706	400	200
-1.4966732	400	200
-1.4987683	400	200
-1.496901	400	200
-1.4990018	400	200
-1.4961917	400	200
-1.5301876	400	200
-1.499765	400	200
-1.5234138	400	200
-1.5444	400	200
-1.5093863	400	200
-1.4945329	400	200
-1.4987785	400	200
-1.4979807	400	200
-1.5600715	400	200
-1.5074797	400	200
-1.4994479	400	200
-1.498738	400	200
-1.5573261	400	200
-1.5000174	400	200
-1.5051399	400	200
-1.4997872	400	200
-1.5089586	400	200
-1.5575068	400	200
-1.5605752	400	200
-1.4994965	400	200
-1.5136904	400	200
-1.5115957	400	200
-1.4961456	400	200
-1.4990144	400	200
-1.4998638	400	200
-1.4986393	400	200
-1.4995929	400	200
-1.4997695	400	200
-1.5412363	400	200
-1.4992964	400	200
-1.4969471	400	200
-1.5408812	400	200
-1.4994205	400	200
-1.523581	400	200
-1.4981643	400	200
-1.4995928	400	200
-1.4975138	400	200
-1.5372727	400	200
-1.5238049	400	200
-1.4985463	400	200
-1.4997347	400	200
-1.4927073	400	200
-1.5347581	400	200
-1.4993935	400	200
-1.5475554	400	200
-1.556234	400	200
-1.494456	400	200
-1.4991897	400	200
-1.5452218	400	200
-1.4994391	400	200
-1.4995206	400	200
-1.4986983	400	200
-1.4996673	400	200
-1.5351832	400	200
-1.5042396	400	200
-1.494643	400	200
-1.5409427	400	200
-1.498855	400	200
-1.4989588	400	200
-1.4993629	400	200
-1.4993208	400	200
-1.5387278	400	200
-1.4959115	400	200
-1.5486552	400	200
-1.5494897	400	200
-1.516958	400	200
-1.4999676	400	200
-1.4953539	400	200
-1.5437287	400	200
-1.4998533	400	200
-1.5464929	400	200
-1.5447486	400	200
-1.4994096	400	200
-1.4989549	400	200
-1.5038022	400	200
-1.4989031	400	200
-1.4966895	400	200
-1.5127918	400	200
-1.5056881	400	200
-1.4996888	400	200
-1.4999411	400	200
-1.5000865	400	200
-1.5444826	400	200
-1.4977749	400	200
-1.4978245	400	200
-1.5472783	400	200
-1.5069966	400	200
-1.5553583	400	200
-1.499133	400	200
-1.5004969	400	200
-1.49993	400	200
-1.5032276	400	200
-1.4970711	400	200
-1.5427602	400	200
-1.4989436	400	200
-1.4993082	400	200
-1.5211582	400	200
-1.4989224	400	200
-1.5044336	400	200
-1.5528747	400	200
-1.5516912	400	200
-1.4998216	400	200
-1.5276549	400	200
-1.4994288	400	200
-1.4979087	400	200
-1.5325766	400	200
-1.4980498	400	200
-1.5232842	400	200
-1.4981525	400	200
-1.5019128	400	200
-1.4996833	400	200
-1.4988835	400	200
-1.4994266	400	200
-1.4997768	400	200
-1.4990915	400	200
-1.5584238	400	200
-1.4993065	400	200
-1.498854	400	200
-1.4987892	400	200
-1.5110263	400	200
-1.5083132	400	200
-1.4885922	400	200
-1.4988641	400	200
-1.4991421	400	200
-1.5256748	400	200
-1.4982701	400	200
-1.4929917	400	200
-1.5175097	400	200
-1.4977378	400	200
-1.5483538	400	200
-1.4987684	400	200
-1.5489691	400	200
-1.5514541	400	200
-1.4985158	400	200
-1.4995286	400	200
-1.4996748	400	200
-1.4989899	400	200
-1.4984516	400	200
-1.538387	400	200
-1.4962189	400	200
-1.4995698	400	200
-1.5525125	400	200
-1.5373098	400	200
-1.5006474	400	200
-1.4995311	400	200
-1.4992629	400	200
-1.49931	400	200
-1.5102586	400	200
-1.4991968	400	200
-1.5113118	400	200
-1.5381092	400	200
-1.4995764	400	200
-1.5228285	400	200
-1.497604	400	200
-1.5003687	400	200
-1.5439994	400	200
-1.5579575	400	200
-1.4987856	400	200
-1.499343	400	200
-1.5596833	400	200
-1.4980516	400	200
-1.4998074	400	200
-1.5343935	400	200
-1.4999137	400	200
-1.51179	400	200
-1.4996163	400	200
-1.5406716	400	200
-1.4992495	400	200
-1.5552956	400	200
-1.4990388	400	200
-1.5116935	400	200
-1.4989662	400	200
-1.4973295	400	200
-1.499672	400	200
-1.555029	400	200
-1.5201883	400	200
-1.4995129	400	200
-1.4988177	400	200
-1.4988956	400	200
-1.4991316	400	200
-1.5607979	400	200
-1.5064887	400	200
-1.5443829	400	200
-1.5521211	400	200
-1.4987648	400	200
-1.5008952	400	200
-1.498675	400	200
-1.5130731	400	200
-1.4967356	400	200
-1.4997471	400	200
-1.5167378	400	200
-1.495453	400	200
-1.4967285	400	200
-1.4934463	400	200
-1.5230487	400	200
-1.4997867	400	200
-1.4994735	400	200
-1.4955407	400	200
-1.5177095	400	200
-1.5520798	400	200
-1.4992088	400	200
-1.5537808	400	200
-1.5523201	400	200
-1.4986083	400	200
-1.4989962	400	200
-1.4994566	400	200
-1.512286	400	200
-1.5147556	400	200
-1.4998774	400	200
-1.5293354	400	200
-1.4969392	400	200
-1.4995991	400	200
-1.5454076	400	200
-1.5354134	400	200
-1.4997539	400	200
-1.4958507	400	200
-1.5117228	400	200
-1.4991996	400	200
-1.4992662	400	200
-1.4994377	400	200
-1.4989356	400	200
-1.5254873	400	200
-1.4992743	400	200
-1.5065119	400	200
-1.5613108	400	200
-1.4978067	400	200
-1.4985564	400	200
-1.4989122	400	200
-1.4993236	400	200
-1.4999827	400	200
-1.4994673	400	200
-1.5092302	400	200
-1.4979439	400	200
-1.536932	400	200
-1.5537926	400	200
-1.55163	400	200
-1.5160643	400	200
-1.4987529	400	200
-1.5163317	400	200
-1.4985715	400	200
-1.4998449	400	200
-1.5489042	400	200
-1.4997271	400	200
-1.5223004	400	200
-1.4983885	400	200
-1.5440045	400	200
-1.4992692	400	200
-1.4931074	400	200
-1.515821	400	200
-1.5555568	400	200
-1.5071197	400	200
-1.5021974	400	200
-1.4986766	400	200
-1.4958219	400	200
-1.4996707	400	200
-1.5424745	400	200
-1.5545522	400	200
-1.5291343	400	200
-1.4994629	400	200
-1.4994239	400	200
-1.499409	400	200
-1.5043347	400	200
-1.5174082	400	200
-1.5530295	400	200
-1.5570193	400	200
-1.498581	400	200
-1.5559998	400	200
-1.4969819	400	200
-1.5113619	400	200
-1.4996749	400	200
-1.4915191	400	200
-1.4985852	400	200
-1.5118578	400	200
-1.4980227	400	200
-1.4994121	400	200
-1.5223591	400	200
-1.5301255	400	200
-1.5579396	400	200
-1.5362931	400	200
-1.4993645	400	200
-1.4996407	400	200
-1.5002213	400	200
-1.5319478	400	200
-1.5274685	400	200
-1.5018307	400	200
-1.4983641	400	200
-1.4998887	400	200
-1.521293	400	200
-1.5240588	400	200
-1.4949265	400	200
-1.4996591	400	200
-1.4995101	400	200
-1.5340857	400	200
-1.5001056	400	200
-1.5298638	400	200
-1.5353814	400	200
-1.5295087	400	200
-1.5451862	400	200
-1.4993991	400	200
-1.4993657	400	200
-1.5476845	400	200
-1.4991531	400	200
-1.493071	400	200
-1.5001128	400	200
-1.5314495	400	200
-1.4996812	400	200
-1.4989787	400	200
-1.5060648	400	200
-1.5396335	400	200
-1.55343	400	200
-1.5003251	400	200
-1.5550204	400	200
-1.49958	400	200
-1.5489202	400	200
-1.4997371	400	200
-1.4999353	400	200
-1.5452494	400	200
-1.4997461	400	200
-1.5032972	400	200
-1.4995546	400	200
-1.4998744	400	200
-1.493901	400	200
-1.54559	400	200
-1.5461554	400	200
-1.4991725	400	200
-1.4920562	400	200
-1.5033804	400	200
-1.5541265	400	200
-1.4989737	400	200
-1.5452374	400	200
-1.498101	400	200
-1.4999556	400	200
-1.5529975	400	200
-1.4985054	400	200
-1.5146519	400	200
-1.5175528	400	200
-1.4999827	400	200
-1.4998194	400	200
-1.5361783	400	200
-1.517041	400	200
-1.5117147	400	200
-1.5094883	400	200
-1.5155204	400	200
-1.5439317	400	200
-1.4991926	400	200
-1.4993933	400	200
-1.4995625	400	200
-1.5061808	400	200
-1.4999212	400	200
-1.5487319	400	200
-1.4996191	400	200
-1.5495071	400	200
-1.4991485	400	200
-1.5414909	400	200
-1.4913747	400	200
-1.5111336	400	200
-1.4996705	400	200
-1.4990412	400	200
-1.4991771	400	200
-1.4993622	400	200
-1.4987358	400	200
-1.5081661	400	200
-1.4933019	400	200
-1.4993317	400	200
-1.4972897	400	200
-1.5562995	400	200
-1.547889	400	200
-1.4990232	400	200
-1.4998222	400	200
-1.5604526	400	200
-1.5547636	400	200
-1.5343905	400	200
-1.4998779	400	200
-1.5536223	400	200
-1.4963026	400	200
-1.4979968	400	200
-1.4996143	400	200
-1.5001464	400	200
-1.4991602	400	200
-1.4998404	400	200
-1.4989821	400	200
-1.4944586	400	200
-1.4974805	400	200
-1.4992129	400	200
-1.4996677	400	200
-1.4921345	400	200
-1.4995819	400	200
-1.5083795	400	200
-1.5051996	400	200
-1.5584044	400	200
-1.5077637	400	200
-1.4961719	400	200
-1.5329219	400	200
-1.4993158	400	200
-1.5504953	400	200
-1.4953418	400	200
-1.498159	400	200
-1.5265756	400	200
-1.4995312	400	200
-1.4996457	400	200
-1.5571521	400	200
-1.5031054	400	200
-1.494051	400	200
-1.4987387	400	200
-1.4576971	400	200
-1.4992705	400	200
-1.5507717	400	200
-1.5167158	400	200
-1.4999312	400	200
-1.498552	400	200
-1.4991332	400	200
-1.500011	400	200
-1.4994097	400	200
-1.4992477	400	200
-1.5201307	400	200
-1.4990489	400	200
-1.5437336	400	200
-1.5131058	400	200
-1.5487436	400	200
-1.4997765	400	200
-1.5324382	400	200
-1.5144754	400	200
-1.4976289	400	200
-1.4993068	400	200
-1.4981833	400	200
-1.5510273	400	200
-1.499071	400	200
-1.5275718	400	200
-1.4871967	400	200
-1.5201001	400	200
-1.4997037	400	200
-1.4998611	400	200
-1.545415	400	200
-1.5201067	400	200
-1.4995044	400	200
-1.5000196	400	200
-1.554148	400	200
-1.5354837	400	200
-1.5217368	400	200
-1.5427452	400	200
-1.4978561	400	200
-1.4998491	400	200
-1.4997921	400	200
-1.5469981	400	200
-1.4993469	400	200
-1.4983987	400	200
-1.4986839	400	200
-1.4991651	400	200
-1.4994651	400	200
-1.4995613	400	200
-1.5498841	400	200
-1.5348536	400	200
-1.4993294	400	200
-1.5475984	400	200
-1.4992007	400	200
-1.5340752	400	200
-1.5588314	400	200
-1.5271461	400	200
-1.4989531	400	200
-1.4966629	400	200
-1.4998718	400	200
-1.5427636	400	200
-1.5488155	400	200
-1.5387664	400	200
-1.4996417	400	200
-1.5563583	400	200
-1.4998362	400	200
-1.5551093	400	200
-1.5093305	400	200
-1.4998186	400	200
-1.4928581	400	200
-1.4997328	400	200
-1.554038	400	200
-1.499784	400	200
-1.4998467	400	200
-1.5458389	400	200
-1.5454095	400	200
-1.5434931	400	200
-1.4995785	400	200
-1.4970377	400	200
-1.4995827	400	200
-1.4996442	400	200
-1.5089031	400	200
-1.5506161	400	200
-1.4975667	400	200
-1.4998523	400	200
-1.4999842	400	200
-1.560602	400	200
-1.499237	400	200
-1.4997126	400	200
-1.4996571	400	200
-1.4974516	400	200
-1.4990523	400	200
-1.4999889	400	200
-1.4994588	400	200
-1.4954356	400	200
-1.5419631	400	200
-1.5585766	400	200
-1.499873	400	200
-1.4991424	400	200
-1.5021785	400	200
-1.4994659	400	200
-1.5006341	400	200
-1.499912	400	200
-1.5441306	400	200
-1.5462381	400	200
-1.4994386	400	200
-1.4967877	400	200
-1.498665	400	200
-1.4982531	400	200
-1.5593606	400	200
-1.5078097	400	200
-1.54287	400	200
-1.4996897	400	200
-1.4930059	400	200
-1.4993965	400	200
-1.5073864	400	200
-1.5230774	400	200
-1.4981279	400	200
-1.4998858	400	200
-1.4984658	400	200
-1.5384678	400	200
-1.5607443	400	200
-1.5008382	400	200
-1.4988078	400	200
-1.4985881	400	200
-1.4958636	400	200
-1.5274445	400	200
-1.499698	400	200
-1.4997929	400	200
-1.5041076	400	200
-1.4988909	400	200
-1.4996821	400	200
-1.5211915	400	200
-1.5000047	400	200
-1.5577158	400	200
-1.4990211	400	200
-1.4934467	400	200
-1.4997385	400	200
-1.522481	400	200
-1.5360375	400	200
-1.4990622	400	200
-1.5182646	400	200
-1.4994315	400	200
-1.4997049	400	200
-1.4956993	400	200
-1.5543891	400	200
-1.5517035	400	200
-1.4990166	400	200
-1.4997951	400	200
-1.499686	400	200
-1.5478058	400	200
-1.497179	400	200
-1.5415368	400	200
-1.5510253	400	200
-1.4988791	400	200
-1.499745	400	200
-1.4975615	400	200
-1.4924468	400	200
-1.4984754	400	200
-1.4971279	400	200
-1.5502278	400	200
-1.4989265	400	200
-1.5492667	400	200
-1.5133165	400	200
-1.4905931	400	200
-1.5374526	400	200
-1.5184067	400	200
-1.4984012	400	200
-1.4997288	400	200
-1.4993477	400	200
-1.4996108	400	200
-1.5503104	400	200
-1.4993182	400	200
-1.4995186	400	200
-1.4983142	400	200
-1.4987222	400	200
-1.5163044	400	200
-1.4954551	400	200
-1.5543146	400	200
-1.5247298	400	200
-1.5000956	400	200
-1.5186758	400	200
-1.5000051	400	200
-1.496735	400	200
-1.4991873	400	200
-1.5422604	400	200
-1.5266425	400	200
-1.4993366	400	200
-1.4992705	400	200
-1.4950695	400	200
-1.4998323	400	200
-1.4997247	400	200
-1.5287153	400	200
-1.4988814	400	200
-1.5259399	400	200
-1.4991085	400	200
-1.4998992	400	200
-1.5015311	400	200
-0.191095	400	200
-1.4962487	400	200
-1.5002399	400	200
-1.5186444	400	200
-1.4960438	400	200
-1.5604291	400	200
-1.4994127	400	200
-1.5541193	400	200
-1.522501	400	200
-1.4983582	400	200
-1.5565453	400	200
-1.4997398	400	200
-1.4988537	400	200
-1.4996767	400	200
-1.498593	400	200
-1.4990432	400	200
-1.5270783	400	200
-1.4987755	400	200
-1.5070656	400	200
-1.4992883	400	200
-1.4991809	400	200
-1.4995174	400	200
-1.4986866	400	200
-1.5000115	400	200
-1.5413291	400	200
-1.4997409	400	200
-1.4940016	400	200
-1.5372157	400	200
-1.5435004	400	200
-1.4997662	400	200
-1.49798	400	200
-1.4981905	400	200
-1.4999043	400	200
-1.5122879	400	200
-1.5323586	400	200
-1.4996462	400	200
-1.5446385	400	200
-1.5043902	400	200
-1.5393447	400	200
-1.5319037	400	200
-1.4971408	400	200
-1.547341	400	200
-1.499962	400	200
-1.4981561	400	200
-1.5457997	400	200
-1.4946354	400	200
-1.515135	400	200
-1.4971481	400	200
-1.5191524	400	200
-1.5425276	400	200
-1.5407631	400	200
-1.5050485	400	200
-1.532426	400	200
-1.5152499	400	200
-1.5357696	400	200
-1.4968289	400	200
-1.5382147	400	200
-1.5323213	400	200
-1.4997652	400	200
-1.5523413	400	200
-1.5295521	400	200
-1.49816	400	200
-1.4992905	400	200
-1.4996748	400	200
-1.4969219	400	200
-1.4994083	400	200
-1.5132541	400	200
-1.5555261	400	200
-1.4992572	400	200
-1.548661	400	200
-1.4977711	400	200
-1.5571559	400	200
-1.497774	400	200
-1.4989666	400	200
-1.5516925	400	200
-1.4952575	400	200
-1.5467861	400	200
-1.5275933	400	200
-1.4952604	400	200
-1.4996309	400	200
-1.5236972	400	200
-1.4982616	400	200
-1.4999109	400	200
-1.5158895	400	200
-1.4983635	400	200
-1.4974814	400	200
-1.5104762	400	200
-1.5209273	400	200
-1.491927	400	200
-1.499884	400	200
-1.4996264	400	200
-1.5308563	400	200
-1.4977035	400	200
-1.5129182	400	200
-1.5428921	400	200
-1.4994639	400	200
-1.5206322	400	200
-1.4993784	400	200
-1.4999876	400	200
-1.5466363	400	200
-1.5415544	400	200
-1.4997487	400	200
-1.5105155	400	200
-1.5184439	400	200
-1.4952102	400	200
-1.49973	400	200
-1.50376	400	200
-1.50756	400	200
-1.4994867	400	200
-1.4985313	400	200
-1.4999866	400	200
-1.499659	400	200
-1.4990439	400	200
-1.5200983	400	200
-1.4992734	400	200
-1.4988959	400	200
-1.5238529	400	200
-1.4992774	400	200
-1.499865	400	200
-1.4983631	400	200
-1.4961804	400	200
-1.5001571	400	200
-1.4851995	400	200
-1.4992006	400	200
-1.5558081	400	200
-1.4990253	400	200
-1.5016313	400	200
-1.5453995	400	200
-1.4926875	400	200
-1.5408735	400	200
-1.4973497	400	200
-1.5214805	400	200
-1.498177	400	200
-1.4913238	400	200
-1.4953924	400	200
-1.4993661	400	200
-1.4970141	400	200
-1.5154097	400	200
-1.495134	400	200
-1.5284828	400	200
-1.499657	400	200
-1.5424488	400	200
-1.5460092	400	200
-1.5616212	400	200
-1.5035374	400	200
-1.497177	400	200
-1.526756	400	200
-1.498837	400	200
-1.4992316	400	200
-1.5242488	400	200
-1.4996273	400	200
-1.4977477	400	200
-1.4991837	400	200
-1.4995464	400	200
-1.4994368	400	200
-1.499197	400	200
-1.4992916	400	200
-1.5274525	400	200
-1.4976387	400	200
-1.5557835	400	200
-1.5547804	400	200
-1.4959809	400	200
-1.4921883	400	200
-1.5089479	400	200
-1.5021831	400	200
-1.49917	400	200
-1.5553315	400	200
-1.5318997	400	200
-1.5574248	400	200
-1.4969245	400	200
-1.4989937	400	200
-1.4988845	400	200
-1.4991779	400	200
-1.5427291	400	200
-1.5421512	400	200
-1.4974861	400	200
-1.5421278	400	200
-1.4984976	400	200
-1.4911191	400	200
-1.4990098	400	200
-1.4986441	400	200
-1.4992382	400	200
-1.5520723	400	200
-1.4989222	400	200
-1.517306	400	200
-1.5332479	400	200
-1.4807631	400	200
-1.500839	400	200
-1.5576308	400	200
-1.5038055	400	200
-1.4985164	400	200
-1.5201072	400	200
-1.5007556	400	200
-1.4992343	400	200
-1.5508029	400	200
-1.4983603	400	200
-1.5034499	400	200
-1.4988572	400	200
-1.4978193	400	200
-1.5044175	400	200
-1.4986703	400	200
-1.4990336	400	200
-1.5167371	400	200
-1.5034567	400	200
-1.4997009	400	200
-1.5021778	400	200
-1.5530803	400	200
-1.4991843	400	200
-1.5386593	400	200
-1.5583446	400	200
-1.5573423	400	200
-1.5191495	400	200
-1.4995079	400	200
-1.4997241	400	200
-1.5352969	400	200
-1.5436508	400	200
-1.4995141	400	200
-1.4987435	400	200
-1.4973081	400	200
-1.5602941	400	200
-1.5001202	400	200
-1.4999398	400	200
-1.4974657	400	200
-1.5273385	400	200
-1.5421877	400	200
-1.4994595	400	200
-1.498156	400	200
-1.4999726	400	200
-1.4989062	400	200
-1.5000104	400	200
-1.4993184	400	200
-1.4957642	400	200
-1.5394957	400	200
-1.4989333	400	200
-1.5000545	400	200
-1.5167279	400	200
-1.4994729	400	200
-1.5603094	400	200
-1.4959792	400	200
-1.5269042	400	200
-1.5494106	400	200
-1.5245577	400	200
-1.4994496	400	200
-1.4981479	400	200
-1.5594824	400	200
-1.5356965	400	200
-1.5388768	400	200
-1.4984198	400	200
-1.4997118	400	200
-1.4975573	400	200
-1.5020725	400	200
-1.4996767	400	200
-1.4984529	400	200
-1.4979643	400	200
-1.5533546	400	200
-1.5354696	400	200
-1.5172545	400	200
-1.5333875	400	200
-1.4996945	400	200
-1.5386146	400	200
-1.4988461	400	200
-1.5411833	400	200
-1.4986007	400	200
-1.4984824	400	200
-1.4921943	400	200
-1.4984645	400	200
-1.4973277	400	200
-1.5440953	400	200
-1.5146847	400	200
-1.4999361	400	200
-1.4999314	400	200
-1.4957861	400	200
-1.5526876	400	200
-1.4993369	400	200
-1.5041808	400	200
-1.498171	400	200
-1.5000754	400	200
-1.5470996	400	200
-1.4990139	400	200
-1.4990026	400	200
-1.4937502	400	200
-1.5394788	400	200
-1.4966847	400	200
-1.5243179	400	200
-1.4945994	400	200
-1.5610446	400	200
-1.5026555	400	200
-1.498444	400	200
-1.4988348	400	200
-1.4954662	400	200
-1.4995128	400	200
-1.5212115	400	200
-1.4965559	400	200
-1.4979883	400	200
-1.4989443	400	200
-1.5588981	400	200
-1.5120911	400	200
-1.4984739	400	200
-1.4984812	400	200
-1.4994441	400	200
-1.511845	400	200
-1.4990235	400	200
-1.498767	400	200
-1.499551	400	200
-1.5248501	400	200
-1.5257558	400	200
-1.4990028	400	200
-1.532097	400	200
-1.497747	400	200
-1.5512531	400	200
-1.4998111	400	200
-1.536338	400	200
-1.5001648	400	200
-1.4992618	400	200
-1.5421045	400	200
-1.4878523	400	200
-1.4999894	400	200
-1.4998232	400	200
-1.5379398	400	200
-1.4978523	400	200
-1.4995263	400	200
-1.4989733	400	200
-1.4992701	400	200
-1.5538318	400	200
-1.4991555	400	200
-1.4997118	400	200
-1.499623	400	200
-1.4911132	400	200
-1.4984798	400	200
-1.5052776	400	200
-1.4999478	400	200
-1.5587993	400	200
-1.4997758	400	200
-1.4990042	400	200
-1.4994951	400	200
-1.4988023	400	200
-1.4995928	400	200
-1.5205725	400	200
-1.4997607	400	200
-1.513925	400	200
-1.5567546	400	200
-1.4998443	400	200
-1.5345508	400	200
-1.5133809	400	200
-1.4994896	400	200
-1.4935532	400	200
-1.4990189	400	200
-1.4990856	400	200
-1.4986815	400	200
-1.499334	400	200
-1.4988688	400	200
-1.5593908	400	200
-1.497672	400	200
-1.4983487	400	200
-1.4984378	400	200
-1.4980786	400	200
-1.4986057	400	200
-1.547773	400	200
-1.5147673	400	200
-1.4954937	400	200
-1.4992776	400	200
-1.5537699	400	200
-1.5523736	400	200
-1.4900699	400	200
-1.5074911	400	200
-1.4991906	400	200
-1.4912091	400	200
-1.5598785	400	200
-1.5136564	400	200
-1.5540332	400	200
-1.498729	400	200
-1.49401	400	200
-1.4992057	400	200
-1.5250083	400	200
-1.4992084	400	200
-1.5267512	400	200
-1.5419609	400	200
-1.4989097	400	200
-1.5106936	400	200
-1.5595939	400	200
-1.5403393	400	200
-1.497851	400	200
-1.5300629	400	200
-1.4991461	400	200
-1.5398067	400	200
-1.4999591	400	200
-1.509031	400	200
-1.5425302	400	200
-1.5167032	400	200
-1.5503942	400	200
-1.4991863	400	200
-1.5103771	400	200
-1.4990667	400	200
-1.499518	400	200
-1.4920306	400	200
-1.526861	400	200
-1.5480462	400	200
-1.5477656	400	200
-1.5150474	400	200
-1.4992737	400	200
-1.4991906	400	200
-1.4984349	400	200
-1.5347886	400	200
-1.5376349	400	200
-1.4997587	400	200
-1.4996955	400	200
-1.4988029	400	200
-1.5104033	400	200
-1.5217349	400	200
-1.4972806	400	200
-1.4993175	400	200
-1.4997533	400	200
-1.5287052	400	200
-1.5010972	400	200
-1.5177803	400	200
-1.5000811	400	200
-1.4988487	400	200
-1.531281	400	200
-1.5029186	400	200
-1.4990408	400	200
-1.4991271	400	200
-1.5457823	400	200
-1.5000042	400	200
-1.5353986	400	200
-1.5385534	400	200
-1.5523505	400	200
-1.4997454	400	200
-1.5003169	400	200
-1.5441336	400	200
-1.4987287	400	200
-1.5503348	400	200
-1.5454613	400	200
-1.5526811	400	200
-1.5132368	400	200
-1.5461508	400	200
-1.557032	400	200
-1.4987426	400	200
-1.5473892	400	200
-1.5487799	400	200
-1.5300134	400	200
-1.4988533	400	200
-1.499167	400	200
-1.5253712	400	200
-1.4996908	400	200
-1.4997765	400	200
-1.5302885	400	200
-1.5409089	400	200
-1.5408783	400	200
-1.5404187	400	200
-1.4980421	400	200
-1.5255813	400	200
-1.4994471	400	200
-1.4994297	400	200
-1.4989959	400	200
-1.5534795	400	200
-1.5538617	400	200
-1.4986944	400	200
-1.5358036	400	200
-1.4991285	400	200
-1.4976943	400	200
-1.4988784	400	200
-1.5489335	400	200
-1.54554	400	200
-1.5573891	400	200
-1.4973994	400	200
-1.5338154	400	200
-1.4987951	400	200
-1.4999685	400	200
-1.5000932	400	200
-1.4999444	400	200
-1.4978267	400	200
-1.5602007	400	200
-1.4993078	400	200
-1.5533744	400	200
-1.5007986	400	200
-1.4985048	400	200
-1.5492609	400	200
-1.4995068	400	200
-1.5452101	400	200
-1.4989137	400	200
-1.5501091	400	200
-1.5323104	400	200
-1.5576859	400	200
-1.5409347	400	200
-1.536886	400	200
-1.5020621	400	200
-1.4956406	400	200
-1.4997572	400	200
-1.5285396	400	200
-1.5280018	400	200
-1.5594831	400	200
-1.4978801	400	200
-1.4989716	400	200
-1.5315636	400	200
-1.4989897	400	200
-1.4999244	400	200
-1.4977149	400	200
-1.4999003	400	200
-1.500018	400	200
-1.498892	400	200
-1.5336825	400	200
-1.4996876	400	200
-1.4996901	400	200
-1.5474156	400	200
-1.5174829	400	200
-1.5034728	400	200
-1.5038737	400	200
-1.4991355	400	200
-1.5145518	400	200
-1.5341157	400	200
-1.5032425	400	200
-1.5273684	400	200
-1.5586542	400	200
-1.4990908	400	200
-1.5136301	400	200
-1.4985474	400	200
-1.4995538	400	200
-1.4987522	400	200
-1.4963948	400	200
-1.4995197	400	200
-1.5432652	400	200
-1.4993835	400	200
-1.4897011	400	200
-1.4981461	400	200
-1.4990511	400	200
-1.5001573	400	200
-1.4992183	400	200
-1.4994604	400	200
-1.4989784	400	200
-1.5521818	400	200
-1.5466748	400	200
-1.4993027	400	200
-1.4955051	400	200
-1.493689	400	200
-1.4997894	400	200
-1.5453037	400	200
-1.5141101	400	200
-1.4984037	400	200
-1.5225851	400	200
-1.4986911	400	200
-1.499478	400	200
-1.4991309	400	200
-1.5377378	400	200
-1.4979799	400	200
-1.508583	400	200
-1.4945134	400	200
-1.4984851	400	200
-1.4968868	400	200
-1.4949421	400	200
-1.4991919	400	200
-1.4987539	400	200
-1.5544045	400	200
-1.513235	400	200
-1.5359099	400	200
-1.4999614	400	200
-1.5190615	400	200
-1.4996619	400	200
-1.4992811	400	200
-1.4994833	400	200
-1.5259337	400	200
-1.4966911	400	200
-1.5065762	400	200
-1.499972	400	200
-1.4931222	400	200
-1.4991166	400	200
-1.4996845	400	200
-1.4995633	400	200
-1.4943777	400	200
-1.5430377	400	200
-1.5154216	400	200
-1.4981558	400	200
-1.498386	400	200
-1.4965921	400	200
-1.4972025	400	200
-1.5570093	400	200
-1.4983048	400	200
-1.5292783	400	200
-1.5255408	400	200
-1.4996584	400	200
-1.4993086	400	200
-1.498551	400	200
-1.5169705	400	200
-1.4995418	400	200
-1.5326803	400	200
-1.4963726	400	200
-1.5550486	400	200
-1.4962561	400	200
-1.5357544	400	200
-1.5031557	400	200
-1.5329038	400	200
-1.499655	400	200
-1.4993151	400	200
-1.4975345	400	200
-1.498927	400	200
-1.4994892	400	200
-1.4988968	400	200
-1.4982656	400	200
-1.5601794	400	200
-1.4996602	400	200
-1.4999623	400	200
-1.4995492	400	200
-1.5484447	400	200
-1.498797	400	200
-1.4870114	400	200
-1.5508891	400	200
-1.5558198	400	200
-1.4978402	400	200
-1.5530577	400	200
-1.5516331	400	200
-1.5407519	400	200
-1.5001238	400	200
-1.5110901	400	200
-1.5510337	400	200
-1.4997354	400	200
-1.4996031	400	200
-1.5008133	400	200
-1.4995813	400	200
-1.5098452	400	200
-1.4995766	400	200
-1.4989986	400	200
-1.5505204	400	200
-1.4997824	400	200
-1.5449018	400	200
-1.5483732	400	200
-1.5561042	400	200
-1.5540807	400	200
-1.4984518	400	200
-1.5188502	400	200
-1.558508	400	200
-1.5007765	400	200
-1.5339374	400	200
-1.4996813	400	200
-1.5540026	400	200
-1.5463329	400	200
-1.5001678	400	200
-1.497539	400	200
-1.4996318	400	200
-1.4995837	400	200
-1.5122296	400	200
-1.5597138	400	200
-1.5109946	400	200
-1.5164331	400	200
-1.4998205	400	200
-1.5366324	400	200
-1.5268393	400	200
-1.5542223	400	200
-1.4994339	400	200
-1.5216522	400	200
-1.5603372	400	200
-1.4977665	400	200
-1.5088353	400	200
-1.5200355	400	200
-1.4990652	400	200
-1.5520001	400	200
-1.5309987	400	200
-1.4983497	400	200
-1.4981737	400	200
-1.4997739	400	200
-1.5539168	400	200
-1.5017877	400	200
-1.4982892	400	200
-1.4963113	400	200
-1.4987328	400	200
-1.5608636	400	200
-1.4988751	400	200
-1.5510449	400	200
-1.4975709	400	200
-1.5327499	400	200
-1.5236891	400	200
-1.5515365	400	200
-1.5322945	400	200
-1.4998479	400	200
-1.5409708	400	200
-1.5487383	400	200
-1.4986869	400	200
-1.4995757	400	200
-1.5327145	400	200
-1.4982555	400	200
-1.4997609	400	200
-1.4957318	400	200
-1.5534732	400	200
-1.5371084	400	200
-1.5563186	400	200
-1.4992675	400	200
-1.5377942	400	200
-1.4994522	400	200
-1.558808	400	200
-1.4982269	400	200
-1.5421865	400	200
-1.5484264	400	200
-1.5135591	400	200
-1.4987857	400	200
-1.5379228	400	200
-1.5475105	400	200
-1.5109274	400	200
-1.4966077	400	200
-1.4989172	400	200
-1.4991582	400	200
-1.5557614	400	200
-1.4951432	400	200
-1.4988217	400	200
-1.5593933	400	200
-1.5170666	400	200
-1.4989727	400	200
-1.4992499	400	200
-1.5523592	400	200
-1.5028333	400	200
-1.497926	400	200
-1.503182	400	200
-1.4990728	400	200
-1.4995415	400	200
-1.4989183	400	200
-1.5482329	400	200
-1.4996292	400	200
-1.4991812	400	200
-1.5312308	400	200
-1.4971355	400	200
-1.4997558	400	200
-1.4910091	400	200
-1.4987557	400	200
-1.5022217	400	200
-1.4948062	400	200
-1.5132397	400	200
-1.5036058	400	200
-1.4986751	400	200
-1.4999201	400	200
-1.5396028	400	200
-1.5002044	400	200
-1.491924	400	200
-1.4992825	400	200
-1.5063465	400	200
-1.5590549	400	200
-1.5000273	400	200
-1.4916124	400	200
-1.499555	400	200
-1.5008815	400	200
-1.538062	400	200
-1.4994195	400	200
-1.494733	400	200
-1.4994031	400	200
-1.5018	400	200
-1.4992986	400	200
-1.5378191	400	200
-1.4992763	400	200
-1.505778	400	200
-1.4989685	400	200
-1.4937639	400	200
-1.5429231	400	200
-1.4966459	400	200
-1.4997675	400	200
-1.5079774	400	200
-1.4994406	400	200
-1.4983958	400	200
-1.499382	400	200
-1.5016075	400	200
-1.5594962	400	200
-1.5021044	400	200
-1.499463	400	200
-1.4961443	400	200
-1.4831637	400	200
-1.4995859	400	200
-1.5463052	400	200
-1.5008704	400	200
-1.4997599	400	200
-1.5575313	400	200
-1.4996531	400	200
-1.5130337	400	200
-1.5169589	400	200
-1.5554622	400	200
-1.503804	400	200
-1.4996937	400	200
-1.522131	400	200
-1.4995786	400	200
-1.4989032	400	200
-1.5573931	400	200
-1.5229739	400	200
-1.540139	400	200
-1.5016462	400	200
-1.5116854	400	200
-1.5282314	400	200
-1.4953583	400	200
-1.4991357	400	200
-1.4986764	400	200
-1.4994998	400	200
-1.4992932	400	200
-1.4966858	400	200
-1.5362469	400	200
-1.5321382	400	200
-1.4974635	400	200
-1.4987722	400	200
-1.4988164	400	200
-1.4993154	400	200
-1.4995883	400	200
-1.4997679	400	200
-1.4986751	400	200
-1.5063107	400	200
-1.5278138	400	200
-1.541856	400	200
-1.523744	400	200
-1.4991406	400	200
-1.5414015	400	200
-1.510597	400	200
-1.545281	400	200
-1.549372	400	200
-1.5589068	400	200
-1.4990475	400	200
-1.4988421	400	200
-1.5532065	400	200
-1.5475749	400	200
-1.5270858	400	200
-1.5383698	400	200
-1.4998822	400	200
-1.5244946	400	200
-1.557859	400	200
-1.5536048	400	200
-1.5050034	400	200
-1.558217	400	200
-1.5406375	400	200
-1.5520598	400	200
-1.5018619	400	200
-1.4996362	400	200
-1.5606432	400	200
-1.5443168	400	200
-1.497542	400	200
-1.5142116	400	200
-1.4980639	400	200
-1.4914683	400	200
-1.4936337	400	200
-1.5434593	400	200
-1.4990228	400	200
-1.5155863	400	200
-1.550588	400	200
-1.5606053	400	200
-1.4996263	400	200
-1.5330666	400	200
-1.4995214	400	200
-1.497899	400	200
-1.4989993	400	200
-1.4997241	400	200
-1.5513246	400	200
-1.4974551	400	200
-1.4988029	400	200
-1.4991445	400	200
-1.5222868	400	200
-1.4976719	400	200
-1.5325261	400	200
-1.4993922	400	200
-1.5469023	400	200
-1.5170999	400	200
-1.4988201	400	200
-1.520599	400	200
-1.4995827	400	200
-1.4995157	400	200
-1.4962799	400	200
-1.5512438	400	200
-1.4991181	400	200
-1.5582463	400	200
-1.4985401	400	200
-1.4998447	400	200
-1.5578253	400	200
-1.499075	400	200
-1.4997815	400	200
-1.4995922	400	200
-1.5498807	400	200
-1.5401061	400	200
-1.4897204	400	200
-1.4996137	400	200
-1.5250101	400	200
-1.5489905	400	200
-1.4998288	400	200
-1.5222146	400	200
-1.5612428	400	200
-1.4984658	400	200
-1.5047888	400	200
-1.4987303	400	200
-1.5001241	400	200
-1.4968759	400	200
-1.4989054	400	200
-1.4989213	400	200
-1.5438644	400	200
-1.4979616	400	200
-1.4998438	400	200
-1.4907331	400	200
-1.4985244	400	200
-1.5607494	400	200
-1.5320031	400	200
-1.5339267	400	200
-1.4976292	400	200
-1.5360771	400	200
-1.4983763	400	200
-1.4995907	400	200
-1.5583931	400	200
-1.4973557	400	200
-1.5093099	400	200
-1.4980746	400	200
-1.4994232	400	200
-1.4986288	400	200
-1.5344584	400	200
-1.5403194	400	200
-1.5201125	400	200
-1.5407264	400	200
-1.4961158	400	200
-1.5332036	400	200
-1.4989965	400	200
-1.4970908	400	200
-1.553494	400	200
-1.4989062	400	200
-1.4998512	400	200
-1.5306306	400	200
-1.4987194	400	200
-1.4992387	400	200
-1.5250879	400	200
-1.4990747	400	200
-1.5425314	400	200
-1.4999135	400	200
-1.5039148	400	200
-1.4960933	400	200
-1.4982158	400	200
-1.5194964	400	200
-1.5263401	400	200
-1.5504957	400	200
-1.5264587	400	200
-1.5124402	400	200
-1.4910666	400	200
-1.4997126	400	200
-1.5020097	400	200
-1.4977726	400	200
-1.4999952	400	200
-1.4997087	400	200
-1.4985668	400	200
-1.4996537	400	200
-1.5578569	400	200
-1.5025127	400	200
-1.4988061	400	200
-1.498814	400	200
-1.4979194	400	200
-1.5397227	400	200
-1.498575	400	200
-1.49346	400	200
-1.509763	400	200
-1.5139411	400	200
-1.501952	400	200
-1.4997222	400	200
-1.5017509	400	200
-1.4988426	400	200
-1.5001518	400	200
-1.4996763	400	200
-1.4986358	400	200
-1.4991574	400	200
-1.5197183	400	200
-1.4896584	400	200
-1.5264185	400	200
-1.5221663	400	200
-1.5004718	400	200
-1.5337139	400	200
-1.4994853	400	200
-1.4966623	400	200
-1.4987392	400	200
-1.499383	400	200
-1.500823	400	200
-1.4982042	400	200
-1.4888171	400	200
-1.4991605	400	200
-1.5295196	400	200
-1.560438	400	200
-1.4996997	400	200
-1.4973451	400	200
-1.489967	400	200
-1.5065552	400	200
-1.4998368	400	200
-1.4987648	400	200
-1.5592043	400	200
-1.499798	400	200
-1.5389897	400	200
-1.4986656	400	200
-1.4997493	400	200
-1.497871	400	200
-1.4990257	400	200
-1.5390566	400	200
-1.4985587	400	200
-1.542902	400	200
-1.4989462	400	200
-1.5578606	400	200
-1.5575879	400	200
-1.5137059	400	200
-1.5356344	400	200
-1.5277889	400	200
-1.4991748	400	200
-1.4997562	400	200
-1.4948494	400	200
-1.4992976	400	200
-1.4998762	400	200
-1.5001243	400	200
-1.4990054	400	200
-1.5566069	400	200
-1.4988774	400	200
-1.4993402	400	200
-1.5023559	400	200
-1.4995103	400	200
-1.4998114	400	200
-1.4992224	400	200
-1.498816	400	200
-1.5540865	400	200
-1.5559618	400	200
-1.4999863	400	200
-1.4996777	400	200
-1.4995423	400	200
-1.4989131	400	200
-1.4997502	400	200
-1.5395534	400	200
-1.4996552	400	200
-1.4995391	400	200
-1.4985861	400	200
-1.493078	400	200
-1.4996516	400	200
-1.5204866	400	200
-1.4998683	400	200
-1.4912957	400	200
-1.5012534	400	200
-1.5549096	400	200
-1.537029	400	200
-1.498807	400	200
-1.4993491	400	200
-1.5548524	400	200
-1.4992317	400	200
-1.5511083	400	200
-1.5356058	400	200
-1.537718	400	200
-1.5473434	400	200
-1.5516054	400	200
-1.499043	400	200
-1.5051041	400	200
-1.5004738	400	200
-1.5080382	400	200
-1.5003791	400	200
-1.5576352	400	200
-1.5502151	400	200
-1.5237254	400	200
-1.4976321	400	200
-1.5000029	400	200
-1.5000119	400	200
-1.5197518	400	200
-1.4985994	400	200
-1.5226737	400	200
-1.4984349	400	200
-1.5419498	400	200
-1.4980703	400	200
-1.5327526	400	200
-1.4989025	400	200
-1.499445	400	200
-1.5510978	400	200
-1.5001618	400	200
-1.5107767	400	200
-1.4989045	400	200
-1.4914433	400	200
-1.4974877	400	200
-1.5001276	400	200
-1.4994553	400	200
-1.4992915	400	200
-1.499181	400	200
-1.4994	400	200
-1.5000692	400	200
-1.5528045	400	200
-1.501424	400	200
-1.5389218	400	200
-1.499554	400	200
-1.5000011	400	200
-1.5164159	400	200
-1.5391276	400	200
-1.4971633	400	200
-1.4994352	400	200
-1.5339672	400	200
-1.4956869	400	200
-1.4989005	400	200
-1.4983962	400	200
-1.4993162	400	200
-1.5575	400	200
-1.5331247	400	200
-1.5123135	400	200
-1.5416647	400	200
-1.4996104	400	200
-1.5254993	400	200
-1.5414763	400	200
-1.5456731	400	200
-1.4993856	400	200
-1.4997156	400	200
-1.5025709	400	200
-1.5247923	400	200
-1.5457871	400	200
-1.5208194	400	200
-1.5515468	400	200
-1.5214306	400	200
-1.537805	400	200
-1.5021453	400	200
-1.5000273	400	200
-1.5221016	400	200
-1.5532977	400	200
-1.502201	400	200
-1.4988424	400	200
-1.4994491	400	200
-1.4997276	400	200
-1.5586051	400	200
-1.5393501	400	200
-1.4993757	400	200
-1.4988971	400	200
-1.5028506	400	200
-1.5576523	400	200
-1.4987768	400	200
-1.5000929	400	200
-1.5449716	400	200
-1.5500574	400	200
-1.4989268	400	200
-1.4951235	400	200
-1.5539445	400	200
-1.5441762	400	200
-1.4983589	400	200
-1.5093198	400	200
-1.5457795	400	200
-1.4987596	400	200
-1.5128538	400	200
-1.4994252	400	200
-1.499144	400	200
-1.4983884	400	200
-1.4998789	400	200
-1.504846	400	200
-1.5019027	400	200
-1.499055	400	200
-1.4994898	400	200
-1.4982598	400	200
-1.510649	400	200
-1.5423842	400	200
-1.5173288	400	200
-1.5361268	400	200
-1.499653	400	200
-1.4992202	400	200
-1.4994009	400	200
-1.4992706	400	200
-1.4994067	400	200
-1.5457188	400	200
-1.5349313	400	200
-1.4997306	400	200
-1.4992484	400	200
-1.4980166	400	200
-1.4989844	400	200
-1.5393495	400	200
-1.4999572	400	200
-1.5121271	400	200
-1.5570036	400	200
-1.5536435	400	200
-1.5197404	400	200
-1.4991626	400	200
-1.4996909	400	200
-1.5421258	400	200
-1.4985693	400	200
-1.4996742	400	200
-1.4938588	400	200
-1.4996699	400	200
-1.5003329	400	200
-1.4993929	400	200
-1.49541	400	200
-1.5010272	400	200
-1.5301127	400	200
-1.4993691	400	200
-1.4970703	400	200
-1.5295405	400	200
-1.5356028	400	200
-1.501669	400	200
-1.4985706	400	200
-1.4973697	400	200
-1.5427351	400	200
-1.5002578	400	200
-1.5504664	400	200
-1.512228	400	200
-1.5396336	400	200
-1.4993937	400	200
-1.4983938	400	200
-1.4999029	400	200
-1.4996705	400	200
-1.5000226	400	200
-1.4996585	400	200
-1.5368854	400	200
-1.5147314	400	200
-1.5000397	400	200
-1.5142631	400	200
-1.4981322	400	200
-1.4970247	400	200
-1.4996646	400	200
-1.4979767	400	200
-1.513151	400	200
-1.4996896	400	200
-1.4988686	400	200
-1.5043621	400	200
-1.5319788	400	200
-1.5538086	400	200
-1.5606182	400	200
-1.5181953	400	200
-1.5094832	400	200
-1.4966441	400	200
-1.4988648	400	200
-1.5455811	400	200
-1.4989871	400	200
-1.5553889	400	200
-1.5562753	400	200
-1.4989239	400	200
-1.4991121	400	200
-1.5187668	400	200
-1.4968651	400	200
-1.4982407	400	200
-1.4981227	400	200
-1.4975496	400	200
-1.5592058	400	200
-1.4992754	400	200
-1.5395657	400	200
-1.5174318	400	200
-1.5538227	400	200
-1.5064432	400	200
-1.5536146	400	200
-1.4980721	400	200
-1.4951679	400	200
-1.5283385	400	200
-1.4978145	400	200
-1.5130541	400	200
-1.4988607	400	200
-1.5000612	400	200
-1.498719	400	200
-1.5000624	400	200
-1.4998531	400	200
-1.5293697	400	200
-1.499711	400	200
-1.4998786	400	200
1.4728367	400	200
-1.5092176	400	200
-1.4915366	400	200
-1.4983127	400	200
-1.5171559	400	200
-1.4991263	400	200
-1.4988345	400	200
-1.5012657	400	200
-1.4979952	400	200
-1.4976468	400	200
-1.4987163	400	200
-1.4962126	400	200
-1.4995746	400	200
-1.547245	400	200
-1.4994121	400	200
-1.5286664	400	200
-1.5557775	400	200
-1.521956	400	200
-1.4990261	400	200
-1.4989609	400	200
-1.4972213	400	200
-1.4907499	400	200
-1.5135239	400	200
-1.4892878	400	200
-1.499633	400	200
-1.5362207	400	200
-1.5092519	400	200
-1.4997928	400	200
-1.5393046	400	200
-1.4987326	400	200
-1.5058275	400	200
-1.4987491	400	200
-1.5206918	400	200
-1.5380494	400	200
-1.5488515	400	200
-1.5603341	400	200
-1.5499025	400	200
-1.5406207	400	200
-1.5222055	400	200
-1.5416717	400	200
-1.4995566	400	200
-1.4984738	400	200
-1.4993206	400	200
-1.499601	400	200
-1.4996931	400	200
-1.5137172	400	200
-1.4995266	400	200
-1.5212763	400	200
-1.557684	400	200
-1.497578	400	200
-1.4995394	400	200
-1.4994908	400	200
-1.5329978	400	200
-1.5392834	400	200
-1.5272844	400	200
-1.5101903	400	200
-1.4983735	400	200
-1.5289557	400	200
-1.4994136	400	200
-1.548655	400	200
-1.4992388	400	200
-1.4994675	400	200
-1.4994564	400	200
-1.4992554	400	200
-1.5559019	400	200
-1.526307	400	200
-1.5425546	400	200
-1.5559228	400	200
-1.4996599	400	200
-1.5578664	400	200
-1.4992525	400	200
-1.5432198	400	200
-1.4980673	400	200
-1.4993714	400	200
-1.5028177	400	200
-1.5567466	400	200
-1.5370393	400	200
-1.5425988	400	200
-1.5391369	400	200
-1.4935633	400	200
-1.4989452	400	200
-1.4995966	400	200
-1.5156883	400	200
-1.5465447	400	200
-1.5471517	400	200
-1.4981736	400	200
-1.5546088	400	200
-1.4983924	400	200
-1.5005871	400	200
-1.5065664	400	200
-1.4968267	400	200
-1.4985949	400	200
-1.5007817	400	200
-1.50004	400	200
-1.5428792	400	200
-1.5413027	400	200
-1.556728	400	200
-1.4940618	400	200
-1.4981969	400	200
-1.4997733	400	200
-1.4936094	400	200
-1.4988654	400	200
-1.5202742	400	200
-1.4998803	400	200
-1.4997837	400	200
-1.5007337	400	200
-1.5380996	400	200
-1.5104893	400	200
-1.5553158	400	200
-1.4980284	400	200
-1.4981573	400	200
-1.4967926	400	200
-1.4989085	400	200
-1.4991211	400	200
-1.4994716	400	200
-1.5532551	400	200
-1.5022771	400	200
-1.5223631	400	200
-1.4884987	400	200
-1.4996666	400	200
-1.501039	400	200
-1.4995356	400	200
-1.4983704	400	200
-1.4965419	400	200
-1.5354119	400	200
-1.4984518	400	200
-1.5530821	400	200
-1.5462908	400	200
-1.5449529	400	200
-1.5240342	400	200
-1.5003811	400	200
-1.498482	400	200
-1.514131	400	200
-1.5199673	400	200
-1.4990109	400	200
-1.5098184	400	200
-1.5431884	400	200
-1.5358481	400	200
-1.4993933	400	200
-1.4988054	400	200
-1.4978049	400	200
-1.554858	400	200
-1.5547086	400	200
-1.5026755	400	200
-1.498805	400	200
-1.4998252	400	200
-1.4992855	400	200
-1.4926568	400	200
-1.4984029	400	200
-1.4984804	400	200
-1.4993312	400	200
-1.4973516	400	200
-1.499618	400	200
-1.4943567	400	200
-1.4992553	400	200
-1.5590983	400	200
-1.4990007	400	200
-1.4996032	400	200
-1.536704	400	200
-1.4999436	400	200
-1.4986	400	200
-1.49988	400	200
-1.5333544	400	200
-1.5490593	400	200
-1.5489168	400	200
-1.5016897	400	200
-1.4990751	400	200
-1.5309703	400	200
-1.5369838	400	200
-1.517561	400	200
-1.5099072	400	200
-1.5496507	400	200
-1.4970556	400	200
-1.516523	400	200
-1.4994517	400	200
-1.5498743	400	200
-1.5117659	400	200
-1.4961706	400	200
-1.5560615	400	200
-1.5064457	400	200
-1.4995291	400	200
-1.4958483	400	200
-1.499385	400	200
-1.4985451	400	200
-1.4941322	400	200
-1.4993738	400	200
-1.4991458	400	200
-1.4985928	400	200
-1.5381726	400	200
-1.5426824	400	200
-1.4998674	400	200
-1.5142079	400	200
-1.5533153	400	200
-1.5567304	400	200
-1.5340723	400	200
-1.5162993	400	200
-1.499832	400	200
-1.5444649	400	200
-1.4989003	400	200
-1.4993078	400	200
-1.4993798	400	200
-1.4935901	400	200
-1.520826	400	200
-1.499476	400	200
-1.5005765	400	200
-1.4995808	400	200
-1.5413156	400	200
-1.5023822	400	200
-1.4992764	400	200
-1.5424483	400	200
-1.4997225	400	200
-1.4993897	400	200
-1.4997536	400	200
-1.4996488	400	200
-1.5160142	400	200
-1.5424843	400	200
-1.5489635	400	200
-1.4997047	400	200
-1.4998399	400	200
-1.4993647	400	200
-1.4715773	400	200
-1.4992805	400	200
-1.4992065	400	200
-1.493982	400	200
-1.5191618	400	200
-1.5557948	400	200
-1.535172	400	200
-1.4995235	400	200
-1.5440165	400	200
-1.4987412	400	200
-1.5013959	400	200
-1.499614	400	200
-1.4995187	400	200
-1.4991407	400	200
-1.496911	400	200
-1.5411553	400	200
-1.5536857	400	200
-1.5446546	400	200
-1.4989273	400	200
-1.5475939	400	200
-1.4994293	400	200
-1.5353754	400	200
-1.539182	400	200
-1.5025554	400	200
-1.535587	400	200
-1.5570494	400	200
-1.4968757	400	200
-1.5404168	400	200
-1.5008187	400	200
-1.5375501	400	200
-1.5535302	400	200
-1.4891328	400	200
-1.5414046	400	200
-1.4940526	400	200
-1.4985249	400	200
-1.5084055	400	200
-1.4998213	400	200
-1.5537391	400	200
-1.5602762	400	200
-1.5332955	400	200
-1.540802	400	200
-1.5318958	400	200
-1.4999191	400	200
-1.4980106	400	200
-1.4968039	400	200
-1.4998795	400	200
-1.5384565	400	200
-1.5050468	400	200
-1.4997966	400	200
-1.4996545	400	200
-1.5499214	400	200
-1.4968954	400	200
-1.4994002	400	200
-1.4988002	400	200
-1.4994941	400	200
-1.4991962	400	200
-1.4987847	400	200
-1.49896	400	200
-1.557042	400	200
-1.4998081	400	200
-1.4999312	400	200
-1.4996326	400	200
