-1.4934	220	100
-1.5019	203	100
-1.5005	296	100
-1.4937	337	100
-1.4965	261	100
-1.5586	240	100
-1.5126	236	100
-1.5041	215	100
-1.5556	241	100
-1.4927	221	100
-1.5004	284	100
-1.4965	256	100
-1.4934	231	100
-1.5241	223	100
-1.5514	269	100
-1.5482	236	100
-1.5419	291	100
-1.505	401	100
-1.4996	225	100
-1.5031	227	100
-1.503	283	100
-1.4941	236	100
-1.5562	237	100
-1.5238	289	100
-1.5013	250	100
-1.525	310	100
-1.5034	320	100
-1.5004	333	100
-1.5562	319	100
-1.5067	279	100
-1.4994	209	100
-1.5602	399	100
-1.5022	160	100
-1.5028	259	100
-1.5053	265	100
-1.4987	267	100
-1.5022	276	100
-1.5004	265	100
-1.495	195	100
-1.5281	306	100
-1.5445	265	100
-1.5351	392	100
-1.4962	258	100
-1.5465	314	100
-1.5271	242	100
-1.5574	307	100
-1.5006	256	100
-1.5049	268	100
-1.4973	230	100
-1.4902	253	100
-1.515	299	100
-1.5014	194	100
-1.502	208	100
-1.5079	296	100
-1.4998	201	100
-1.5535	275	100
-1.5628	247	100
-1.5049	326	100
-1.5442	263	100
-1.5	302	100
-1.4937	318	100
-1.5496	295	100
-1.5006	268	100
-1.504	303	100
-1.4975	186	100
-1.5092	235	100
-1.4983	269	100
-1.5532	231	100
-1.5016	215	100
-1.5027	324	100
-1.5004	212	100
-1.5551	263	100
-1.4988	280	100
-1.489	195	100
-1.4978	249	100
-1.5045	267	100
-1.5444	245	100
-1.4967	252	100
-1.5022	229	100
-1.5416	304	100
-1.5475	277	100
-1.4953	286	100
-1.4976	211	100
-0.6738	323	100
-1.5034	209	100
-1.4924	230	100
-1.5097	203	100
-1.5013	232	100
-1.4959	303	100
-1.4942	262	100
-1.4982	339	100
-1.4975	289	100
-1.5022	236	100
-1.5617	263	100
-1.5284	314	100
-1.5008	236	100
-1.5023	246	100
-1.4982	263	100
-1.4994	244	100
-1.4945	221	100
-1.506	249	100
-1.5038	222	100
-1.5098	221	100
-1.5074	213	100
-1.556	206	100
-1.4948	189	100
-1.5007	216	100
-1.5018	283	100
-1.5428	239	100
-1.541	196	100
-1.5012	270	100
-1.5478	347	100
-1.5044	253	100
-1.5027	266	100
-1.4996	293	100
-1.4978	238	100
-1.5015	194	100
-1.5478	230	100
-1.5668	275	100
-1.5101	219	100
-1.5171	298	100
-1.4906	240	100
-1.5304	313	100
-1.49	188	100
-1.51	294	100
-1.5342	343	100
-1.5211	313	100
-1.4849	223	100
-1.5201	303	100
-1.5589	211	100
-1.491	213	100
-1.5022	230	100
-1.5214	265	100
-1.5608	341	100
-1.499	213	100
-1.4944	200	100
-1.5007	245	100
-1.5415	285	100
-1.4942	327	100
-1.4985	234	100
-1.5394	293	100
-1.4838	430	100
-1.5009	196	100
-1.5639	205	100
-1.4937	222	100
-1.558	238	100
-1.4947	182	100
-1.5029	183	100
-1.5001	230	100
-1.5028	201	100
-1.5088	220	100
-1.5002	244	100
-1.5002	316	100
-1.4987	190	100
-1.501	205	100
-1.4996	220	100
-1.4981	250	100
-1.505	199	100
-1.5012	209	100
-1.5404	348	100
-1.5053	196	100
-1.4906	265	100
-1.4956	202	100
-1.5408	361	100
-1.4937	290	100
-1.5088	320	100
-1.4977	278	100
-1.5318	294	100
-1.5654	252	100
-1.5022	220	100
-1.5633	258	100
-1.511	314	100
-1.558	227	100
-1.5008	223	100
-1.5002	333	100
-1.5004	309	100
-1.4962	224	100
-1.4973	241	100
-1.5156	289	100
-1.4954	232	100
-1.505	284	100
-1.5487	278	100
-1.4977	230	100
-1.4915	248	100
-1.5109	349	100
-1.4984	234	100
-1.4996	274	100
-1.4962	286	100
-1.5	230	100
-1.4957	248	100
-1.4908	303	100
-1.5578	270	100
-1.5064	227	100
-1.5465	313	100
-1.5009	229	100
-1.4987	277	100
-1.5655	305	100
-1.5546	260	100
-1.5284	300	100
-1.4974	292	100
-1.4932	268	100
-1.506	322	100
-1.4977	261	100
-1.5516	308	100
-1.4952	234	100
-1.4994	233	100
-1.553	285	100
-1.4944	377	100
-1.5036	227	100
-1.4841	266	100
-1.4956	233	100
-1.5564	237	100
-1.5601	238	100
-1.4964	206	100
-1.5059	224	100
-1.5101	230	100
-1.5024	217	100
-1.506	383	100
-1.5022	289	100
-1.4981	274	100
-1.4994	190	100
-1.5012	242	100
-1.5249	228	100
-1.5604	311	100
-1.5015	291	100
-1.5045	261	100
-1.4998	277	100
-1.4889	246	100
-1.5018	233	100
-1.5504	238	100
-1.5082	334	100
-1.4993	226	100
-1.5342	265	100
-1.4908	316	100
-1.5027	271	100
-1.5061	242	100
-1.4995	236	100
-1.4974	218	100
-1.4972	259	100
-1.5095	218	100
-1.5162	309	100
-1.5366	237	100
-1.4984	238	100
-1.5024	206	100
-1.5047	308	100
-1.5067	211	100
-1.4989	274	100
-1.4981	314	100
-1.5015	231	100
-1.4914	252	100
-1.4914	243	100
-1.5003	241	100
-1.5063	327	100
-1.4971	258	100
-1.5657	304	100
-1.5036	261	100
-1.4944	259	100
-1.4956	250	100
-1.4949	313	100
-1.4981	207	100
-1.4967	290	100
-1.5065	385	100
-1.4909	188	100
-1.5497	269	100
-1.552	216	100
-1.505	232	100
-1.5013	187	100
-1.5419	270	100
-1.5604	201	100
-1.4997	231	100
-1.5269	295	100
-1.4932	240	100
-1.4956	284	100
-1.4986	188	100
-1.5561	284	100
-1.4972	239	100
-1.4981	225	100
-1.5511	258	100
-1.5016	167	100
-1.494	196	100
-1.5395	217	100
-1.5011	223	100
-1.5597	222	100
-1.5039	342	100
-1.4963	333	100
-1.4983	248	100
-1.5043	232	100
-1.5017	297	100
-1.5509	304	100
-1.4955	269	100
-1.4957	185	100
-1.553	247	100
-1.4953	232	100
-1.4985	223	100
-1.5014	294	100
-1.5252	320	100
-1.5024	196	100
-1.5201	264	100
-1.4882	309	100
-1.5644	248	100
-1.5394	205	100
-1.497	256	100
-1.5365	271	100
-1.5128	325	100
-1.5339	291	100
-1.5014	239	100
-1.5006	288	100
-1.5079	283	100
-1.5514	230	100
-1.5003	215	100
-1.5054	303	100
-1.4948	344	100
-1.4966	251	100
-1.5205	298	100
-1.4976	276	100
-1.4946	239	100
-1.5011	288	100
-1.4903	226	100
-1.5602	209	100
-1.5044	286	100
-1.5052	284	100
-1.5182	328	100
-1.491	263	100
-1.4968	232	100
-1.5602	235	100
-1.5151	272	100
-1.5136	272	100
-1.4933	189	100
-1.5023	258	100
-1.5028	303	100
-1.498	196	100
-1.5014	250	100
-1.5539	288	100
-1.5524	254	100
-1.5052	345	100
-1.5531	305	100
-1.5547	221	100
-1.5465	319	100
-1.5024	245	100
-1.5277	270	100
-1.4912	220	100
-1.5375	279	100
-1.501	255	100
-0.3179	385	100
-1.4975	264	100
-1.495	216	100
-1.4939	288	100
-1.4936	188	100
-1.5006	206	100
-1.5603	267	100
-1.5009	258	100
-1.5429	245	100
-1.5017	218	100
-1.5297	322	100
-1.5026	213	100
-1.5026	323	100
-1.4932	260	100
-1.5323	276	100
-1.4998	173	100
-1.5425	270	100
-1.5058	184	100
-1.4987	248	100
-1.5011	228	100
-1.5041	246	100
-1.5369	292	100
-1.509	262	100
-1.5011	237	100
-1.5059	203	100
-1.523	215	100
-1.4921	255	100
-1.501	269	100
-1.5146	382	100
-1.5116	321	100
-1.5055	264	100
-1.5519	313	100
-1.5588	320	100
-1.5074	379	100
-1.5425	239	100
-1.5027	275	100
-1.5027	249	100
-1.5588	189	100
-1.5627	256	100
-1.4937	214	100
-1.5481	256	100
-1.5479	253	100
-1.5432	267	100
-1.5044	277	100
-1.5001	222	100
-1.4988	223	100
-1.5008	217	100
-1.4915	258	100
-1.5421	290	100
-1.5033	273	100
-1.4952	207	100
-1.5424	327	100
-1.5145	256	100
-1.4968	273	100
-1.4826	345	100
-1.501	294	100
-1.499	236	100
-1.5013	252	100
-1.5029	268	100
-1.5058	221	100
-1.5297	292	100
-1.5455	412	100
-1.4899	255	100
-1.5004	350	100
-1.4955	228	100
-1.498	249	100
-1.4991	208	100
-1.5599	307	100
-1.5554	245	100
-1.4943	233	100
-1.519	358	100
-1.5001	240	100
-1.5432	238	100
-1.4971	230	100
-1.5033	357	100
-1.5021	260	100
-1.4974	206	100
-1.5062	229	100
-1.5519	222	100
-1.4952	304	100
-1.5002	299	100
-1.5066	333	100
-1.4952	240	100
-1.4898	293	100
-1.5576	249	100
-1.4968	271	100
-1.5019	194	100
-1.4998	291	100
-1.4935	253	100
-1.5535	378	100
-1.4936	246	100
-1.4972	220	100
-1.5547	302	100
-1.5662	284	100
-1.5353	250	100
-1.5462	305	100
-1.494	200	100
-1.4966	264	100
-1.5358	288	100
-1.498	219	100
-1.4923	292	100
-1.5524	270	100
-1.5022	247	100
-1.5532	312	100
-1.5024	252	100
-1.4904	329	100
-1.5485	280	100
-1.5287	291	100
-1.5035	212	100
-1.5503	210	100
-1.4951	246	100
-1.4975	255	100
-1.5691	266	100
-1.4995	278	100
-1.498	224	100
-1.5028	246	100
-1.5031	245	100
-1.4929	267	100
-1.5512	337	100
-1.4936	258	100
-1.4972	211	100
-1.5251	345	100
-1.5426	275	100
-1.4889	283	100
-1.5076	301	100
-1.4985	266	100
-1.4932	217	100
-1.5063	390	100
-1.4959	276	100
-1.5378	215	100
-1.5627	285	100
-1.4978	203	100
-1.491	271	100
-1.5009	272	100
-1.5013	307	100
-1.5413	382	100
-1.4993	205	100
-1.5027	199	100
-1.4988	212	100
-1.5002	186	100
-1.501	266	100
-1.5242	269	100
-1.5597	430	100
-1.5008	273	100
-1.502	266	100
-1.5497	293	100
-1.4876	288	100
-1.5325	259	100
-1.5008	265	100
-1.5545	244	100
-1.4993	239	100
-1.542	234	100
-1.5668	205	100
-1.4878	286	100
-1.5478	256	100
-1.5028	404	100
-1.5626	279	100
-1.5085	274	100
-1.5021	249	100
-1.5481	304	100
-1.563	294	100
-1.4971	214	100
-1.4951	190	100
-1.5552	296	100
-1.497	326	100
-1.5433	295	100
-1.5437	314	100
-1.4974	199	100
-1.4914	211	100
-1.5012	315	100
-1.5495	244	100
-1.5609	300	100
-1.4991	218	100
-1.5014	232	100
-1.503	305	100
-1.501	307	100
-1.4957	304	100
-1.498	209	100
-1.5447	278	100
-1.5107	205	100
-1.5013	323	100
-1.4972	342	100
-1.507	204	100
-1.5398	264	100
-1.5035	260	100
-1.4982	213	100
-1.4991	227	100
-1.5048	249	100
-1.5047	311	100
-1.5342	273	100
-1.4957	268	100
-1.5281	293	100
-1.4965	252	100
-1.5404	256	100
-1.4977	176	100
-1.5015	222	100
-1.5033	297	100
-1.539	256	100
-1.4931	300	100
-1.5031	232	100
-1.4985	297	100
-1.4993	228	100
-1.5014	225	100
-1.4992	323	100
-1.4894	241	100
-1.5021	291	100
-1.504	188	100
-1.5001	326	100
-1.4981	230	100
-1.5002	224	100
-1.551	330	100
-1.5061	242	100
-1.5468	294	100
-1.522	283	100
-1.503	237	100
-1.5499	252	100
-1.5075	263	100
-1.5226	368	100
-1.5009	185	100
-1.4946	201	100
-1.5536	223	100
-1.4919	228	100
-1.5025	328	100
-1.5115	254	100
-1.5682	249	100
-1.4954	284	100
-1.5018	279	100
-1.4964	329	100
-1.4955	231	100
-1.5343	233	100
-1.5702	301	100
-1.494	282	100
-1.4969	238	100
-1.5066	192	100
-1.5611	287	100
-1.4911	188	100
-1.5016	245	100
-1.5044	204	100
-1.5238	300	100
-1.4988	204	100
-1.4992	279	100
-1.5617	284	100
-1.5252	256	100
-1.4963	239	100
-1.525	275	100
-1.4911	262	100
-1.4903	220	100
-1.5032	285	100
-1.5047	373	100
-1.5521	307	100
-1.4955	190	100
-1.5156	314	100
-1.5468	336	100
-1.5012	310	100
-1.5041	196	100
-1.5027	272	100
-1.4995	229	100
-1.5101	266	100
-1.4979	231	100
-1.4945	282	100
-1.5056	298	100
-1.5491	230	100
-1.5593	323	100
-1.4956	229	100
-1.4994	265	100
-1.5523	359	100
-1.5624	345	100
-1.5085	267	100
-1.5118	228	100
-1.5071	189	100
-1.5002	259	100
-1.4933	310	100
-1.5027	219	100
-1.5005	322	100
-1.5248	292	100
-1.5657	285	100
-1.4985	237	100
-1.5438	263	100
-1.523	233	100
-1.5111	327	100
-1.5588	250	100
-1.5585	216	100
-1.5122	238	100
-1.5492	233	100
-1.5499	281	100
-1.5083	234	100
-1.5084	204	100
-1.5244	344	100
-1.5522	274	100
-1.5458	294	100
-1.5035	397	100
-1.5012	207	100
-1.5057	223	100
-1.5561	288	100
-1.5568	275	100
-1.4932	221	100
-1.4996	192	100
-1.5512	320	100
-1.5039	241	100
-1.5549	250	100
-1.5586	321	100
-1.496	263	100
-1.4942	236	100
-1.4925	211	100
-1.4936	233	100
-1.55	353	100
-1.5449	247	100
-1.503	258	100
-1.5027	192	100
-1.5494	223	100
-1.4986	279	100
-1.5294	293	100
-1.5088	279	100
-1.5029	274	100
-1.5479	309	100
-1.5443	298	100
-1.5554	241	100
-1.535	337	100
-1.4946	234	100
-1.5023	291	100
-1.4922	225	100
-1.5159	203	100
-1.5224	368	100
-1.5585	240	100
-1.5011	219	100
-1.5127	272	100
-1.4965	190	100
-1.5443	200	100
-1.5015	231	100
-1.5004	202	100
-1.5003	205	100
-1.5478	216	100
-1.5166	275	100
-1.4969	255	100
-1.4362	369	100
-1.4953	240	100
-1.4929	247	100
-1.4984	249	100
-1.5009	234	100
-1.4996	223	100
-1.495	262	100
-1.5648	216	100
-1.5008	257	100
-1.5422	241	100
-1.5204	293	100
-1.5039	223	100
-1.5496	304	100
-1.5544	309	100
-1.5381	278	100
-1.4962	247	100
-1.5681	235	100
-1.498	284	100
-1.5645	239	100
-1.5497	256	100
-1.5018	211	100
-1.5418	284	100
-1.5704	239	100
-1.4998	298	100
-1.5483	238	100
-1.542	209	100
-1.501	201	100
-1.5135	407	100
-1.4927	274	100
-1.4942	300	100
-1.4885	193	100
-1.4988	254	100
-1.5429	282	100
-1.5045	261	100
-1.5025	222	100
-1.5007	218	100
-1.5533	278	100
-1.566	271	100
-1.5021	272	100
-1.5564	242	100
-1.5237	241	100
-1.5042	244	100
-1.5042	251	100
-1.4951	192	100
-1.5047	227	100
-1.5432	301	100
-1.4988	267	100
-1.4961	291	100
-1.5039	256	100
-1.5472	230	100
-1.5697	304	100
-1.4997	273	100
-1.4967	261	100
-1.4989	216	100
-1.4955	231	100
-1.5276	360	100
-1.5526	344	100
-1.4975	230	100
-1.4958	260	100
-1.5026	302	100
-1.5023	238	100
-1.5027	192	100
-1.5029	224	100
-1.4964	269	100
-1.5521	280	100
-1.4962	275	100
-1.5224	339	100
-1.5532	241	100
-1.4974	225	100
-1.5638	260	100
-1.5117	301	100
-1.496	287	100
-1.4159	374	100
-1.4972	221	100
-1.5595	316	100
-1.5054	206	100
-1.5049	230	100
-1.4987	312	100
-1.5007	269	100
-1.4976	195	100
-1.4999	251	100
-1.5584	275	100
-1.4966	200	100
-1.5572	291	100
-1.4965	248	100
-1.5602	230	100
-1.5133	284	100
-1.5531	252	100
-1.5353	233	100
-1.498	225	100
-1.4992	253	100
-1.5623	300	100
-1.5638	225	100
-1.4977	234	100
-1.5026	225	100
-1.4978	335	100
-1.5459	340	100
-1.5041	222	100
-1.5543	320	100
-1.4844	206	100
-1.5438	284	100
-1.495	261	100
-1.4963	252	100
-1.5513	279	100
-1.4941	223	100
-1.4986	280	100
-1.4927	291	100
-1.5442	263	100
-1.4944	275	100
-1.5026	234	100
-1.5021	273	100
-1.4954	251	100
-1.493	297	100
-1.5025	230	100
-1.5529	329	100
-1.5512	257	100
-1.4964	282	100
-1.4981	196	100
-1.561	330	100
-1.5498	224	100
-1.5415	320	100
-1.5011	204	100
-1.5647	255	100
-1.4955	228	100
-1.5342	356	100
-1.5174	272	100
-1.5271	292	100
-1.5117	380	100
-1.5389	262	100
-1.5044	174	100
-1.4939	226	100
-1.5038	247	100
-1.4974	329	100
-1.5594	219	100
-1.5022	202	100
-1.5004	222	100
-1.5047	254	100
-1.4985	221	100
-1.493	223	100
-1.5583	225	100
-1.5411	276	100
-1.5076	272	100
-1.5002	220	100
-1.5573	337	100
-1.499	267	100
-1.488	312	100
-1.529	325	100
-1.5052	294	100
-1.5041	234	100
-1.4949	232	100
-1.4972	290	100
-1.5028	237	100
-1.4936	249	100
-1.5573	248	100
-1.5027	302	100
-1.5025	309	100
-1.49	207	100
-1.5032	207	100
-1.5083	326	100
-1.5048	305	100
-1.5105	281	100
-1.5643	297	100
-1.5027	288	100
-1.5001	259	100
-1.5192	359	100
-1.5009	309	100
-1.5032	250	100
-1.5151	188	100
-1.5017	220	100
-1.5428	290	100
-1.5006	254	100
-1.5041	292	100
-1.564	320	100
-1.4987	182	100
-1.5025	268	100
-1.5179	248	100
-1.493	315	100
-1.4973	185	100
-1.4908	243	100
-1.5577	227	100
-1.4982	256	100
-1.5482	267	100
-1.5376	295	100
-1.4945	271	100
-1.5055	263	100
-1.5085	219	100
-1.5066	280	100
-1.5477	284	100
-1.4929	271	100
-1.5526	382	100
-1.5047	219	100
-1.5269	284	100
-1.5011	208	100
-1.5587	268	100
-1.4966	229	100
-1.5252	285	100
-1.5001	335	100
-1.5023	187	100
-1.5067	227	100
-1.4942	227	100
-1.5132	266	100
-1.5521	343	100
-1.5613	269	100
-1.4993	189	100
-1.4877	244	100
-1.4994	275	100
-1.5599	324	100
-1.5095	283	100
-1.4919	301	100
-1.5612	346	100
-1.4875	229	100
-1.5018	185	100
-1.4914	240	100
-1.4917	271	100
-1.5545	251	100
-1.4989	220	100
-1.5016	248	100
-1.5424	221	100
-1.4958	215	100
-1.4954	186	100
-1.4987	293	100
-1.5465	384	100
-1.5549	265	100
-1.5359	383	100
-1.5521	322	100
-1.4971	243	100
-1.4984	262	100
-1.4909	199	100
-1.5012	209	100
-1.4966	191	100
-1.5048	213	100
-1.558	283	100
-1.5584	264	100
-1.4948	246	100
-1.511	264	100
-1.4978	248	100
-1.5512	254	100
-1.5257	274	100
-1.5049	330	100
-1.4993	247	100
-1.5608	274	100
-1.5014	262	100
-1.5039	322	100
-1.5086	268	100
-1.5004	316	100
-1.5017	261	100
-1.4985	227	100
-1.5058	200	100
-1.5012	205	100
-1.518	276	100
-1.5167	259	100
-1.5066	258	100
-1.4997	206	100
-1.4972	215	100
-1.5525	344	100
-1.5065	221	100
-1.4932	259	100
-1.5055	251	100
-1.5635	203	100
-1.5212	268	100
-1.5548	332	100
-1.5538	280	100
-1.5458	299	100
-1.4985	247	100
-1.5592	301	100
-1.5515	263	100
-1.5002	196	100
-1.51	259	100
-1.5049	273	100
-1.497	269	100
-1.5036	253	100
-1.4972	196	100
-1.4957	276	100
-1.5627	318	100
-1.5064	246	100
-1.4963	272	100
-1.5049	234	100
-1.5375	231	100
-1.5531	308	100
-1.5361	377	100
-1.4987	275	100
-1.5065	360	100
-1.4967	271	100
-1.5029	221	100
-1.5511	454	100
-1.5511	280	100
-1.5557	281	100
-1.4969	225	100
-1.5039	226	100
-1.5502	255	100
-1.5391	274	100
-1.5013	253	100
-1.4995	320	100
-1.4989	284	100
-1.5031	217	100
-1.501	307	100
-1.5012	274	100
-1.5011	276	100
-1.4916	275	100
-1.4992	216	100
-1.4902	235	100
-1.4886	269	100
-1.5512	292	100
-1.5711	212	100
-1.5159	335	100
-1.5282	298	100
-1.5067	188	100
-0.8536	396	100
-1.5576	254	100
-1.5672	334	100
-1.4975	263	100
-1.5693	240	100
-1.56	261	100
-1.5043	194	100
-1.5235	353	100
-1.4931	230	100
-1.4974	253	100
-1.5002	218	100
-1.5606	321	100
-1.5569	221	100
-1.5516	236	100
-1.4895	205	100
-1.5296	228	100
-1.5511	271	100
-1.5174	222	100
-1.4882	213	100
-1.4976	197	100
-1.5562	289	100
-1.5535	211	100
-1.5299	240	100
-1.4936	248	100
-1.5046	212	100
-1.4933	272	100
-1.5299	269	100
-1.4961	257	100
-1.4917	206	100
-1.5347	322	100
-1.529	279	100
-1.5015	245	100
-1.5337	311	100
-1.5037	333	100
-1.5128	244	100
-1.5043	311	100
-1.5015	198	100
-1.496	235	100
-1.4927	255	100
-1.5563	341	100
-1.496	254	100
-1.5411	218	100
-1.5626	279	100
-1.4972	256	100
-1.4918	341	100
-1.4956	277	100
-1.5279	289	100
-1.5052	196	100
-1.5162	340	100
-1.5038	204	100
-1.501	225	100
-1.5605	232	100
-1.4942	261	100
-1.4988	233	100
-1.5082	300	100
-1.5041	199	100
-1.4985	196	100
-1.5448	256	100
-1.4955	322	100
-1.5386	232	100
-1.4996	235	100
-1.4938	234	100
-1.5525	217	100
-1.5038	212	100
-1.5041	225	100
-1.5265	277	100
-1.4962	283	100
-1.4906	250	100
-1.4952	246	100
-1.5221	254	100
-1.564	270	100
-1.496	225	100
-1.5011	316	100
-1.5022	229	100
-1.5086	257	100
-1.4898	200	100
-1.4948	233	100
-1.4982	292	100
-1.5514	302	100
-1.5466	229	100
-1.4961	278	100
-1.4975	221	100
-1.5019	198	100
-1.4993	220	100
-1.5029	198	100
-1.5471	291	100
-1.5103	333	100
-1.4952	238	100
-1.4953	236	100
-1.5002	279	100
-1.5608	269	100
-1.4987	224	100
-1.4944	232	100
-1.5001	333	100
-1.5121	329	100
-1.5012	264	100
-1.5012	290	100
-1.4989	296	100
-1.5067	185	100
-1.5151	381	100
-1.4991	239	100
-1.5015	263	100
-1.4943	241	100
-1.4974	337	100
-1.4953	208	100
-1.5043	202	100
-1.4986	284	100
-1.498	250	100
-1.4968	232	100
-1.5041	288	100
-1.5514	307	100
-1.4893	267	100
-1.5528	310	100
-1.558	365	100
-1.5038	301	100
-1.4939	332	100
-1.5562	277	100
-1.4927	233	100
-1.4905	244	100
-1.4958	268	100
-1.5011	374	100
-1.5017	220	100
-1.503	195	100
-1.4994	202	100
-1.4927	221	100
-1.5052	271	100
-1.495	293	100
-1.5547	308	100
-1.4995	175	100
-1.504	213	100
-1.4897	208	100
-1.4931	283	100
-1.4991	325	100
-1.5026	235	100
-1.5073	214	100
-1.4954	251	100
-1.4984	204	100
-1.5036	217	100
-1.4953	177	100
-1.5436	273	100
-1.5076	220	100
-1.498	231	100
-1.4981	248	100
-1.5602	276	100
-1.5295	294	100
-1.5339	305	100
-1.497	236	100
-1.4939	304	100
-1.5649	247	100
-1.5003	257	100
-1.5012	238	100
-1.5567	238	100
-1.5563	217	100
-1.4989	238	100
-1.5405	344	100
-1.5001	299	100
-1.4989	304	100
-1.5542	250	100
-1.569	322	100
-1.4881	225	100
-1.5005	325	100
-1.4921	201	100
-1.4859	226	100
-1.5031	197	100
-1.503	242	100
-1.5019	339	100
-1.5386	266	100
-1.4985	245	100
-1.4944	267	100
-1.5323	253	100
-1.5606	248	100
-1.517	256	100
-1.5031	319	100
-1.5009	246	100
-1.5072	230	100
-1.5299	349	100
-1.4926	232	100
-1.5089	386	100
-1.5553	329	100
-1.5602	311	100
-1.5042	213	100
-1.531	275	100
-1.4953	220	100
-1.5031	277	100
-1.4971	308	100
-1.4977	225	100
-1.4981	261	100
-1.5445	354	100
-1.4946	276	100
-1.5689	262	100
-1.5068	277	100
-1.4968	286	100
-1.4896	245	100
-1.5004	216	100
-1.5467	254	100
-1.5028	208	100
-1.4966	227	100
-1.561	254	100
-1.5469	211	100
-1.4948	234	100
-1.5029	274	100
-1.4981	237	100
-1.4971	267	100
-1.5764	267	100
-1.5001	266	100
-1.4904	212	100
-1.501	196	100
-1.5094	360	100
-1.5047	259	100
-1.5327	239	100
-1.5025	223	100
-1.5521	248	100
-1.5007	192	100
-1.5468	261	100
-1.5037	229	100
-1.5211	256	100
-1.5139	337	100
-1.501	293	100
-1.5601	276	100
-1.4928	195	100
-1.4999	240	100
-1.5555	283	100
-1.5286	295	100
-1.503	210	100
-1.5494	276	100
-1.4963	216	100
-1.4975	340	100
-1.5008	237	100
-1.4942	271	100
-1.5037	226	100
-1.4941	235	100
-1.56	307	100
-1.5033	263	100
-1.5015	315	100
-1.4955	274	100
-1.5067	367	100
-1.5146	260	100
-1.5472	223	100
-1.5017	290	100
-1.5142	244	100
-1.5017	263	100
-1.5546	240	100
-1.4975	266	100
-1.5058	234	100
-1.4986	298	100
-1.5583	227	100
-1.546	225	100
-1.492	206	100
-1.5597	273	100
-1.4994	236	100
-1.4959	273	100
-1.5307	200	100
-1.5075	216	100
-1.5653	247	100
-1.5124	286	100
-1.4917	251	100
-1.5067	216	100
-1.4988	294	100
-1.5452	332	100
-1.5029	324	100
-1.547	251	100
-1.4952	322	100
-1.5028	260	100
-1.4872	286	100
-1.5516	261	100
-1.5298	260	100
-1.5045	199	100
-1.4933	192	100
-1.4998	231	100
-1.4906	317	100
-1.4988	276	100
-1.5027	245	100
-1.5022	214	100
-1.5396	218	100
-1.5025	269	100
-1.4899	240	100
-1.5531	224	100
-1.5062	290	100
-1.5026	245	100
-1.5035	294	100
-1.5027	299	100
-1.5046	340	100
-1.4862	293	100
-1.561	217	100
-1.4945	234	100
-1.5509	364	100
-1.4945	281	100
-1.5349	338	100
-1.5068	247	100
-1.4978	238	100
-1.4956	323	100
-1.5059	329	100
-1.5387	270	100
-1.5017	224	100
-1.5032	251	100
-1.5624	345	100
-1.5626	246	100
-1.5492	274	100
-1.4999	298	100
-1.5553	237	100
-1.5032	210	100
-1.4953	227	100
-1.5045	166	100
-1.5046	176	100
-1.503	196	100
-1.4977	215	100
-1.4954	257	100
-1.4919	207	100
-1.5385	198	100
-1.4979	250	100
-1.4993	248	100
-1.4989	208	100
-1.4949	235	100
-1.5475	242	100
-1.4874	241	100
-1.56	260	100
-1.5622	394	100
-1.4956	295	100
-1.5612	241	100
-1.4934	209	100
-1.5027	179	100
-1.4949	246	100
-1.5026	218	100
-1.5446	262	100
-1.5055	229	100
-1.4991	253	100
-1.4986	250	100
-1.5427	270	100
-1.4982	307	100
-1.4988	217	100
-1.5037	202	100
-1.4991	273	100
-1.4894	215	100
-1.4975	256	100
-1.499	239	100
-1.5001	174	100
-1.5503	233	100
-1.5594	406	100
-1.495	301	100
-1.4992	290	100
-1.4935	255	100
-1.4992	323	100
-1.4967	222	100
-1.5328	324	100
-1.4985	198	100
-1.5374	275	100
-1.5045	215	100
-1.5502	246	100
-1.547	260	100
-1.5024	274	100
-1.5247	253	100
-1.5694	261	100
-1.5038	231	100
-1.493	299	100
-1.4979	238	100
-1.5533	288	100
-1.4896	301	100
-1.4925	211	100
-1.497	237	100
-1.5625	231	100
-1.5005	210	100
-1.5502	306	100
-1.4973	260	100
-1.5013	269	100
-1.4942	263	100
-1.5023	301	100
-1.496	352	100
-1.5608	254	100
-1.5704	208	100
-1.5082	258	100
-1.4944	224	100
-1.5464	288	100
-1.5	232	100
-1.4994	260	100
-1.5397	257	100
-1.5002	275	100
-1.5548	274	100
-1.5082	227	100
-1.4979	244	100
-1.509	299	100
-1.494	277	100
-1.4951	217	100
-1.5597	176	100
-1.504	220	100
-1.4982	223	100
-1.5432	324	100
-1.5458	298	100
-1.5023	242	100
-1.5017	287	100
-1.4977	254	100
-1.5028	257	100
-1.5307	251	100
-1.5029	341	100
-1.512	199	100
-1.5064	302	100
-1.4958	226	100
-1.4948	321	100
-1.4904	277	100
-1.5013	272	100
-1.4925	290	100
-1.4971	268	100
-1.5045	265	100
-1.5396	241	100
-1.4942	259	100
-1.4958	231	100
-1.524	266	100
-1.4948	278	100
-1.5446	215	100
-1.5128	234	100
-1.5061	258	100
-1.5553	267	100
-1.5045	219	100
-1.4975	241	100
-1.523	322	100
-1.5561	208	100
-1.5025	181	100
-1.5018	195	100
-1.5326	318	100
-1.4947	273	100
-1.5534	375	100
-1.5476	305	100
-1.5	188	100
-1.5265	279	100
-1.5547	310	100
-1.507	289	100
-1.5121	416	100
-1.5499	201	100
-1.5023	274	100
-1.4981	245	100
-1.548	254	100
-1.557	279	100
-1.5006	259	100
-1.5443	362	100
-1.5489	249	100
-1.492	266	100
-1.505	225	100
-1.4991	299	100
-1.5026	260	100
-1.5024	264	100
-1.5444	266	100
-1.4922	203	100
-1.4999	305	100
-1.5576	217	100
-1.4975	305	100
-1.4946	216	100
-1.5268	266	100
-1.4988	229	100
-1.5239	357	100
-1.5418	193	100
-1.5022	297	100
-1.4941	305	100
-1.4972	292	100
-1.497	251	100
-1.4948	292	100
-1.503	191	100
-1.551	251	100
-1.5167	237	100
-1.5028	371	100
-1.5565	276	100
-1.5052	337	100
-1.4985	260	100
-1.4999	264	100
-1.5017	221	100
-1.5128	319	100
-1.5443	346	100
-1.5547	282	100
-1.504	223	100
-1.4913	282	100
-1.4905	250	100
-1.5442	251	100
-1.5512	272	100
-1.4984	233	100
-1.5009	263	100
-1.5061	292	100
-1.5001	330	100
-1.5511	244	100
-1.498	269	100
-1.5381	353	100
-1.5074	266	100
-1.5559	245	100
-1.498	223	100
-1.4997	210	100
-1.5083	297	100
-1.5633	351	100
-1.5008	214	100
-1.5453	265	100
-1.5049	211	100
-1.4991	254	100
-1.4962	241	100
-1.5385	243	100
-1.5382	301	100
-1.5142	264	100
-1.4929	205	100
-1.5489	236	100
-1.5083	236	100
-1.5195	267	100
-1.5054	195	100
-1.0079	309	100
-1.5101	232	100
-1.495	223	100
-1.5	231	100
-1.4998	202	100
-1.5029	243	100
-1.4982	367	100
-1.5548	260	100
-1.4946	191	100
-1.4891	240	100
-1.5003	265	100
-1.522	208	100
-1.4995	254	100
-1.5428	212	100
-1.4906	185	100
-1.5571	298	100
-1.5046	207	100
-1.5046	222	100
-1.5044	227	100
-1.5296	274	100
-1.4945	299	100
-1.4945	231	100
-1.5003	241	100
-1.5181	246	100
-1.5592	240	100
-1.5313	301	100
-1.5522	266	100
-1.5039	396	100
-1.4975	200	100
-1.5569	341	100
-1.5028	272	100
-1.569	307	100
-1.513	252	100
-1.5002	275	100
-1.4873	290	100
-1.4965	236	100
-1.5041	255	100
-1.4958	227	100
-1.5072	325	100
-1.4906	266	100
-1.5566	231	100
-1.5086	204	100
-1.494	289	100
-1.5006	219	100
-1.4928	255	100
-1.4954	283	100
-1.5274	273	100
-1.4975	210	100
-1.3368	305	100
-1.5052	227	100
-1.51	329	100
-1.4904	244	100
-1.4992	259	100
-1.5621	193	100
-1.5327	224	100
-1.5028	292	100
-1.4938	236	100
-1.5624	228	100
-1.5195	251	100
-1.5647	310	100
-1.5103	296	100
-1.5206	215	100
-1.5518	227	100
-1.4862	231	100
-1.4926	241	100
-1.5557	276	100
-1.5202	292	100
-1.569	469	100
-1.5083	186	100
-1.5456	297	100
-1.4989	214	100
-1.5589	300	100
-1.5562	273	100
-1.5487	243	100
-1.5131	212	100
-1.5014	230	100
-1.5464	270	100
-1.5492	292	100
-1.4965	216	100
-1.5485	304	100
-1.5659	352	100
-1.4965	320	100
-1.5498	320	100
-1.4952	281	100
-1.4914	257	100
-1.5445	289	100
-1.5426	327	100
-1.5358	255	100
-1.5045	377	100
-1.5	208	100
-1.5442	270	100
-1.5551	345	100
-1.5546	211	100
-1.5035	242	100
-1.5053	226	100
-1.498	258	100
-1.5042	361	100
-1.5047	289	100
-1.5475	295	100
-1.4892	293	100
-1.5463	276	100
-1.5007	284	100
-1.5028	385	100
-1.5118	291	100
-1.4971	287	100
-1.4972	273	100
-1.4922	230	100
-1.4398	386	100
-1.5585	248	100
-1.4925	207	100
-1.5611	271	100
-1.5295	234	100
-1.4965	182	100
-1.5297	289	100
-1.4914	197	100
-1.4995	281	100
-1.4949	187	100
-1.497	287	100
-1.502	352	100
-1.4973	255	100
-1.4994	301	100
-1.5554	251	100
-1.512	226	100
-1.5045	207	100
-1.5418	237	100
-1.5573	276	100
-1.5146	334	100
-1.495	212	100
-1.5649	212	100
-1.504	216	100
-1.5334	264	100
-1.5083	256	100
-1.5023	276	100
-1.5463	274	100
-1.4972	221	100
-1.4968	214	100
-1.4959	279	100
-1.4962	191	100
-1.5653	227	100
-1.4889	300	100
-1.4944	246	100
-1.5583	282	100
-1.4978	237	100
-1.4996	229	100
-1.4943	221	100
-1.4977	331	100
-1.4995	224	100
-1.5572	355	100
-1.5314	325	100
-1.4934	273	100
-1.5611	274	100
-1.5099	314	100
-1.4981	221	100
-1.4962	218	100
-1.5125	214	100
-1.5319	356	100
-1.5528	348	100
-1.4908	210	100
-1.4988	236	100
-1.4976	191	100
-1.496	271	100
-1.5026	328	100
-1.5004	202	100
-1.5026	251	100
-1.5494	340	100
-1.5027	285	100
-1.4951	188	100
-1.5631	285	100
-1.5017	269	100
-1.5012	283	100
-1.5038	252	100
-1.5549	255	100
-1.5017	215	100
-1.4983	220	100
-1.5526	227	100
-1.4999	259	100
-1.5192	340	100
-1.5015	310	100
-1.5456	305	100
-1.5282	238	100
-1.5615	187	100
-1.5132	318	100
-1.4955	296	100
-1.4994	198	100
-1.5434	190	100
-1.4916	284	100
-1.5682	410	100
-1.4981	201	100
-1.4971	299	100
-1.5599	255	100
-1.5667	320	100
-1.5047	260	100
-1.5009	193	100
-1.4991	243	100
-1.5023	224	100
-1.4977	251	100
-1.5015	346	100
-1.5597	266	100
-1.5	275	100
-1.5054	277	100
-1.4976	294	100
-1.4985	385	100
-1.4941	271	100
-1.5054	262	100
-1.5019	290	100
-1.5374	283	100
-1.5498	311	100
-1.5074	261	100
-1.5048	218	100
-1.556	224	100
-1.5013	299	100
-1.4938	257	100
-1.4922	377	100
-1.558	250	100
-1.5448	203	100
-1.4943	244	100
-1.5684	303	100
-1.5231	256	100
-1.5153	292	100
-1.5057	297	100
-1.5619	261	100
-1.4976	255	100
-1.4974	203	100
-1.5256	298	100
-1.4939	349	100
-1.4965	202	100
-1.4972	209	100
-1.4969	274	100
-1.5581	217	100
-1.5472	377	100
-1.498	239	100
-1.4957	241	100
-1.4941	289	100
-1.5007	238	100
-1.4909	258	100
-1.5502	288	100
-1.5197	349	100
-1.5468	342	100
-1.5	264	100
-1.4976	247	100
-1.5012	231	100
-1.4952	244	100
-1.5121	239	100
-1.5521	253	100
-1.4958	204	100
-1.5534	250	100
-1.4953	276	100
-1.5064	204	100
-1.4948	257	100
-1.5631	363	100
-1.4993	256	100
-1.5023	254	100
-1.5536	200	100
-1.5486	250	100
-1.5009	309	100
-1.5505	300	100
-1.552	407	100
-1.4987	290	100
-1.5144	277	100
-1.5324	266	100
-1.5397	294	100
-1.4954	273	100
-1.5429	283	100
-1.4909	219	100
-1.5627	342	100
-1.494	353	100
-1.4994	293	100
-1.4926	298	100
-1.4942	257	100
-1.5475	315	100
-1.5255	388	100
-1.559	265	100
-1.4995	330	100
-1.4988	210	100
-1.4977	233	100
-1.5081	311	100
-1.5554	392	100
-1.5667	301	100
-1.5235	265	100
-1.5615	311	100
-1.4941	275	100
-1.503	292	100
-1.5288	220	100
-1.4999	195	100
-1.5035	304	100
-1.4979	238	100
-1.5283	262	100
-1.4965	208	100
-1.5496	280	100
-1.5072	262	100
-1.4998	290	100
-1.4938	223	100
-1.4917	278	100
-1.5405	361	100
-1.5084	318	100
-1.555	252	100
-1.4984	314	100
-1.4996	230	100
-1.5016	234	100
-1.5023	305	100
-1.562	193	100
-1.5084	189	100
-1.5561	246	100
-1.5005	237	100
-1.5197	391	100
-1.5047	294	100
-1.5366	326	100
-1.4852	251	100
-1.5409	233	100
-1.496	226	100
-1.5009	236	100
-1.5392	225	100
-1.5108	303	100
-1.4895	266	100
-1.4994	246	100
-1.4999	202	100
-1.5	204	100
-1.5667	365	100
-1.4967	264	100
-1.4993	207	100
-1.5027	304	100
-1.4987	244	100
-1.5262	281	100
-1.5029	216	100
-1.5602	234	100
-1.4958	224	100
-1.543	309	100
-1.4953	250	100
-1.5533	340	100
-1.4999	204	100
-1.5611	288	100
-1.5582	252	100
-1.5103	471	100
-1.4964	221	100
-1.4977	233	100
-1.5583	224	100
-1.503	274	100
-1.5114	275	100
-1.5074	259	100
-1.5547	316	100
-1.5045	195	100
-1.4977	227	100
-1.5511	235	100
-1.5546	268	100
-0.7029	412	100
-1.497	259	100
-1.501	229	100
-1.4952	309	100
-1.498	352	100
-1.4995	206	100
-1.4993	222	100
-1.5239	235	100
-1.5593	277	100
-1.5039	246	100
-1.4969	382	100
-1.5512	273	100
-1.4993	278	100
-1.4903	220	100
-1.4994	229	100
-1.497	200	100
-1.4972	268	100
-1.5062	225	100
-1.5295	256	100
-1.4932	261	100
-1.5613	438	100
-1.5674	209	100
-1.5126	352	100
-1.534	282	100
-1.5629	221	100
-1.4928	248	100
-1.4994	238	100
-1.5031	196	100
-1.5051	263	100
-1.4904	299	100
-1.5049	280	100
-1.504	218	100
-1.4937	202	100
-1.5504	340	100
-1.4991	194	100
-1.5023	201	100
-1.5357	255	100
-1.5034	284	100
-1.5045	276	100
-1.5566	256	100
-1.5004	245	100
-1.5659	372	100
-1.5022	432	100
-1.552	207	100
-1.5001	213	100
-1.4935	307	100
-1.5263	240	100
-1.501	247	100
-1.4949	243	100
-1.5049	266	100
-1.4993	260	100
-1.5327	247	100
-1.538	240	100
-1.5005	246	100
-1.5602	203	100
-1.5026	369	100
-1.4987	194	100
-1.5419	249	100
-1.54	274	100
-1.4986	254	100
-1.5493	235	100
-1.505	261	100
-1.497	254	100
-1.5013	329	100
-1.4974	275	100
-1.4976	265	100
-1.4884	214	100
-1.4962	245	100
-1.504	195	100
-1.4918	217	100
-1.5327	295	100
-1.5072	271	100
-1.5076	208	100
-1.4916	278	100
-1.5023	234	100
-1.4995	241	100
-1.4888	245	100
-1.4951	207	100
-1.5044	296	100
-1.575	340	100
-1.497	187	100
-1.4947	250	100
-1.4938	313	100
-1.5011	211	100
-1.5003	257	100
-1.4976	218	100
-1.4985	308	100
-1.4979	298	100
-1.4948	188	100
-1.5008	186	100
-1.5035	260	100
-1.5097	269	100
-1.5028	193	100
-1.5105	379	100
-1.5011	399	100
-1.501	273	100
-1.5008	244	100
-1.5509	207	100
-1.5055	231	100
-1.5448	248	100
-1.5011	198	100
-1.507	223	100
-1.5482	248	100
-1.5066	264	100
-1.5008	286	100
-1.4965	266	100
-1.5002	227	100
-1.5602	251	100
-1.4984	242	100
-1.4934	295	100
-1.5019	297	100
-1.5007	251	100
-1.5004	241	100
-1.5059	238	100
-1.5064	301	100
-1.5591	292	100
-1.4994	205	100
-1.5552	322	100
-1.5009	201	100
-1.5354	260	100
-1.5029	235	100
-1.5072	260	100
-1.5549	337	100
-1.501	285	100
-1.5337	298	100
-1.498	266	100
-1.4959	274	100
-1.498	229	100
-1.5015	248	100
-1.4931	232	100
-1.5007	202	100
-1.5586	214	100
-1.5098	226	100
-1.5061	243	100
-1.4965	191	100
-1.5537	258	100
-1.522	309	100
-1.4907	274	100
-1.5042	276	100
-1.5611	246	100
-1.5454	228	100
-1.4914	225	100
-1.4978	234	100
-1.492	322	100
-1.4959	229	100
-1.4941	261	100
-1.4956	288	100
-1.5684	288	100
-1.5092	369	100
-1.5596	170	100
-1.4931	300	100
-1.4987	228	100
-1.5004	230	100
-1.4934	230	100
-1.5002	256	100
-1.4863	180	100
-1.5086	239	100
-1.4965	281	100
-1.4981	340	100
-1.4931	244	100
-1.5666	235	100
-1.4971	204	100
-1.4951	275	100
-1.498	253	100
-1.4982	229	100
-1.5019	218	100
-1.551	341	100
-1.5001	263	100
-1.4979	237	100
-1.5015	261	100
-1.57	225	100
-1.5659	265	100
-1.4926	257	100
-1.5451	290	100
-1.4967	210	100
-1.4886	239	100
-1.5012	263	100
-1.4984	187	100
-1.4975	265	100
-1.5309	305	100
-1.4893	245	100
-1.5034	198	100
-1.5033	215	100
-1.5072	223	100
-1.4964	239	100
-1.5616	260	100
-1.497	221	100
-1.5051	272	100
-1.5023	289	100
-1.5012	262	100
-1.4892	225	100
-1.5163	223	100
-1.498	228	100
-1.5605	284	100
-1.5708	328	100
-1.5522	273	100
-1.5279	293	100
-1.4916	218	100
-1.561	291	100
-1.4985	209	100
-1.497	226	100
-1.4944	254	100
-1.5209	242	100
-1.4943	201	100
-1.5482	202	100
-1.5056	305	100
-1.4998	294	100
-1.564	258	100
-1.5042	258	100
-1.5033	353	100
-1.5514	285	100
-1.4966	207	100
-1.4957	221	100
-1.5077	343	100
-1.5036	245	100
-1.5702	390	100
-1.5022	250	100
-1.497	238	100
-1.5451	235	100
-1.5017	266	100
-1.5623	203	100
-1.4941	259	100
-1.4946	232	100
-1.5449	351	100
-1.5598	257	100
-1.5006	242	100
-1.5514	247	100
-1.4943	213	100
-1.5037	204	100
-1.5594	249	100
-1.4964	260	100
-1.5475	249	100
-1.5427	249	100
-1.4951	258	100
-1.4966	216	100
-1.5342	331	100
-1.4974	377	100
-1.4943	240	100
-1.5372	247	100
-1.5025	210	100
-1.5458	238	100
-1.5044	234	100
-1.5515	339	100
-1.5352	187	100
-1.5368	306	100
-1.5372	231	100
-1.4934	222	100
-1.4973	288	100
-1.5498	202	100
-1.4997	234	100
-1.5042	219	100
-1.4991	226	100
-1.4985	249	100
-1.4985	317	100
-1.5009	308	100
-1.497	246	100
-1.5571	273	100
-1.5499	212	100
-1.4857	222	100
-1.5071	242	100
-1.4955	264	100
-1.4965	228	100
-1.5626	257	100
-1.5031	266	100
-1.5315	283	100
-1.4967	250	100
-1.4998	228	100
-1.5065	260	100
-1.4992	246	100
-1.5152	216	100
-1.5008	249	100
-1.4902	309	100
-1.503	283	100
-1.4976	296	100
-1.566	331	100
-1.5489	287	100
-1.4971	217	100
-1.5443	307	100
-1.5545	199	100
-1.4907	239	100
-1.528	189	100
-1.5041	215	100
-1.4902	272	100
-1.5609	239	100
-1.5325	302	100
-1.5515	286	100
-1.4989	262	100
-1.5026	260	100
-1.5613	238	100
-1.4946	314	100
-1.4983	244	100
-1.4995	213	100
-1.4975	239	100
-1.5146	372	100
-1.5027	199	100
-1.4953	204	100
-1.5038	223	100
-1.5422	301	100
-1.491	235	100
-1.5058	290	100
-1.523	292	100
-1.4949	306	100
-1.4957	190	100
-1.5453	255	100
-1.4959	267	100
-1.5503	270	100
-1.5059	177	100
-1.5584	232	100
-1.5029	207	100
-1.556	239	100
-1.5	315	100
-1.544	308	100
-1.5276	332	100
-1.4966	221	100
-1.4929	217	100
-1.5041	211	100
-1.5037	310	100
-1.5478	311	100
-1.5265	378	100
-1.5105	200	100
-1.5061	192	100
-1.5687	199	100
-1.4906	218	100
-1.5181	293	100
-1.5473	320	100
-1.504	403	100
-1.4998	215	100
-1.5002	282	100
-1.4947	244	100
-1.495	239	100
-1.5061	299	100
-1.4988	221	100
-1.5106	254	100
-1.5016	196	100
-1.4981	237	100
-1.4935	268	100
-1.511	175	100
-1.5019	216	100
-1.4997	304	100
-1.5503	228	100
-1.5433	207	100
-1.5314	350	100
-1.5554	248	100
-1.5015	368	100
-1.4932	224	100
-1.5023	347	100
-1.496	239	100
-1.5035	276	100
-1.5496	338	100
-1.492	227	100
-1.5368	331	100
-1.5566	296	100
-1.4953	197	100
-1.5466	332	100
-1.5003	315	100
-1.5044	226	100
-1.5343	236	100
-1.5045	210	100
-1.5093	297	100
-1.5562	222	100
-1.5016	236	100
-1.4992	266	100
-1.4961	288	100
-1.5043	388	100
-1.5179	329	100
-1.4999	239	100
-1.5519	230	100
-1.4999	237	100
-1.4928	227	100
-1.4994	233	100
-1.5066	221	100
-1.4961	227	100
-1.504	281	100
-1.5055	290	100
-1.5031	250	100
-1.5638	425	100
-1.5493	295	100
-1.4976	234	100
-1.5003	178	100
-1.5484	376	100
-1.5491	265	100
-1.5246	292	100
-1.5166	238	100
-1.4929	233	100
-1.5542	216	100
-1.5236	209	100
-1.5357	276	100
-1.5617	213	100
-1.5468	316	100
-1.5424	293	100
-1.4856	224	100
-1.519	383	100
-1.4839	216	100
-1.4995	246	100
-1.5463	305	100
-1.5044	282	100
-1.4959	242	100
-1.4968	365	100
-1.4955	233	100
-1.505	263	100
-1.5043	209	100
-1.5058	230	100
-1.4891	250	100
-1.4963	264	100
-1.4994	243	100
-1.5029	252	100
-1.4904	188	100
-1.4955	213	100
-1.4912	324	100
-1.4974	271	100
-1.497	206	100
-1.4861	292	100
-1.5685	238	100
-1.5576	244	100
-1.5005	207	100
-1.53	270	100
-1.4935	377	100
-1.5305	221	100
-1.4969	165	100
-1.502	264	100
-1.4992	232	100
-1.4984	243	100
-1.4989	235	100
-1.4991	200	100
-1.5057	217	100
-1.503	250	100
-1.4921	337	100
-1.5049	191	100
-1.5575	238	100
-1.501	288	100
-1.5063	258	100
-1.4958	285	100
-1.5034	317	100
-1.5078	261	100
-1.5043	243	100
-1.4978	217	100
-1.4881	232	100
-1.5049	236	100
-1.5363	303	100
-1.4965	251	100
-1.5031	187	100
-1.5015	265	100
-1.5033	342	100
-1.5047	287	100
-1.4984	202	100
-1.5615	236	100
-1.5603	365	100
-1.5399	340	100
-1.503	252	100
-1.5351	257	100
-1.4999	207	100
-1.498	254	100
-1.5487	298	100
-1.5027	349	100
-1.4955	219	100
-1.5117	220	100
-1.5045	221	100
-1.5489	333	100
-1.5462	236	100
-1.505	222	100
-1.4985	201	100
-1.4972	248	100
-1.5064	225	100
-1.4994	270	100
-1.496	298	100
-1.5017	294	100
-1.5039	240	100
-1.5581	330	100
-1.5676	331	100
-1.502	274	100
-1.4977	307	100
-1.4958	203	100
-1.5558	307	100
-1.4992	256	100
-1.4942	234	100
-1.5194	273	100
-1.4953	262	100
-1.5517	235	100
-1.4885	250	100
-1.4895	272	100
-1.5397	313	100
-1.5539	227	100
-1.5042	310	100
-1.5011	234	100
-1.5231	285	100
-1.5154	219	100
-1.5406	274	100
-1.514	226	100
-1.4963	332	100
-1.5573	284	100
-1.5562	348	100
-1.5493	312	100
-1.4983	241	100
-1.4994	321	100
-1.5005	255	100
-1.5346	345	100
-1.494	281	100
-1.5041	244	100
-1.4971	210	100
-1.4986	272	100
-1.4991	297	100
-1.4987	266	100
-1.4962	182	100
-1.5654	208	100
-1.5039	221	100
-1.4975	208	100
-1.489	280	100
-1.5026	264	100
-1.5041	317	100
-1.4884	226	100
-1.5034	291	100
-1.504	265	100
-1.552	275	100
-1.4945	320	100
-1.5009	307	100
-1.4929	330	100
-1.5008	166	100
-1.4931	239	100
-1.4915	263	100
-1.5392	278	100
-1.4983	290	100
-1.4955	249	100
-1.5009	359	100
-1.4932	241	100
-1.5102	330	100
-1.5314	417	100
-1.4987	261	100
-1.555	228	100
-1.5026	234	100
-1.4899	232	100
-1.4998	302	100
-1.4938	264	100
-1.5581	370	100
-1.5073	253	100
-1.5281	357	100
-1.5454	279	100
-1.4922	217	100
-1.5109	270	100
-1.4879	288	100
-1.493	197	100
-1.4955	261	100
-1.5693	226	100
-1.5567	268	100
-1.5497	265	100
-1.5038	238	100
-1.5263	306	100
-1.4952	259	100
-1.5009	226	100
-1.4921	204	100
-1.555	307	100
-1.5356	227	100
-1.5006	278	100
-1.5042	264	100
-1.5157	273	100
-1.4955	217	100
-1.4997	251	100
-1.4994	303	100
-1.5414	274	100
-1.4976	302	100
-1.4948	236	100
-1.5456	217	100
-1.5502	220	100
-1.5535	254	100
-1.502	228	100
-1.4997	223	100
-1.5019	270	100
-1.5049	265	100
-1.5342	256	100
-1.5414	332	100
-1.4948	212	100
-1.5052	211	100
-1.5047	235	100
-1.5014	231	100
-1.503	218	100
-1.5217	259	100
-1.4994	264	100
-1.505	216	100
-1.5549	230	100
-1.5301	310	100
-1.5032	363	100
-1.4978	208	100
-1.5522	233	100
-1.5154	195	100
-1.5513	244	100
-1.5059	269	100
-1.5037	212	100
-1.5172	312	100
-1.5039	297	100
-1.5515	247	100
-1.5439	269	100
-1.5572	281	100
-1.4864	203	100
-1.5032	222	100
-1.507	266	100
-1.5023	212	100
-1.5424	235	100
-1.5019	300	100
-1.5001	239	100
-1.562	325	100
-1.5548	264	100
-1.4977	208	100
-1.5009	242	100
-1.494	271	100
-1.4968	249	100
-1.5066	266	100
-1.5446	317	100
-1.5045	230	100
-1.4997	247	100
-1.5026	219	100
-1.5069	203	100
-1.5578	249	100
-1.5019	254	100
-1.5374	310	100
-1.5	218	100
-1.4971	359	100
-1.5	267	100
-1.4925	255	100
-1.5603	273	100
-1.4945	318	100
-1.4976	239	100
-1.5041	290	100
-1.5021	279	100
-1.495	253	100
-1.4945	288	100
-1.5405	287	100
-1.4972	244	100
-1.4971	214	100
-1.5038	236	100
-1.4915	340	100
-1.497	229	100
-1.5026	309	100
-1.5113	248	100
-1.4989	224	100
-1.497	213	100
-1.5639	209	100
-1.5041	290	100
-1.4972	225	100
-1.4978	176	100
-1.5067	298	100
-1.5629	288	100
-1.5071	222	100
-1.4982	281	100
-1.541	263	100
-1.5073	302	100
-1.4998	211	100
-1.5545	247	100
-1.4915	307	100
-1.5469	239	100
-1.5129	274	100
-1.5039	234	100
-1.5035	217	100
-1.4873	322	100
-1.4996	228	100
-1.5136	241	100
-1.5087	258	100
-1.4964	263	100
-1.5374	299	100
-1.4946	235	100
-1.5552	228	100
-1.4986	278	100
-1.5041	346	100
-1.5391	283	100
-1.5616	251	100
-1.5042	253	100
-1.5096	218	100
-1.536	266	100
-1.4972	204	100
-1.4943	180	100
-1.4994	302	100
-1.5501	275	100
-1.5074	259	100
-1.4969	297	100
-1.4926	262	100
-1.4956	242	100
-1.5563	265	100
-1.4967	364	100
-1.4963	276	100
-1.5049	260	100
-1.5053	291	100
-1.5611	284	100
-1.5409	243	100
-1.5418	245	100
-1.5633	317	100
-1.5561	197	100
-1.4863	233	100
-1.5275	340	100
-1.5397	321	100
-1.5705	313	100
-1.4987	201	100
-1.4964	278	100
-1.5036	392	100
-1.5056	244	100
-1.4958	234	100
-1.544	246	100
-1.4988	194	100
-1.4993	266	100
-1.5337	302	100
-1.5262	266	100
-1.4954	233	100
-1.4933	307	100
-1.5036	259	100
-1.4919	328	100
-1.4965	200	100
-1.5035	224	100
-1.4913	255	100
-1.5441	253	100
-1.5633	265	100
-1.5246	249	100
-1.4973	237	100
-1.4878	293	100
-1.506	241	100
-1.4922	260	100
-1.5353	261	100
-1.4917	219	100
-1.4933	316	100
-1.5059	247	100
-1.5653	324	100
-1.4888	209	100
-1.5019	203	100
-1.4871	200	100
-1.4928	269	100
-1.5553	223	100
-1.5079	327	100
-1.5632	313	100
-1.5089	267	100
-1.5065	267	100
-1.5031	324	100
-1.4914	248	100
-1.5007	237	100
-1.5198	295	100
-1.532	301	100
-1.5308	274	100
-1.4984	193	100
-1.548	188	100
-1.4934	321	100
-1.5579	305	100
-1.4989	221	100
-1.4993	173	100
-1.5293	339	100
-1.4968	278	100
-1.4994	295	100
-1.4995	229	100
-1.4917	269	100
-1.5028	241	100
-1.4947	264	100
-1.4999	217	100
-1.4916	217	100
-1.4985	274	100
-1.5019	240	100
-1.5008	273	100
-1.4966	242	100
-1.494	250	100
-1.5033	214	100
-1.4984	278	100
-1.5007	373	100
-1.5599	249	100
-1.5559	456	100
-1.5364	263	100
-1.4965	236	100
-1.5688	286	100
-1.4977	208	100
-1.528	280	100
-1.4966	313	100
-1.4949	239	100
-1.4978	238	100
-1.515	286	100
-1.49	331	100
-1.5036	206	100
-1.5039	281	100
-1.4988	244	100
-1.5002	233	100
-1.4972	385	100
-1.5142	285	100
-1.5597	317	100
-1.5597	254	100
-1.4979	238	100
-1.5588	226	100
-1.5023	256	100
-1.4986	243	100
-1.5024	213	100
-1.4886	230	100
-1.4966	215	100
-1.504	332	100
-1.5244	356	100
-1.5361	287	100
-1.5531	311	100
-1.5578	235	100
-1.5567	209	100
-1.549	224	100
-1.4946	202	100
-1.4979	205	100
-1.5079	329	100
-1.5471	286	100
-1.4997	233	100
-1.5556	253	100
-1.4976	220	100
-1.4882	330	100
-1.5025	258	100
-1.4994	219	100
-1.5255	327	100
-1.4992	211	100
-1.5558	258	100
-1.5599	249	100
-1.4952	234	100
-1.5479	239	100
-1.4999	320	100
-1.5386	280	100
-1.5515	232	100
-1.4963	202	100
-1.5051	185	100
-1.4988	426	100
-1.5049	263	100
-1.4972	272	100
-1.564	248	100
-1.4976	287	100
-1.4889	242	100
-1.4966	294	100
-1.4921	312	100
-1.5026	224	100
-1.5568	255	100
-1.555	222	100
-1.499	223	100
-1.4999	199	100
-1.5304	407	100
-1.4952	237	100
-1.4908	219	100
-1.5475	339	100
-1.4832	249	100
-1.5098	206	100
-1.5476	399	100
-1.5464	363	100
-1.5329	236	100
-1.5058	318	100
-1.5003	251	100
-1.572	263	100
-1.4958	239	100
-1.4954	253	100
-1.5623	346	100
-1.4943	287	100
-1.4927	292	100
-1.5018	226	100
-1.5026	331	100
-1.501	248	100
-1.5476	246	100
-1.507	277	100
-1.4916	229	100
-1.5538	237	100
-1.4953	252	100
-1.5091	244	100
-1.5024	245	100
-1.4996	320	100
-1.5296	338	100
-1.5048	203	100
-1.4939	221	100
-1.5564	299	100
-1.4962	307	100
-1.5011	216	100
-1.496	235	100
-1.5151	254	100
-1.5501	222	100
-1.5	371	100
-1.4914	263	100
-1.5596	230	100
-1.4927	233	100
-1.5526	270	100
-1.5503	180	100
-1.5087	301	100
-1.5509	271	100
-1.5463	305	100
-1.5443	215	100
-1.5077	263	100
-1.4984	279	100
-1.4921	215	100
-1.5031	255	100
-1.5591	266	100
-1.5072	295	100
-1.5332	439	100
-1.5057	225	100
-1.501	329	100
-1.4968	242	100
-1.4983	315	100
-1.4962	213	100
-1.4961	287	100
-1.5028	276	100
-1.4966	238	100
-1.4991	208	100
-1.5039	240	100
-1.4943	252	100
-1.4998	232	100
-1.5497	289	100
-1.5554	249	100
-1.4942	336	100
-1.5623	284	100
-1.5126	274	100
-1.5059	225	100
-1.5095	238	100
-1.557	209	100
-1.5048	221	100
-1.557	279	100
-1.5069	285	100
-1.4966	235	100
-1.4992	296	100
-1.4927	331	100
-1.4899	192	100
-1.4963	240	100
-1.5021	234	100
-1.519	318	100
-1.5287	265	100
-1.5065	217	100
-1.4963	296	100
-1.4976	310	100
-1.5006	192	100
-1.5002	170	100
-1.498	223	100
-1.5457	274	100
-1.4999	271	100
-1.4916	283	100
-1.5017	237	100
-1.5034	239	100
-1.4989	202	100
-1.5517	250	100
-1.4978	303	100
-1.4995	241	100
-1.5607	274	100
-1.4935	325	100
-1.5427	211	100
-1.5557	318	100
-1.5136	293	100
-1.5103	325	100
-1.502	229	100
-1.533	217	100
-1.4978	204	100
-1.5098	213	100
-1.5284	259	100
-1.507	267	100
-1.5023	321	100
-1.4971	197	100
-1.5418	226	100
-1.5007	222	100
-1.5595	230	100
-1.4952	212	100
-1.5036	252	100
-1.5064	309	100
-1.5547	377	100
-1.5218	219	100
-1.5007	203	100
-1.5233	290	100
-1.4953	299	100
-1.5088	213	100
-1.5553	259	100
-1.5035	323	100
-1.4983	238	100
-1.5359	298	100
-1.551	239	100
-1.5463	337	100
-1.518	274	100
-1.4956	276	100
-1.4891	198	100
-1.5437	257	100
-1.496	200	100
-1.5524	250	100
-1.5545	269	100
-1.4947	268	100
-1.5383	350	100
-1.4978	239	100
-1.5584	302	100
-1.4922	199	100
-1.5038	202	100
-1.4085	338	100
-1.5122	326	100
-1.4941	226	100
-1.5018	202	100
-1.4855	229	100
-1.497	201	100
-1.5032	292	100
-1.5488	281	100
-1.4949	206	100
-1.4994	220	100
-1.5542	276	100
-1.4946	219	100
-1.5034	226	100
-1.5636	267	100
-1.5496	241	100
-1.4877	217	100
-1.4885	228	100
-1.5011	336	100
-1.4974	246	100
-1.4948	224	100
-1.5625	225	100
-1.5535	394	100
-1.4989	248	100
-1.5494	355	100
-1.498	216	100
-1.542	216	100
-1.5513	319	100
-1.5041	254	100
-1.5589	209	100
-1.4989	352	100
-1.5079	254	100
-1.5386	250	100
-1.5025	353	100
-1.4992	282	100
-1.4953	204	100
-1.4952	370	100
-1.4997	357	100
-1.5632	285	100
-1.4959	225	100
-1.5589	228	100
-1.499	277	100
-1.4978	265	100
-1.4965	244	100
-1.566	375	100
-1.5073	203	100
-1.4928	214	100
-1.5084	388	100
-1.5092	222	100
-1.4993	221	100
-1.5472	287	100
-1.5021	216	100
-1.5043	248	100
-1.5019	194	100
-1.4993	270	100
-1.5071	273	100
-1.5295	284	100
-1.4964	277	100
-1.5011	214	100
-1.5533	304	100
-1.5509	295	100
-1.5244	282	100
-1.4969	234	100
-1.4971	251	100
-1.503	301	100
-1.5105	337	100
-1.4971	268	100
-1.4945	248	100
-1.5562	229	100
-1.5404	234	100
-1.5462	379	100
-1.5411	249	100
-1.4987	222	100
-1.504	244	100
-1.547	313	100
-1.5005	231	100
-1.5397	296	100
-1.4994	287	100
-1.5002	206	100
-1.5601	327	100
-1.499	252	100
-1.4959	188	100
-1.5529	294	100
-1.5046	217	100
-1.4991	263	100
-1.4996	218	100
-1.5025	246	100
-1.5511	221	100
-1.4942	285	100
-1.502	303	100
-1.4945	259	100
-1.4953	323	100
-1.5024	252	100
-1.5182	252	100
-1.5284	258	100
-1.5241	303	100
-1.4889	381	100
-1.4925	230	100
-1.5197	335	100
-1.4977	238	100
-1.4966	220	100
-1.5209	275	100
-1.5608	283	100
-1.4914	261	100
-1.5013	310	100
-1.5302	253	100
-1.4994	272	100
-1.5059	183	100
-1.5005	329	100
-1.4929	248	100
-1.5318	332	100
-1.5567	240	100
-1.5046	315	100
-1.5276	297	100
-1.5205	255	100
-1.5012	249	100
-1.4933	308	100
-1.5045	325	100
-1.4989	252	100
-1.4987	211	100
-1.5496	180	100
-1.4929	193	100
-1.4997	223	100
-1.5437	236	100
-1.555	280	100
-1.5042	371	100
-1.5041	251	100
-1.501	188	100
-1.4951	236	100
-1.4918	211	100
-1.5107	312	100
-1.5047	289	100
-1.5054	250	100
-1.5045	272	100
-1.5055	222	100
-1.4886	212	100
-1.5628	261	100
-1.4985	297	100
-1.5038	258	100
-1.4966	205	100
-1.5024	313	100
-1.5003	227	100
-1.4913	216	100
-1.516	218	100
-1.509	201	100
-1.5609	211	100
-1.5553	247	100
-1.4974	238	100
-1.5554	294	100
-1.552	353	100
-1.5078	255	100
-1.5113	288	100
-1.5099	293	100
-1.5046	232	100
-1.4893	244	100
-1.5502	213	100
-1.5001	259	100
-1.4882	271	100
-1.4935	214	100
-1.5635	241	100
-1.4977	214	100
-1.5192	368	100
-1.559	279	100
-1.502	234	100
-1.518	312	100
-1.4986	295	100
-1.497	290	100
-1.4954	252	100
-1.5026	239	100
-1.493	272	100
-1.4963	281	100
-1.4956	203	100
-1.4947	265	100
-1.501	238	100
-1.4902	259	100
-1.4912	230	100
-1.5009	212	100
-1.5611	279	100
-1.496	279	100
-1.5049	257	100
-1.4945	179	100
-1.4891	217	100
-1.5031	347	100
-1.5037	234	100
-1.5022	185	100
-1.506	301	100
-1.4981	276	100
-1.5024	187	100
-1.4935	278	100
-1.4971	326	100
-1.515	299	100
-1.4951	259	100
-1.5151	297	100
-1.4978	279	100
-1.487	215	100
-1.49	226	100
-1.4962	223	100
-1.5217	409	100
-1.5013	211	100
-1.5557	306	100
-1.5405	276	100
-1.503	305	100
-1.5161	278	100
-1.4938	334	100
-1.504	209	100
-1.5468	191	100
-1.5026	190	100
-1.4926	249	100
-1.506	243	100
-1.5644	249	100
-1.5348	265	100
-1.541	218	100
-1.4993	300	100
-1.5454	232	100
-1.4912	213	100
-1.4997	253	100
-1.5003	298	100
-1.5013	243	100
-1.538	357	100
-1.5634	308	100
-1.4897	274	100
-1.5061	232	100
-1.5044	184	100
-1.5051	251	100
-1.5636	227	100
-1.4981	251	100
-1.5073	251	100
-1.5477	265	100
-1.5014	305	100
-1.4918	273	100
-1.4948	238	100
-1.5008	213	100
-1.501	258	100
-1.5012	228	100
-1.5099	317	100
-1.5036	324	100
-1.554	264	100
-1.5321	256	100
-1.5294	303	100
-1.498	208	100
-1.4881	331	100
-1.5629	342	100
-1.5364	290	100
-1.5095	252	100
-1.4887	268	100
-1.4958	254	100
-1.5456	207	100
-1.5001	215	100
-1.4974	230	100
-1.4977	219	100
-1.4993	228	100
-1.5625	304	100
-1.4992	241	100
-1.4906	373	100
-1.4973	184	100
-1.5591	266	100
-1.5102	181	100
-1.5033	192	100
-1.5569	283	100
-1.5036	205	100
-1.4951	256	100
-1.5317	281	100
-1.5083	206	100
-1.5618	227	100
-1.5567	215	100
-1.5011	274	100
-1.5408	304	100
-1.508	239	100
-1.4931	300	100
-1.4988	324	100
-1.5709	222	100
-1.4902	249	100
-1.5044	221	100
-1.5009	296	100
-1.5027	263	100
-1.4931	231	100
-1.5008	354	100
-1.4879	248	100
-1.5574	294	100
-1.5315	308	100
-1.5466	298	100
-1.5562	240	100
-1.4912	221	100
-1.4993	315	100
-1.5002	290	100
-1.5078	263	100
-1.4969	241	100
-1.5073	355	100
-1.5277	389	100
-1.5509	270	100
-1.5629	228	100
-1.4977	235	100
-1.5669	266	100
-1.5553	319	100
-1.5072	284	100
-1.4957	283	100
-1.4972	211	100
-1.4937	219	100
-1.5334	272	100
-1.5021	280	100
-1.4955	219	100
-1.5044	250	100
-1.5113	339	100
-1.4969	319	100
-1.4937	244	100
-1.5544	274	100
-1.5355	302	100
-1.4996	221	100
-1.4971	234	100
-1.533	283	100
-1.4953	271	100
-1.552	327	100
-1.485	181	100
-1.5246	286	100
-1.4961	251	100
-1.5581	212	100
-1.4999	199	100
-1.5555	345	100
-1.5612	336	100
-1.5109	233	100
-1.5041	244	100
-1.5648	319	100
-1.5544	248	100
-1.5522	230	100
-1.5464	249	100
-1.5298	345	100
-1.5296	308	100
-1.4956	228	100
-1.5024	231	100
-1.5028	191	100
-1.4927	203	100
-1.5477	328	100
-1.4477	338	100
-1.4942	222	100
-1.4955	235	100
-1.5373	197	100
-1.5082	352	100
-1.5497	261	100
-1.5052	292	100
-1.4948	315	100
-1.5087	274	100
-1.5035	361	100
-1.5114	294	100
-1.4989	284	100
-1.5536	238	100
-1.5017	265	100
-1.5564	271	100
-1.4969	222	100
-1.5005	252	100
-1.4959	224	100
-1.5546	281	100
-1.5024	262	100
-1.5518	287	100
-1.5695	318	100
-1.5052	216	100
-1.4951	272	100
-1.4863	239	100
-1.494	281	100
-1.5515	271	100
-1.5667	261	100
-1.4954	362	100
-1.4961	256	100
-1.5499	326	100
-1.5605	340	100
-1.4996	234	100
-1.557	306	100
-1.5611	270	100
-1.5611	321	100
-1.5584	228	100
-1.5009	275	100
-1.5071	294	100
-1.5602	305	100
-1.5693	220	100
-1.499	216	100
-1.4955	282	100
-1.5106	265	100
-1.5557	265	100
-1.5443	303	100
-1.5048	221	100
-1.4957	287	100
-1.524	272	100
-1.5291	301	100
-1.5038	449	100
-1.4947	266	100
-1.5035	226	100
-1.5102	245	100
-1.5164	255	100
-1.5403	262	100
-1.5053	260	100
-1.508	284	100
-1.5244	224	100
-1.4956	316	100
-1.4975	237	100
-1.5602	240	100
-1.5367	242	100
-1.4924	236	100
-1.5019	214	100
-1.5003	247	100
-1.554	338	100
-1.5031	263	100
-1.5658	326	100
-1.5541	314	100
-1.5089	250	100
-1.5039	236	100
-1.5377	212	100
-1.5054	260	100
-1.4874	233	100
-1.494	246	100
-1.4947	296	100
-1.491	242	100
-1.5515	237	100
-1.5006	243	100
-1.4997	229	100
-1.4937	357	100
-1.4903	292	100
-1.4898	280	100
-1.5626	331	100
-1.4992	237	100
-1.4989	186	100
-1.5052	212	100
-1.5415	291	100
-1.5034	227	100
-1.4936	268	100
-1.5109	245	100
-1.4937	209	100
-1.5004	183	100
-1.4972	276	100
-1.5	256	100
-1.5041	251	100
-1.4993	302	100
-1.5112	216	100
-1.5102	290	100
-1.5183	292	100
-1.4987	222	100
-1.5391	312	100
-1.5027	252	100
-1.5067	241	100
-1.4932	225	100
-1.5019	264	100
-1.565	344	100
-1.4966	289	100
-1.5038	216	100
-1.5085	283	100
-1.5001	214	100
-1.5005	244	100
-1.499	221	100
-1.5323	281	100
-1.5311	244	100
-1.5008	208	100
-1.4957	262	100
-1.5035	285	100
-1.5493	245	100
-1.51	306	100
-1.5018	246	100
-1.4948	425	100
-1.502	381	100
-1.5079	348	100
-1.5065	260	100
-1.5356	250	100
-1.5002	224	100
-1.5372	327	100
-1.5026	246	100
-1.5053	329	100
-1.4993	265	100
-1.4926	229	100
-1.4988	294	100
-1.543	222	100
-1.4981	294	100
-1.543	386	100
-1.5	315	100
-1.5088	296	100
-1.5164	327	100
-1.5015	234	100
-1.494	218	100
-1.5698	444	100
-1.5563	231	100
-1.5063	209	100
-1.5025	251	100
-1.5615	197	100
-1.5009	222	100
-1.4926	287	100
-1.498	306	100
-1.5625	355	100
-1.5014	199	100
-1.5065	253	100
-1.5492	243	100
-1.5306	342	100
-1.5033	306	100
-1.4906	212	100
-1.4965	204	100
-1.4986	268	100
-1.4934	235	100
-1.4959	288	100
-1.504	220	100
-1.4968	225	100
-1.5031	272	100
-1.5019	397	100
-1.5002	226	100
-1.5032	203	100
-1.5431	354	100
-1.5507	302	100
-1.496	225	100
-1.4931	298	100
-1.4951	317	100
-1.5224	225	100
-1.563	280	100
-1.5574	197	100
-1.5035	267	100
-1.5055	364	100
-1.5464	267	100
-1.5491	271	100
-1.511	238	100
-1.5012	285	100
-1.4999	280	100
-1.4964	293	100
-1.4961	272	100
-1.4904	252	100
-1.5418	259	100
-1.4967	263	100
-1.5027	276	100
-1.5041	228	100
-1.5066	235	100
-1.4511	391	100
-1.5454	243	100
-1.501	296	100
-1.5007	201	100
-1.52	288	100
-1.5077	257	100
-1.5	199	100
-1.4974	287	100
-1.5007	274	100
-1.5596	384	100
-1.557	309	100
-1.5585	228	100
-1.5297	248	100
-1.493	249	100
-1.4938	250	100
-1.4938	244	100
-1.5523	245	100
-1.5299	304	100
-1.5139	300	100
-1.5442	251	100
-1.5568	246	100
-1.5022	300	100
-1.5072	217	100
-1.5076	323	100
-1.4966	249	100
-1.499	230	100
-1.521	268	100
-1.5212	307	100
-1.4946	310	100
-1.4976	252	100
-1.4914	282	100
-1.4922	188	100
-1.5179	245	100
-1.4933	255	100
-1.5073	295	100
-1.5117	225	100
-1.495	239	100
-1.5489	277	100
-1.5031	245	100
-1.4977	239	100
-1.5505	200	100
-1.496	224	100
-1.5386	297	100
-1.5031	184	100
-1.4976	178	100
-1.5331	354	100
-1.5032	202	100
-1.4955	230	100
-1.5064	255	100
-1.5233	375	100
-1.4908	248	100
-1.5424	361	100
-1.5403	256	100
-1.5425	302	100
-1.4964	218	100
-1.5207	299	100
-1.5479	298	100
-1.5588	302	100
-1.5579	284	100
-1.503	247	100
-1.5057	218	100
-1.4977	287	100
-1.4984	237	100
-1.5009	263	100
-1.5051	242	100
-1.5041	199	100
-1.5415	259	100
-1.503	212	100
-1.5665	216	100
-1.4993	231	100
-1.4872	263	100
-1.4966	162	100
-1.496	254	100
-1.5036	229	100
-1.5591	253	100
-1.5106	302	100
-1.5047	224	100
-1.5112	248	100
-1.5448	303	100
-1.4913	341	100
-1.5051	268	100
-1.5018	274	100
-1.5027	262	100
-1.5616	222	100
-1.4964	248	100
-1.4986	227	100
-1.5283	271	100
-1.4998	206	100
-1.5523	281	100
-1.4916	233	100
-1.5406	222	100
-1.555	210	100
-1.5323	337	100
-1.498	275	100
-1.5379	393	100
-1.5083	266	100
-1.4872	236	100
-1.4938	308	100
-1.5489	335	100
-1.513	272	100
-1.5425	312	100
-1.521	233	100
-1.492	273	100
-1.4988	199	100
-1.497	282	100
-1.5348	289	100
-1.4927	242	100
-1.5026	219	100
-1.4975	254	100
-1.4998	251	100
-1.5042	269	100
-1.4989	217	100
-1.5621	338	100
-1.5325	350	100
-1.512	318	100
-1.4986	204	100
-1.4972	250	100
-1.4985	195	100
-1.5159	240	100
-1.5537	263	100
-1.5021	263	100
-1.5104	229	100
-1.4887	207	100
-1.5098	247	100
-1.496	277	100
-1.5006	286	100
-1.4981	159	100
-1.5028	291	100
-1.5052	219	100
-1.4936	260	100
-1.5014	294	100
-1.4978	255	100
-1.5525	387	100
-1.5513	270	100
-1.4989	294	100
-1.4971	277	100
-1.4955	202	100
-1.5545	239	100
-1.5058	397	100
-1.5417	245	100
-1.5411	318	100
-1.5026	225	100
-1.4966	322	100
-1.4946	208	100
-1.5417	330	100
-1.5585	229	100
-1.4986	276	100
-1.5089	273	100
-1.4946	221	100
-1.4998	186	100
-1.5001	262	100
-1.4985	195	100
-1.5602	227	100
-1.5029	214	100
-1.493	306	100
-1.5005	397	100
-1.4946	254	100
-1.5014	212	100
-1.5452	281	100
-1.5028	221	100
-1.5117	238	100
-1.4936	272	100
-1.5033	214	100
-1.534	255	100
-1.5518	214	100
-1.497	267	100
-1.5478	227	100
-1.4949	363	100
-1.5003	269	100
-1.5421	325	100
-1.4886	258	100
-1.4929	205	100
-1.5131	289	100
-1.491	203	100
-1.5022	337	100
-1.5519	239	100
-1.5547	297	100
-1.5006	292	100
-1.4951	275	100
-1.5195	313	100
-1.5004	239	100
-1.4988	361	100
-1.5012	256	100
-1.535	320	100
-1.4911	217	100
-1.5337	307	100
-1.5019	286	100
-1.5363	301	100
-1.4987	184	100
-1.5571	324	100
-1.508	195	100
-1.5055	239	100
-1.4986	267	100
-1.5548	264	100
-1.5015	277	100
-1.499	250	100
-1.4962	189	100
-1.5016	279	100
-1.5512	213	100
-1.5487	271	100
-1.5004	271	100
-1.5593	330	100
-1.5019	311	100
-1.4944	308	100
-1.4976	279	100
-1.4964	273	100
-1.5306	277	100
-1.5169	271	100
-1.5086	219	100
-1.5135	262	100
-1.4967	298	100
-1.5053	190	100
-1.5459	321	100
-1.504	311	100
-1.503	250	100
-1.5046	207	100
-1.5605	262	100
-1.5622	291	100
-1.497	225	100
-1.5372	278	100
-1.4901	323	100
-1.5008	284	100
-1.558	297	100
-1.4989	226	100
-1.5662	287	100
-1.4895	337	100
-1.5591	227	100
-1.5059	266	100
-1.4962	226	100
-1.5004	260	100
-1.4939	290	100
-1.4887	265	100
-1.4955	241	100
-1.5006	303	100
-1.5014	264	100
-1.4914	218	100
-1.4899	234	100
-1.5039	211	100
-1.5544	344	100
-1.4971	222	100
-1.4937	228	100
-1.5589	297	100
-1.5575	258	100
-1.5537	305	100
-1.4983	208	100
-1.5016	250	100
-1.547	287	100
-1.4928	238	100
-1.4917	214	100
-1.5649	236	100
-1.4964	191	100
-1.5078	265	100
-1.5	195	100
-1.4869	255	100
-1.5267	238	100
-1.5023	211	100
-1.5641	356	100
-1.5243	364	100
-1.5482	308	100
-1.4999	260	100
-1.4992	235	100
-1.4966	239	100
-1.4995	240	100
-1.5081	256	100
-1.5139	342	100
-1.5406	312	100
-1.5328	209	100
-1.4916	295	100
-1.5031	366	100
-1.5005	205	100
-1.4985	199	100
-1.5675	314	100
-1.5064	273	100
-1.4961	243	100
-1.5016	263	100
-1.4987	199	100
-1.4963	218	100
-1.4917	282	100
-1.5123	261	100
-1.5595	277	100
-1.4956	303	100
-1.545	240	100
-1.4988	312	100
-1.5512	308	100
-1.5	287	100
-1.4875	231	100
-1.5091	204	100
-1.5121	239	100
-1.5493	208	100
-1.4963	183	100
-1.5037	197	100
-1.5514	284	100
-1.5558	225	100
-1.5072	321	100
-1.494	428	100
-1.4953	264	100
-1.491	208	100
-1.52	258	100
-1.5465	305	100
-1.5187	369	100
-1.5524	286	100
-1.4971	222	100
-1.4963	224	100
-1.5071	293	100
-1.5443	214	100
-1.5041	367	100
-1.5028	228	100
-1.4938	268	100
-1.5118	240	100
-1.5029	310	100
-1.5622	245	100
-1.514	267	100
-1.5108	227	100
-1.5081	228	100
-1.493	206	100
-1.5002	211	100
-1.4943	204	100
-1.5048	200	100
-1.5007	223	100
-1.5583	330	100
-1.491	327	100
-1.4997	223	100
-1.4974	276	100
-1.4981	214	100
-1.5199	214	100
-1.4949	346	100
-1.5572	268	100
-1.5088	309	100
-1.4855	208	100
-1.5462	291	100
-1.4976	251	100
-1.498	217	100
-1.4958	246	100
-1.503	239	100
-1.5039	237	100
-1.4999	250	100
-1.5553	265	100
-1.5549	215	100
-1.5042	283	100
-1.5128	305	100
-1.5439	360	100
-1.5496	229	100
-1.4996	253	100
-1.5036	250	100
-1.4973	256	100
-1.4959	221	100
-1.5172	231	100
-1.5507	232	100
-1.5607	292	100
-1.5415	343	100
-1.506	205	100
-1.4946	171	100
-1.505	199	100
-1.4981	221	100
-1.4951	344	100
-1.4981	244	100
-1.4971	208	100
-1.5075	184	100
-1.502	260	100
-1.5018	254	100
-1.4952	220	100
-1.5433	206	100
-1.4973	218	100
-1.5463	259	100
-1.5604	202	100
-1.5513	360	100
-1.4954	290	100
-1.5062	311	100
-1.4994	321	100
-1.4972	202	100
-1.556	396	100
-1.5543	253	100
-1.4835	276	100
-1.5404	303	100
-1.5537	297	100
-1.4967	265	100
-1.5506	329	100
-1.5065	223	100
-1.5455	286	100
-1.4971	283	100
-1.5424	368	100
-1.5551	287	100
-1.5439	280	100
-1.5663	283	100
-1.4981	263	100
-1.5481	278	100
-1.4994	208	100
-1.4997	207	100
-1.4851	194	100
-1.501	271	100
-1.5053	229	100
-1.5034	204	100
-1.5016	278	100
-1.5012	231	100
-1.5659	216	100
-1.4855	260	100
-1.5078	231	100
-1.5671	223	100
-1.5049	220	100
-1.4943	226	100
-1.4918	209	100
-1.4973	198	100
-1.4974	231	100
-1.4902	301	100
-1.4964	264	100
-1.4966	289	100
-1.5396	313	100
-1.4961	210	100
-1.5006	173	100
-1.5015	246	100
-1.5386	361	100
-1.4929	197	100
-1.4961	242	100
-1.5279	303	100
-1.5673	340	100
-1.5396	277	100
-1.5495	295	100
-1.5401	250	100
-1.5433	268	100
-1.4934	261	100
-1.5089	217	100
-1.4983	266	100
-1.4979	241	100
-1.5452	293	100
-1.532	288	100
-1.4883	247	100
-1.4966	217	100
-1.4933	234	100
-1.501	273	100
-1.4927	229	100
-1.4978	251	100
-1.4926	256	100
-1.5439	321	100
-1.5281	271	100
-1.4963	251	100
-1.4992	215	100
-1.5016	321	100
-1.5025	258	100
-1.4936	431	100
-1.4986	169	100
-1.4929	310	100
-1.5064	252	100
-1.4994	203	100
-1.4873	194	100
-1.5011	235	100
-1.4985	230	100
-1.4999	278	100
-1.4993	194	100
-1.5003	278	100
-1.5014	283	100
-1.4965	244	100
-1.4972	217	100
-1.5503	341	100
-1.5	251	100
-1.4948	199	100
-1.5029	263	100
-1.5445	249	100
-1.5016	258	100
-1.4921	304	100
-1.5589	229	100
-1.5481	247	100
-1.5505	262	100
-1.4968	254	100
-1.498	293	100
-1.5643	207	100
-1.5005	270	100
-1.4984	246	100
-1.5013	339	100
-1.5534	256	100
-1.4988	232	100
-1.4948	236	100
-1.5115	335	100
-1.5456	198	100
-1.5081	262	100
-1.4909	241	100
-1.4946	279	100
-1.5488	319	100
-1.5615	245	100
-1.4993	207	100
-1.5014	283	100
-1.5566	237	100
-1.4968	199	100
-1.5039	211	100
-1.5035	261	100
-1.5013	231	100
-1.53	324	100
-1.5603	311	100
-1.4948	194	100
-1.5614	280	100
-1.5012	316	100
-1.5535	265	100
-1.4998	216	100
-1.5038	245	100
-1.5029	224	100
-1.5109	265	100
-1.4926	193	100
-1.4965	240	100
-1.5724	237	100
-1.5006	220	100
-1.4994	233	100
-1.5004	224	100
-1.4914	335	100
-1.5029	215	100
-1.5578	343	100
-1.51	270	100
-1.4916	226	100
-1.4984	291	100
-1.5531	398	100
-1.4997	295	100
-1.4949	252	100
-1.4961	214	100
-1.4913	283	100
-1.4938	223	100
-1.5005	292	100
-1.5024	230	100
-1.4971	269	100
-1.5463	264	100
-1.4974	236	100
-1.4902	190	100
-1.4934	278	100
-1.4887	242	100
-1.4978	243	100
-1.504	223	100
-1.4949	230	100
-1.5011	347	100
-1.4939	228	100
-1.5027	202	100
-1.4999	218	100
-1.5605	306	100
-1.5612	187	100
-1.5557	273	100
-1.5476	220	100
-1.5009	237	100
-1.495	253	100
-1.5564	279	100
-1.4962	406	100
-1.5091	226	100
-1.4984	246	100
-1.4924	238	100
-1.4951	335	100
-1.495	303	100
-1.5437	296	100
-1.5552	306	100
-1.5037	352	100
-1.5151	240	100
-1.557	244	100
-1.4913	338	100
-1.5012	241	100
-1.5375	336	100
-1.4966	259	100
-1.4954	237	100
-1.4959	230	100
-1.4901	334	100
-1.5564	288	100
-1.5585	206	100
-1.491	205	100
-1.5017	261	100
-1.491	231	100
-1.5029	309	100
-1.5171	297	100
-1.5405	279	100
-1.4977	275	100
-1.5471	280	100
-1.5627	279	100
-1.4815	231	100
-1.497	267	100
-1.4953	299	100
-1.5102	268	100
-1.5052	259	100
-1.539	308	100
-1.5479	245	100
-1.4893	247	100
-1.5556	313	100
-1.5023	360	100
-1.5658	259	100
-1.513	288	100
-1.5501	247	100
-1.4995	247	100
-1.5015	288	100
-1.504	209	100
-1.4898	224	100
-1.5623	332	100
-1.4997	264	100
-1.4922	274	100
-1.4968	349	100
-1.5686	328	100
-1.4988	211	100
-1.4944	293	100
-1.5467	338	100
-1.5286	295	100
-1.5047	255	100
-1.5313	256	100
-1.4944	311	100
-1.504	288	100
-1.547	263	100
-1.501	239	100
-1.5043	286	100
-1.5651	268	100
-1.5679	303	100
-1.5022	209	100
-1.4971	194	100
-1.5659	265	100
-1.5074	272	100
-1.5008	212	100
-1.4959	341	100
-1.5061	279	100
-1.5052	225	100
-1.5012	203	100
-1.546	279	100
-1.5494	281	100
-1.4996	182	100
-1.5013	270	100
-1.5621	365	100
-1.5043	283	100
-1.5015	231	100
-1.4968	219	100
-1.5483	278	100
-1.4912	280	100
-1.4982	259	100
-1.5036	245	100
-1.5017	232	100
-1.4946	238	100
-1.5005	259	100
-1.5037	253	100
-1.4913	198	100
-1.539	223	100
-1.4939	215	100
-1.5	223	100
-1.5043	231	100
-1.5009	231	100
-1.4923	293	100
-1.5058	197	100
-1.5454	321	100
-1.504	266	100
-1.4953	196	100
-1.5055	253	100
-1.549	216	100
-1.4861	254	100
-1.5554	277	100
-1.541	253	100
-1.4847	307	100
-1.5044	242	100
-1.4969	268	100
-1.5019	235	100
-1.5017	252	100
-1.4962	283	100
-1.5059	277	100
-1.5598	365	100
-1.5585	290	100
-1.5012	238	100
-1.5612	242	100
-1.5025	246	100
-1.5265	302	100
-1.4928	231	100
-1.5514	217	100
-1.4957	205	100
-1.4972	263	100
-1.4945	215	100
-1.5152	277	100
-1.5025	247	100
-1.5277	322	100
-1.5634	242	100
-1.5497	252	100
-1.3029	344	100
-1.4962	276	100
-1.5308	217	100
-1.5615	226	100
-1.4881	234	100
-1.5607	326	100
-1.4881	209	100
-1.4975	371	100
-1.51	257	100
-1.5051	265	100
-1.5049	237	100
-1.507	270	100
-1.4913	250	100
-1.5041	214	100
-1.5307	218	100
-1.4996	350	100
-1.5223	258	100
-1.4971	257	100
-1.4984	234	100
-1.5684	241	100
-1.5467	259	100
-1.4886	416	100
-1.5215	303	100
-1.5034	293	100
-1.5505	313	100
-1.5698	243	100
-1.4871	259	100
-1.5643	266	100
-1.553	263	100
-1.5066	356	100
-1.5409	305	100
-1.5539	404	100
-1.5393	307	100
-1.4877	248	100
-1.4968	278	100
-1.5015	295	100
-1.5288	265	100
-1.5056	311	100
-1.5008	212	100
-1.4985	229	100
-1.5025	236	100
-1.4923	201	100
-1.5298	231	100
-1.4928	209	100
-1.4989	181	100
-1.5015	227	100
-1.5247	325	100
-1.5473	285	100
-1.4948	272	100
-1.5365	297	100
-1.5584	259	100
-1.5463	324	100
-1.501	315	100
-1.505	215	100
-1.5025	286	100
-1.5541	271	100
-1.4979	237	100
-1.5477	321	100
-1.5007	299	100
-1.5122	270	100
-1.4921	181	100
-1.5527	260	100
-1.492	246	100
-1.5514	237	100
-1.4947	231	100
-1.4904	226	100
-1.4927	236	100
-1.5539	335	100
-1.5005	198	100
-1.5038	247	100
-1.4966	276	100
-1.53	237	100
-1.4977	230	100
-1.4969	272	100
-1.5028	379	100
-1.4978	245	100
-1.5411	298	100
-1.5565	228	100
-1.5004	281	100
-0.7199	348	100
-1.4783	299	100
-1.5054	247	100
-1.4926	273	100
-1.4953	261	100
-1.4939	251	100
-1.5554	346	100
-1.5342	369	100
-1.5693	243	100
-1.5028	222	100
-1.5004	194	100
-1.4973	271	100
-1.4971	266	100
-1.4954	305	100
-1.5009	264	100
-1.5498	262	100
-1.5522	209	100
-1.5069	202	100
-1.4962	215	100
-1.4969	344	100
-1.5351	249	100
-1.5014	254	100
-1.4924	203	100
-1.5013	187	100
-1.5473	344	100
-1.5368	253	100
-1.4961	264	100
-1.5042	223	100
-1.5647	301	100
-1.4935	236	100
-1.5579	310	100
-1.495	192	100
-1.4945	188	100
-1.5543	327	100
-1.512	304	100
-1.5633	209	100
-1.5262	293	100
-1.4957	195	100
-1.4961	231	100
-1.5005	317	100
-1.4937	277	100
-1.5011	191	100
-1.5517	311	100
-1.4989	205	100
-1.4968	289	100
-1.563	332	100
-1.5138	362	100
-1.4957	220	100
-1.4957	312	100
-1.4959	272	100
-1.4904	241	100
-1.5115	220	100
-1.4945	276	100
-1.5604	260	100
-1.5053	244	100
-1.5505	197	100
-1.5622	331	100
-1.5011	202	100
-1.5162	261	100
-1.497	261	100
-1.5334	303	100
-1.5538	285	100
-1.5589	256	100
-1.5357	304	100
-1.5031	268	100
-1.506	218	100
-1.5314	383	100
-1.4935	196	100
-1.502	212	100
-1.5026	307	100
-1.5379	301	100
-1.5049	221	100
-1.5067	198	100
-1.5375	252	100
-1.5316	323	100
-1.5066	224	100
-1.4979	240	100
-1.5296	255	100
-1.4943	197	100
-1.5448	299	100
-1.5051	222	100
-1.5065	177	100
-1.5619	301	100
-1.4967	280	100
-1.5001	376	100
-1.5093	209	100
-1.5027	212	100
-1.5573	265	100
-1.5497	239	100
-1.5013	270	100
-1.495	251	100
-1.5089	257	100
-1.4905	320	100
-1.4913	252	100
-1.4989	295	100
-1.5047	255	100
-1.4919	177	100
-1.502	215	100
-1.5027	221	100
-1.5536	282	100
-1.5007	343	100
-1.5012	207	100
-1.5045	243	100
-1.5411	406	100
-1.4984	235	100
-1.5613	273	100
-1.5351	217	100
-1.5571	209	100
-1.4999	214	100
-1.5489	239	100
-1.4953	271	100
-1.4946	327	100
-1.5568	243	100
-1.4904	379	100
-1.5039	304	100
-1.5221	272	100
-1.5476	328	100
-1.5448	205	100
-1.4958	207	100
-1.4893	330	100
-1.495	218	100
-1.5231	325	100
-1.5615	247	100
-1.4919	212	100
-1.5001	234	100
-1.5429	230	100
-1.5024	226	100
-1.5569	331	100
-1.5039	216	100
-1.506	225	100
-1.4908	323	100
-1.5117	292	100
-1.528	273	100
-1.5576	233	100
-1.4945	346	100
-1.4957	260	100
-1.498	380	100
-1.5508	314	100
-1.5014	350	100
-1.4981	218	100
-1.4937	297	100
-1.5568	195	100
-1.5042	269	100
-1.4965	235	100
-1.493	272	100
-1.4886	235	100
-1.4964	215	100
-1.4981	232	100
-1.5119	347	100
-1.5492	227	100
-1.4978	238	100
-1.5402	379	100
-1.5054	243	100
-1.5431	265	100
-1.5023	208	100
-1.5362	317	100
-1.5324	302	100
-1.5681	266	100
-1.4987	218	100
-1.5584	273	100
-1.5609	260	100
-1.532	244	100
-1.4943	222	100
-1.4955	225	100
-1.5021	259	100
-1.4975	189	100
-1.5501	261	100
-1.5466	334	100
-1.4979	239	100
-1.5321	278	100
-1.4958	273	100
-1.4967	295	100
-1.5305	347	100
-1.4978	283	100
-1.504	345	100
-1.5445	242	100
-1.5473	208	100
-1.491	268	100
-1.5464	284	100
-1.504	295	100
-1.521	232	100
-1.4967	167	100
-1.544	328	100
-1.5145	278	100
-1.4936	203	100
-1.5023	325	100
-1.505	260	100
-1.4909	375	100
-1.5539	272	100
-1.5039	301	100
-1.499	207	100
-1.5019	211	100
-1.4986	277	100
-1.5537	216	100
-1.4991	250	100
-1.5436	336	100
-1.5325	280	100
-1.5031	279	100
-1.5031	212	100
-1.5686	198	100
-1.5646	236	100
-1.5045	211	100
-1.4981	268	100
-1.4984	233	100
-1.4955	271	100
-1.5044	230	100
-1.547	192	100
-1.5524	223	100
-1.5378	231	100
-1.5467	254	100
-1.495	217	100
-1.5058	234	100
-1.4997	263	100
-1.5011	230	100
-1.5149	270	100
-1.5008	276	100
-1.5482	408	100
-1.4918	247	100
-1.4968	175	100
-1.5542	294	100
-1.509	321	100
-1.4986	281	100
-1.5507	167	100
-1.498	287	100
-1.5406	219	100
-1.5135	268	100
-1.5218	289	100
-1.5541	178	100
-1.4684	279	100
-1.5483	259	100
-1.4968	291	100
-1.4967	253	100
-1.5003	232	100
-1.4969	267	100
-1.5596	255	100
-1.5192	216	100
-1.5002	212	100
-1.5014	288	100
-1.4974	212	100
-1.4971	209	100
-1.5015	224	100
-1.4992	326	100
-1.493	200	100
-1.4949	211	100
-1.5098	211	100
-1.51	365	100
-1.5	278	100
-1.5087	199	100
-1.4983	216	100
-1.5051	314	100
-1.5678	323	100
-1.5154	233	100
-1.5554	304	100
-1.5015	262	100
-1.5531	278	100
-1.5036	282	100
-1.499	272	100
-1.4942	219	100
-1.4983	223	100
-1.5492	329	100
-1.4898	220	100
-1.4977	210	100
-1.4999	251	100
-1.5583	279	100
-1.5021	252	100
-1.5063	302	100
-1.4976	195	100
-1.5565	238	100
-1.508	232	100
-1.5665	276	100
-1.5018	199	100
-1.5458	351	100
-1.4995	314	100
-1.4934	353	100
-1.5034	232	100
-1.499	233	100
-1.5369	239	100
-1.5362	374	100
-1.4986	253	100
-1.4989	309	100
-1.5108	260	100
-1.5413	277	100
-1.549	311	100
-1.4955	238	100
-1.4937	325	100
-1.5099	268	100
-1.5421	252	100
-1.5022	308	100
-1.5475	228	100
-1.5047	231	100
-1.5001	303	100
-1.4979	385	100
-1.4966	197	100
-1.5001	187	100
-1.4785	304	100
-1.48	253	100
-1.5002	252	100
-1.4964	176	100
-1.5052	237	100
-1.4983	250	100
-1.5599	280	100
-1.5017	274	100
-1.4941	231	100
-1.4992	220	100
-1.487	281	100
-1.4982	222	100
-1.4954	233	100
-1.5017	223	100
-1.4882	287	100
-1.4973	221	100
-1.5096	251	100
-1.496	251	100
-1.5025	204	100
-1.5415	229	100
-1.5374	415	100
-1.4958	288	100
-1.5531	258	100
-1.4987	237	100
-1.5058	243	100
-1.5028	316	100
-1.4951	218	100
-1.4974	230	100
-1.4862	215	100
-1.5033	228	100
-1.5248	254	100
-1.4976	273	100
-1.5467	347	100
-1.5508	263	100
-1.5582	190	100
-1.5173	274	100
-1.5248	279	100
-1.5557	232	100
-1.5063	234	100
-1.5012	242	100
-1.5056	240	100
-1.5018	206	100
-1.5015	229	100
-1.496	212	100
-1.5589	296	100
-1.5451	280	100
-1.5359	252	100
-1.5634	261	100
-1.5022	289	100
-1.4944	219	100
-1.4949	241	100
-1.4954	215	100
-1.5252	310	100
-1.5604	221	100
-1.4964	220	100
-1.4993	233	100
-1.5071	313	100
-1.5013	247	100
-1.5004	224	100
-1.4924	288	100
-1.4933	300	100
-1.5019	195	100
-1.5017	260	100
-1.5485	230	100
-1.4969	264	100
-1.4982	273	100
-1.4968	252	100
-1.5067	241	100
-1.4981	220	100
-1.5022	334	100
-1.51	331	100
-1.4978	299	100
-1.4986	219	100
-1.5623	280	100
-1.5015	291	100
-1.4994	207	100
-1.5	274	100
-1.5009	241	100
-1.536	299	100
-1.5569	281	100
-1.5401	249	100
-1.4977	243	100
-1.5543	265	100
-1.5418	254	100
-1.5462	386	100
-1.4888	236	100
-1.5028	271	100
-1.4943	202	100
-1.5078	223	100
-1.5416	254	100
-1.5559	256	100
-1.4969	221	100
-1.562	270	100
-1.5004	246	100
-1.4984	261	100
-1.5043	229	100
-1.4934	213	100
-1.4845	220	100
-1.4987	252	100
-1.4955	204	100
-1.5515	214	100
-1.4983	241	100
-1.5012	234	100
-1.5001	227	100
-1.5561	337	100
-1.5003	314	100
-1.4997	245	100
-1.4903	214	100
-1.497	199	100
-1.4968	337	100
-1.501	229	100
-1.5018	232	100
-1.5036	242	100
-1.5003	251	100
-1.556	272	100
-1.5514	238	100
-1.4967	200	100
-1.5059	272	100
-1.5115	251	100
-1.4895	273	100
-1.4889	310	100
-1.5024	254	100
-1.4993	303	100
-1.545	279	100
-1.5095	279	100
-1.5603	228	100
-1.5037	308	100
-1.4978	249	100
-1.5511	308	100
-1.5527	234	100
-1.5108	307	100
-1.5	312	100
-1.56	251	100
-1.493	332	100
-1.4946	286	100
-1.4929	289	100
-1.5459	266	100
-1.5028	299	100
-1.4961	210	100
-1.5004	207	100
-1.4833	260	100
-1.5069	302	100
-1.5025	259	100
-1.4959	288	100
-1.4974	237	100
-1.4986	253	100
-1.5041	276	100
-1.5053	375	100
-1.5425	343	100
-1.5015	249	100
-1.5574	265	100
-1.4888	181	100
-1.4933	352	100
-1.4995	251	100
-1.4983	186	100
-1.5343	383	100
-1.5608	291	100
-1.4943	232	100
-1.4873	245	100
-1.5013	321	100
-1.4995	221	100
-1.4977	194	100
-1.5024	261	100
-1.5086	272	100
-1.5654	212	100
-1.5664	276	100
-1.4981	195	100
-1.5252	262	100
-1.4963	275	100
-1.5015	244	100
-1.5469	284	100
-1.5587	208	100
-1.5	191	100
-1.509	307	100
-1.4941	215	100
-1.5047	279	100
-1.5499	248	100
-1.4983	333	100
-1.4963	232	100
-1.5512	295	100
-1.4974	301	100
-1.4906	216	100
-1.5039	244	100
-1.4985	180	100
-1.5025	243	100
-1.5413	311	100
-1.5074	322	100
-1.4921	289	100
-1.5018	227	100
-1.4934	260	100
-1.5735	275	100
-1.5107	326	100
-1.4922	273	100
-1.4984	225	100
-1.5407	294	100
-1.5284	214	100
-1.4987	238	100
-1.5553	354	100
-1.5045	212	100
-1.5038	225	100
-1.5026	233	100
-1.5225	352	100
-1.505	218	100
-1.4946	238	100
-1.4959	195	100
-1.4967	225	100
-1.503	233	100
-1.5327	264	100
-1.5039	241	100
-1.4998	355	100
-1.4958	175	100
-1.512	289	100
-1.5488	339	100
-1.4941	214	100
-1.4976	235	100
-1.5478	290	100
-1.4906	234	100
-1.4892	199	100
-1.5083	297	100
-1.5027	234	100
-1.4975	252	100
-1.5394	246	100
-1.5506	371	100
-1.501	305	100
-1.4916	243	100
-1.4953	273	100
-1.4988	219	100
-1.5183	337	100
-1.5075	244	100
-1.5026	210	100
-1.4947	368	100
-1.4918	323	100
-1.504	243	100
-1.4974	240	100
-1.4946	302	100
-1.5057	247	100
-1.5347	316	100
-1.56	249	100
-1.5019	209	100
-1.4975	222	100
-1.5182	279	100
-1.5709	278	100
-1.4992	200	100
-1.4983	204	100
-0.7692	342	100
-1.5396	199	100
-1.4984	191	100
-1.5565	327	100
-1.561	237	100
-1.5062	334	100
-1.5653	331	100
-1.4933	332	100
-1.5289	364	100
-1.547	195	100
-1.4977	222	100
-1.507	224	100
-1.5439	242	100
-1.4946	226	100
-1.5291	299	100
-1.501	325	100
-1.5007	174	100
-1.4918	284	100
-1.5632	264	100
-1.5022	286	100
-1.497	244	100
-1.501	289	100
-1.4954	272	100
-1.5051	229	100
-1.4945	324	100
-1.4954	200	100
-1.5136	246	100
-1.4921	320	100
-1.4982	249	100
-1.4975	188	100
-1.4989	314	100
-1.4916	212	100
-1.4893	330	100
-1.5401	356	100
-1.5564	308	100
-1.4998	261	100
-1.5537	296	100
-1.4963	380	100
-1.5099	200	100
-1.4906	321	100
-1.5508	208	100
-1.5076	268	100
-1.5025	298	100
-1.4952	257	100
-1.5018	239	100
-1.4844	189	100
-1.4947	268	100
-1.5569	248	100
-1.5531	304	100
-1.4935	233	100
-1.4969	256	100
-1.5626	366	100
-1.5547	251	100
-1.5589	294	100
-1.5555	405	100
-1.5426	335	100
-1.5151	297	100
-1.554	300	100
-1.4949	363	100
-1.5467	292	100
-1.4988	257	100
-1.5017	266	100
-1.5579	254	100
-1.551	283	100
-1.4902	182	100
-1.5632	250	100
-1.4954	228	100
-1.5034	286	100
-1.4977	227	100
-1.5034	222	100
-1.5567	231	100
-1.4971	379	100
-1.5557	240	100
-1.4851	276	100
-1.5396	232	100
-1.5666	342	100
-1.514	260	100
-1.5046	304	100
-1.4981	242	100
-1.4982	302	100
-1.5486	237	100
-1.5035	283	100
-1.5471	254	100
-1.5002	306	100
-1.4908	312	100
-1.5564	279	100
-1.4987	348	100
-1.4948	245	100
-1.4931	209	100
-1.5091	246	100
-1.522	266	100
-1.5671	285	100
-1.4971	219	100
-1.5437	311	100
-1.4986	207	100
-1.4915	260	100
-1.4949	186	100
-1.4726	398	100
-1.4955	266	100
-1.4969	215	100
-1.5589	325	100
-1.4955	205	100
-1.4946	286	100
-1.4994	223	100
-1.4941	221	100
-1.5059	241	100
-1.4934	282	100
-1.4987	295	100
-1.553	322	100
-1.5549	253	100
-1.5088	315	100
-1.494	310	100
-1.5014	246	100
-1.5048	235	100
-1.5559	260	100
-1.5112	304	100
-1.5471	359	100
-1.5431	357	100
-1.5056	236	100
-1.4985	273	100
-1.4964	202	100
-1.5017	229	100
-1.5057	285	100
-1.5024	235	100
-1.4945	225	100
-1.4871	310	100
-1.4874	237	100
-1.5065	259	100
-1.559	320	100
-1.553	271	100
-1.4953	249	100
-1.495	297	100
-1.4971	216	100
-1.55	306	100
-1.4958	273	100
-1.504	234	100
