-1.562464	46	33
-1.500477	32	20
-1.561016	47	36
-1.501106	46	29
-1.562711	36	25
-1.501185	33	21
-1.562051	39	27
-1.5005	41	30
-1.500627	43	27
-1.500451	30	20
-1.501603	37	25
-1.561971	40	37
-1.500368	24	19
-1.500728	43	31
-1.500315	33	22
-1.56285	73	53
-1.500521	32	21
-1.501059	28	16
-1.500943	68	39
-1.500853	36	24
-1.562043	38	29
-1.56229	55	43
-1.56217	34	28
-1.500147	32	20
-1.500388	35	23
-1.501109	47	35
-1.562483	61	48
-1.500761	45	32
-1.500802	54	32
-1.562394	83	53
-1.501276	39	27
-1.500141	29	18
-1.561707	74	57
-1.562563	42	30
-1.501103	48	25
-1.501271	65	40
-1.561956	61	47
-1.55514	39	30
-1.501015	38	26
-1.562509	60	38
-1.500748	35	23
-1.500871	46	29
-1.500739	32	21
-1.558544	39	28
-1.562351	45	33
-1.563011	47	35
-1.501083	36	24
-1.562274	43	31
-1.500825	30	18
-1.500623	30	18
-1.562809	37	25
-1.500821	60	47
-1.561751	35	25
-1.561292	43	33
-1.562508	39	27
-1.562563	58	44
-1.501135	40	26
-1.5005	42	30
-1.562619	51	39
-1.500393	45	33
-1.500896	53	39
-1.562409	48	33
-1.501173	30	18
-1.561875	39	27
-1.501124	51	29
-1.500773	51	37
-1.501009	45	28
-1.562259	33	21
-1.562042	52	40
-1.500767	32	20
-1.500984	44	23
-1.501774	48	35
-1.500354	29	17
-1.56142	34	22
-1.500762	27	15
-1.500467	40	28
-1.500894	56	40
-1.501055	30	18
-1.562417	35	23
-1.512901	67	55
-1.561282	51	40
-1.562796	49	33
-1.562483	50	35
-1.56102	48	37
-1.500683	31	19
-1.501899	34	28
-1.563103	44	30
-1.501112	31	19
-1.500738	39	27
-1.500183	27	16
-1.56225	57	41
-1.500596	41	29
-1.561241	39	28
-1.501002	28	16
-1.500336	41	29
-1.500714	37	25
-1.562846	87	56
-1.562439	49	36
-1.562536	61	49
-1.561973	48	36
-1.562393	63	48
-1.500917	32	21
-1.500875	43	31
-1.561904	40	29
-1.500345	40	29
-1.562044	42	30
-1.500663	51	36
-1.562765	77	61
-1.500582	42	28
-1.500747	34	22
-1.50091	53	35
-1.500897	50	33
-1.56251	53	41
-1.501357	70	47
-1.501091	47	33
-1.562461	54	42
-1.500978	38	27
-1.501388	32	20
-1.559278	39	27
-1.500847	28	16
-1.501025	43	25
-1.56234	34	22
-1.562429	41	29
-1.500851	33	21
-1.500731	42	29
-1.500468	38	27
-1.562548	57	38
-1.500703	45	30
-1.500395	32	20
-1.56313	70	56
-1.501275	40	28
-1.500956	38	26
-1.502691	40	28
-1.500137	27	15
-1.500334	42	31
-1.562896	54	40
-1.500273	30	18
-1.561698	40	31
-1.500957	33	21
-1.500442	31	19
-1.561594	31	19
-1.502659	35	23
-1.55613	41	31
-1.50064	42	32
-1.500326	33	21
-1.561328	40	29
-1.501036	62	43
-1.501439	43	25
-1.561189	34	23
-1.500687	37	24
-1.500423	35	24
-1.561906	32	20
-1.500302	34	24
-1.500721	31	19
-1.562139	32	27
-1.501046	47	32
-1.560618	34	23
-1.500873	37	25
-1.500991	36	23
-1.561708	49	38
-1.500548	28	16
-1.501005	32	20
-1.500338	29	19
-1.562298	41	30
-1.561278	49	28
-1.559563	34	22
-1.500685	53	35
-1.500693	48	26
-1.562142	46	34
-1.500799	33	21
-1.500265	43	32
-1.500544	29	18
-1.501543	40	28
-1.500953	27	15
-1.561081	32	22
-1.562127	47	32
-1.547729	54	44
-1.500755	48	32
-1.562335	57	40
-1.562985	58	42
-1.562705	44	31
-1.561955	52	31
-1.500682	55	40
-1.501099	35	23
-1.501896	47	27
-1.561333	34	30
-1.500742	50	35
-1.562181	55	43
-1.562223	53	41
-1.501343	37	22
-1.500596	33	21
-1.562556	39	28
-1.500664	39	32
-1.560982	40	29
-1.500973	31	19
-1.500886	50	31
-1.501283	40	26
-1.500624	51	31
-1.501352	32	20
-1.56225	40	28
-1.562573	50	38
-1.56199	87	75
-1.500845	32	20
-1.501266	44	27
-1.562006	59	47
-1.500982	63	39
-1.561705	32	22
-1.562595	44	30
-1.500995	33	22
-1.501095	43	20
-1.500279	28	23
-1.501092	45	33
-1.559826	42	30
-1.562609	55	46
-1.562032	51	40
-1.500846	40	28
-1.562009	30	24
-1.563071	47	33
-1.500745	39	25
-1.561788	34	23
-1.562709	44	32
-1.559181	35	24
-1.49981	87	57
-1.560259	63	47
-1.563141	48	36
-1.501391	49	27
-1.561626	46	28
-1.562333	39	27
-1.500787	33	26
-1.50099	67	42
-1.501166	47	27
-1.562456	55	43
-1.561256	56	43
-1.500005	25	20
-1.559334	49	36
-1.50029	48	38
-1.562271	39	27
-1.560519	40	28
-1.560217	35	24
-1.500661	48	35
-1.50054	31	19
-1.56185	40	28
-1.561696	75	55
-1.500447	52	32
-1.562055	39	27
-1.562248	71	46
-1.563017	55	39
-1.501298	58	42
-1.56166	30	19
-1.500309	44	36
-1.500796	34	22
-1.562604	41	29
-1.561843	49	38
-1.562679	54	42
-1.5009	45	32
-1.50013	31	27
-1.560843	41	31
-1.500839	33	21
-1.500679	38	26
-1.500906	35	23
-1.561044	38	26
-1.500259	31	19
-1.562421	42	29
-1.500757	45	27
-1.562558	45	25
-1.501689	67	54
-1.501044	61	44
-1.500737	57	44
-1.500836	50	31
-1.562471	60	44
-1.500081	36	24
-1.500717	41	29
-1.561564	48	43
-1.562654	74	51
-1.561501	44	33
-1.562599	49	35
-1.500379	32	22
-1.561091	42	32
-1.500848	34	22
-1.50115	51	36
-1.562378	35	23
-1.50056	41	26
-1.562108	44	33
-1.561426	35	23
-1.561881	40	29
-1.562409	34	22
-1.500785	30	18
-1.501574	47	31
-1.561396	37	26
-1.500319	25	21
-1.501035	31	19
-1.562514	46	35
-1.563038	40	27
-1.562274	39	27
-1.500828	38	26
-1.501259	50	35
-1.560828	56	45
-1.562175	44	32
-1.500443	34	23
-1.501482	43	28
-1.561067	31	22
-1.501305	46	25
-1.562326	35	23
-1.562496	58	46
-1.562082	60	47
-1.562782	34	23
-1.5569	35	23
-1.501302	44	23
-1.501005	31	20
-1.500241	37	25
-1.561783	43	31
-1.500643	43	30
-1.562084	35	23
-1.562574	44	31
-1.562453	60	44
-1.500813	41	27
-1.501282	35	23
-1.562157	50	38
-1.500559	40	28
-1.561822	57	46
-1.501129	47	33
-1.562709	85	52
-1.562752	34	22
-1.500527	45	27
-1.499856	35	24
-1.50083	30	18
-1.501261	68	41
-1.500746	44	24
-1.500223	28	25
-1.500328	35	24
-1.559721	47	33
-1.562075	41	30
-1.561355	37	25
-1.562648	81	57
-1.562227	49	37
-1.501028	61	33
-1.560412	41	29
-1.500941	43	31
-1.560795	57	40
-1.562192	40	30
-1.516892	52	29
-1.562518	46	34
-1.500582	26	19
-1.562504	59	42
-1.562643	69	55
-1.561868	40	28
-1.500518	28	18
-1.501034	52	34
-1.56226	59	45
-1.559188	43	34
-1.500817	36	22
-1.500659	40	29
-1.500744	45	34
-1.561299	47	35
-1.501128	35	23
-1.562012	35	23
-1.500676	47	31
-1.500731	41	28
-1.562001	43	32
-1.562332	69	50
-1.499505	33	22
-1.500956	38	26
-1.562363	51	39
-1.562378	54	42
-1.561953	52	37
-1.500765	40	28
-1.501391	52	33
-1.500287	36	24
-1.561822	57	44
-1.500804	52	35
-1.500329	30	26
-1.500673	66	46
-1.500417	29	23
-1.500912	69	48
-1.561632	48	36
-1.562147	45	33
-1.50083	52	41
-1.500465	47	33
-1.562577	70	45
-1.500756	36	24
-1.501023	64	48
-1.5622	47	35
-1.561696	49	37
-1.500797	33	21
-1.501307	33	21
-1.500867	39	26
-1.500985	45	31
-1.506911	47	35
-1.56224	57	37
-1.562071	74	48
-1.501744	65	42
-1.500813	43	29
-1.500537	44	32
-1.500496	51	38
-1.500344	34	23
-1.562168	64	50
-1.562212	49	38
-1.500946	49	32
-1.500612	30	25
-1.500741	37	22
-1.500477	33	22
-1.500674	41	31
-1.500413	51	37
-1.501196	33	21
-1.558011	41	30
-1.500655	41	27
-1.562635	64	43
-1.501012	41	23
-1.500856	42	29
-1.498683	25	13
-1.500168	29	18
-1.500573	39	26
-1.500866	34	22
-1.561972	48	40
-1.56312	42	30
-1.50112	31	19
-1.561225	43	31
-1.50077	34	22
-1.562088	58	48
-1.500411	46	34
-1.500834	56	42
-1.561294	51	41
-1.501	50	31
-1.501133	46	33
-1.562729	37	33
-1.500841	36	24
-1.558924	37	25
-1.500331	30	19
-1.5006	45	32
-1.500491	33	21
-1.562215	43	31
-1.561307	37	28
-1.501135	32	20
-1.500725	35	23
-1.501935	46	27
-1.500931	54	36
-1.500432	36	26
-1.500777	46	26
-1.501097	38	26
-1.502002	52	40
-1.561914	35	23
-1.562602	78	52
-1.501103	39	27
-1.500808	91	57
-1.562884	58	35
-1.561698	45	35
-1.500853	42	27
-1.562363	35	30
-1.560084	41	29
-1.500996	39	27
-1.562168	38	27
-1.500555	32	20
-1.562697	41	29
-1.563417	52	40
-1.500864	54	33
-1.560077	45	33
-1.50096	62	43
-1.562209	55	43
-1.562376	50	32
-1.562595	63	47
-1.501304	51	31
-1.557449	45	35
-1.562381	56	41
-1.501007	31	19
-1.563153	103	62
-1.562475	53	40
-1.500538	28	17
-1.501241	38	26
-1.562777	62	41
-1.500726	47	30
-1.500884	38	26
-1.500558	33	22
-1.562126	32	27
-1.50085	51	31
-1.500804	37	25
-1.56187	55	36
-1.559235	61	49
-1.501052	34	22
-1.500705	31	26
-1.500152	34	22
-1.500571	42	30
-1.561799	42	29
-1.546413	37	26
-1.501086	36	24
-1.563212	42	30
-1.563053	70	46
-1.561682	60	48
-1.500373	42	30
-1.50069	33	21
-1.501262	67	39
-1.562435	46	30
-1.500873	46	31
-1.500871	33	21
-1.500389	33	22
-1.560362	37	25
-1.560654	40	29
-1.501231	43	27
-1.562021	48	36
-1.562576	52	34
-1.562188	50	38
-1.498206	36	26
-1.5627	43	31
-1.500489	29	17
-1.561496	52	40
-1.50121	44	26
-1.500553	30	19
-1.562494	47	32
-1.501145	50	35
-1.500473	32	20
-1.562369	67	46
-1.562835	48	36
-1.500699	23	18
-1.501025	53	37
-1.500819	32	21
-1.500872	45	32
-1.561792	43	29
-1.500539	32	21
-1.56254	34	22
-1.501861	30	18
-1.563227	59	41
-1.500971	44	30
-1.562368	42	29
-1.560457	37	26
-1.563125	50	36
-1.501044	47	30
-1.500806	32	20
-1.5621	41	30
-1.500797	57	42
-1.500834	37	25
-1.500186	30	25
-1.501051	49	32
-1.500694	41	23
-1.5628	58	39
-1.499847	41	30
-1.550533	41	31
-1.50102	30	18
-1.50109	49	30
-1.500974	47	31
-1.560742	43	31
-1.500628	39	26
-1.500818	34	23
-1.500912	49	35
-1.500774	44	31
-1.500648	44	30
-1.56238	37	25
-1.561955	32	27
-1.500486	35	23
-1.500244	52	32
-1.500705	40	27
-1.562516	53	38
-1.500652	39	27
-1.500691	40	26
-1.561286	41	29
-1.500988	28	16
-1.501076	31	19
-1.500881	34	22
-1.561034	38	26
-1.500607	46	34
-1.562798	67	36
-1.500561	36	25
-1.501395	46	24
-1.50068	42	29
-1.500647	50	32
-1.562243	38	26
-1.500535	31	19
-1.500523	68	45
-1.501392	33	21
-1.50112	34	22
-1.50073	47	35
-1.500866	32	20
-1.56061	47	33
-1.562149	45	33
-1.500606	33	29
-1.562735	50	36
-1.562139	46	34
-1.500843	32	20
-1.562099	48	37
-1.562078	46	35
-1.50075	54	38
-1.500849	34	22
-1.558892	32	20
-1.562374	57	39
-1.500893	46	30
-1.563101	51	33
-1.562467	63	46
-1.562037	52	41
-1.501282	29	17
-1.500471	26	14
-1.562436	48	33
-1.501133	65	37
-1.500357	43	28
-1.561538	45	34
-1.559843	44	34
-1.500789	49	32
-1.500975	40	28
-1.500724	27	15
-1.561982	36	25
-1.560603	33	21
-1.560827	34	23
-1.562674	45	30
-1.555027	37	30
-1.562102	64	44
-1.562807	58	36
-1.562998	52	37
-1.56191	46	34
-1.500884	42	24
-1.560562	41	30
-1.561992	62	48
-1.500744	58	37
-1.50082	32	20
-1.50072	65	40
-1.500908	51	28
-1.501163	47	30
-1.561547	45	34
-1.562623	49	38
-1.562622	41	29
-1.561291	46	33
-1.562241	46	35
-1.509114	59	40
-1.500681	47	28
-1.56151	38	27
-1.558193	36	24
-1.560501	55	40
-1.562217	43	31
-1.562308	52	36
-1.561818	43	32
-1.501609	36	24
-1.500587	31	19
-1.50054	34	22
-1.561841	43	30
-1.501026	39	25
-1.501391	48	34
-1.56238	34	23
-1.561799	33	24
-1.500709	44	39
-1.50056	34	22
-1.500544	35	24
-1.5007	45	31
-1.500751	49	37
-1.501682	52	37
-1.500248	25	13
-1.500865	30	18
-1.562027	50	38
-1.500764	36	24
-1.561653	38	26
-1.561697	33	21
-1.500653	55	43
-1.56236	30	18
-1.500868	49	33
-1.501334	51	34
-1.561606	41	31
-1.561499	45	32
-1.501137	50	28
-1.499967	26	23
-1.563152	45	33
-1.500651	40	26
-1.561657	54	43
-1.501269	50	28
-1.504459	40	29
-1.50116	35	23
-1.559495	51	37
-1.562818	90	67
-1.500859	37	25
-1.56132	33	21
-1.562448	50	39
-1.559014	30	18
-1.501075	49	35
-1.500648	25	19
-1.561737	43	28
-1.500609	64	43
-1.56105	47	33
-1.560181	33	21
-1.56294	50	38
-1.561934	55	42
-1.50054	47	35
-1.56288	62	47
-1.563162	47	35
-1.500495	32	21
-1.562391	37	26
-1.561203	43	31
-1.560782	59	41
-1.56182	42	31
-1.50072	31	19
-1.501492	44	32
-1.500906	48	36
-1.500342	34	24
-1.501417	32	20
-1.501061	64	49
-1.500623	39	27
-1.500703	44	27
-1.500479	38	26
-1.500922	42	25
-1.50138	55	38
-1.500714	40	27
-1.562174	58	52
-1.561771	40	29
-1.562419	40	28
-1.562378	44	32
-1.562126	40	28
-1.500758	49	33
-1.501173	32	20
-1.50066	45	29
-1.562493	61	37
-1.500802	41	29
-1.562916	59	47
-1.561668	38	26
-1.501282	65	37
-1.500745	56	37
-1.500831	44	32
-1.561784	47	35
-1.501102	46	23
-1.500227	31	21
-1.561809	36	32
-1.50075	41	29
-1.562261	59	47
-1.501062	47	26
-1.500695	47	31
-1.500682	37	25
-1.501114	39	24
-1.500901	48	33
-1.562368	40	28
-1.560165	30	18
-1.500651	33	21
-1.561246	48	35
-1.5621	40	28
-1.500736	26	14
-1.501016	55	37
-1.500793	32	20
-1.562324	42	30
-1.500999	39	27
-1.500658	40	23
-1.562487	55	41
-1.500722	31	19
-1.562455	56	35
-1.50075	41	29
-1.562455	44	32
-1.500096	31	20
-1.500735	37	31
-1.500119	31	20
-1.562862	51	31
-1.499978	39	27
-1.562178	52	39
-1.501181	38	26
-1.501499	34	20
-1.500977	55	35
-1.500728	34	23
-1.561936	41	29
-1.562709	44	32
-1.501962	49	38
-1.500795	43	26
-1.500682	38	26
-1.562215	44	33
-1.562748	41	29
-1.562551	44	33
-1.500312	33	22
-1.562341	44	31
-1.562829	49	37
-1.501419	38	26
-1.500782	63	46
-1.500494	28	16
-1.499994	37	27
-1.561277	36	25
-1.502475	42	30
-1.562636	61	46
-1.500514	28	17
-1.500986	40	28
-1.561982	54	41
-1.562047	30	18
-1.562433	48	36
-1.562822	63	49
-1.562356	48	36
-1.500864	40	28
-1.500898	64	43
-1.500428	30	26
-1.562963	58	38
-1.556464	33	21
-1.562273	48	30
-1.501036	61	49
-1.562477	52	32
-1.500865	27	15
-1.500645	33	21
-1.501125	51	37
-1.500731	36	24
-1.501076	44	25
-1.500117	32	21
-1.500496	40	28
-1.56253	37	25
-1.501025	39	27
-1.501019	50	35
-1.501334	33	21
-1.500726	43	26
-1.561956	80	65
-1.562169	68	50
-1.500982	51	39
-1.500882	37	25
-1.500518	31	25
-1.562473	35	23
-1.559019	40	28
-1.562721	53	41
-1.500477	27	15
-1.561793	42	30
-1.561923	33	21
-1.500482	35	24
-1.500643	47	35
-1.562239	51	36
-1.501049	59	37
-1.500553	52	29
-1.561581	43	27
-1.562467	48	36
-1.500202	39	30
-1.49986	40	28
-1.561341	33	21
-1.562309	56	35
-1.500819	29	17
-1.562288	41	29
-1.501245	50	32
-1.500722	36	24
-1.500999	41	28
-1.560488	53	41
-1.500836	32	20
-1.500638	30	18
-1.501309	41	29
-1.563049	50	38
-1.500728	33	22
-1.501121	50	36
-1.500059	36	25
-1.500637	36	25
-1.500969	35	24
-1.500845	35	24
-1.561771	37	27
-1.500365	32	21
-1.500634	36	24
-1.562483	58	42
-1.500845	61	39
-1.501876	41	30
-1.500779	52	36
-1.501465	34	22
-1.562552	35	23
-1.561755	39	27
-1.500939	54	38
-1.562578	46	31
-1.50066	43	24
-1.49864	52	38
-1.501012	32	20
-1.56236	55	43
-1.562684	42	29
-1.501011	56	40
-1.561269	33	23
-1.56244	45	33
-1.562029	63	40
-1.561795	36	24
-1.50057	68	42
-1.562563	53	33
-1.500309	37	26
-1.56268	52	40
-1.500378	30	19
-1.500944	34	22
-1.501285	30	18
-1.50115	78	40
-1.561883	47	35
-1.501121	49	30
-1.500881	50	37
-1.56254	52	38
-1.500544	32	20
-1.501174	40	24
-1.56166	68	52
-1.562512	75	57
-1.562334	44	30
-1.500941	49	34
-1.500215	34	25
-1.500699	32	20
-1.562851	81	51
-1.501032	39	25
-1.500684	34	22
-1.562424	64	41
-1.560897	43	32
-1.501036	35	22
-1.501015	34	22
-1.500507	54	39
-1.500921	37	25
-1.501021	45	27
-1.500753	47	27
-1.55735	51	39
-1.561643	33	22
-1.562049	66	46
-1.500625	36	25
-1.561947	47	37
-1.562227	49	34
-1.500649	39	26
-1.500022	35	31
-1.500321	34	22
-1.554769	62	50
-1.500899	72	47
-1.500228	38	25
-1.563055	62	50
-1.500704	50	38
-1.562706	45	33
-1.500792	38	27
-1.500555	37	26
-1.562379	41	29
-1.561919	61	42
-1.501001	31	19
-1.501422	34	22
-1.500919	42	30
-1.500588	38	26
-1.562139	34	22
-1.562125	48	38
-1.500623	49	35
-1.50033	28	22
-1.562171	43	32
-1.562528	57	45
-1.500803	37	25
-1.562484	45	33
-1.500631	37	24
-1.500943	40	28
-1.562686	58	45
-1.501149	35	23
-1.501108	51	38
-1.500134	35	23
-1.555962	44	32
-1.500656	35	23
-1.501079	42	28
-1.500783	49	37
-1.562923	44	32
-1.500381	41	29
-1.500725	52	40
-1.562163	47	35
-1.500628	43	28
-1.561181	43	31
-1.500517	39	27
-1.500922	35	23
-1.561886	37	25
-1.562473	56	40
-1.562242	41	30
-1.56084	49	37
-1.50049	47	35
-1.499786	28	19
-1.561988	47	36
-1.500649	39	27
-1.561862	42	30
-1.501101	28	16
-1.562249	54	42
-1.500424	55	37
-1.500771	57	35
-1.550867	38	26
-1.500924	33	21
-1.500962	47	28
-1.500521	36	24
-1.561798	32	22
-1.501098	55	32
-1.50107	33	21
-1.561941	38	31
-1.562263	39	27
-1.562093	53	42
-1.562269	47	35
-1.562394	51	39
-1.500939	34	22
-1.560897	38	28
-1.500973	38	27
-1.501186	54	43
-1.500662	48	28
-1.50077	38	28
-1.56046	28	16
-1.559779	50	30
-1.561963	47	36
-1.559173	29	19
-1.500766	47	25
-1.56252	48	35
-1.562762	33	21
-1.557085	36	24
-1.500344	42	31
-1.500507	27	15
-1.561868	36	31
-1.500313	28	18
-1.500512	39	27
-1.501171	37	25
-1.500627	48	30
-1.500959	35	23
-1.561905	43	37
-1.56093	44	33
-1.500787	31	19
-1.562056	50	38
-1.500833	40	25
-1.562142	49	37
-1.500859	32	20
-1.56256	52	40
-1.500928	31	19
-1.562893	58	44
-1.562066	49	38
-1.500841	46	35
-1.562296	39	27
-1.500183	29	17
-1.500545	28	16
-1.562392	41	28
-1.518082	71	59
-1.500749	27	22
-1.557704	38	26
-1.500907	40	21
-1.562025	61	49
-1.554186	63	43
-1.562479	46	28
-1.562189	58	35
-1.500753	34	22
-1.561087	46	34
-1.500939	49	34
-1.500378	42	31
-1.501104	55	29
-1.562151	63	48
-1.562861	58	41
-1.500508	42	33
-1.562431	74	56
-1.501428	54	34
-1.559442	41	30
-1.500907	30	18
-1.500666	50	38
-1.501282	37	25
-1.5621	54	31
-1.501244	43	29
-1.501071	34	23
-1.56281	82	60
-1.500304	38	27
-1.500537	36	24
-1.562212	29	18
-1.562457	69	55
-1.500878	44	28
-1.560939	58	45
-1.501058	51	35
-1.501462	44	31
-1.500727	46	28
-1.562603	47	35
-1.500079	34	23
-1.560031	42	30
-1.500677	34	22
-1.561735	40	28
-1.501311	38	25
-1.562306	54	31
-1.555728	74	55
-1.500549	41	29
-1.500269	38	27
-1.56159	52	31
-1.501243	35	24
-1.561778	52	29
-1.562127	52	41
-1.501149	50	29
-1.500791	43	31
-1.500816	31	19
-1.500786	39	27
-1.500715	42	30
-1.563143	45	28
-1.500773	58	46
-1.500582	33	21
-1.501726	37	26
-1.50041	33	22
-1.562441	67	49
-1.501319	28	17
-1.500261	30	19
-1.500661	41	27
-1.500772	51	36
-1.562083	45	34
-1.56304	81	45
-1.500493	60	45
-1.500638	40	28
-1.561999	36	24
-1.561606	43	32
-1.500466	38	26
-1.501002	28	16
-1.562452	73	50
-1.500436	34	29
-1.562292	34	22
-1.500649	38	26
-1.562249	70	47
-1.50066	35	23
-1.500758	49	30
-1.501075	42	26
-1.500736	37	26
-1.500288	31	19
-1.501393	76	45
-1.562327	43	31
-1.500576	29	24
-1.560291	44	34
-1.561206	40	28
-1.500709	37	26
-1.501336	53	35
-1.562297	58	42
-1.559072	45	33
-1.500871	43	31
-1.562408	59	38
-1.555368	37	27
-1.500107	27	16
-1.501415	30	18
-1.562145	45	33
-1.50077	32	20
-1.562585	63	44
-1.501303	48	36
-1.561335	44	32
-1.561712	39	27
-1.501066	32	20
-1.501108	36	23
-1.561986	51	35
-1.562606	58	45
-1.562545	41	29
-1.561269	41	29
-1.501068	43	29
-1.562448	47	35
-1.562107	41	29
-1.561023	48	36
-1.562213	65	51
-1.500766	43	23
-1.500519	38	26
-1.501075	42	24
-1.500361	23	19
-1.500978	61	38
-1.50129	69	38
-1.500824	43	31
-1.562671	56	34
-1.500386	32	20
-1.500587	39	27
-1.561353	50	38
-1.50102	36	23
-1.562249	50	33
-1.500304	34	29
-1.500598	33	23
-1.562359	54	36
-1.500142	75	54
-1.501114	48	31
-1.500455	34	22
-1.50062	27	22
-1.562084	49	37
-1.562247	56	44
-1.56133	43	32
-1.501213	40	28
-1.498333	31	21
-1.500284	33	21
-1.562557	48	36
-1.500716	35	23
-1.5004	37	26
-1.500945	30	18
-1.501173	46	29
-1.500966	70	50
-1.500246	31	19
-1.562106	45	33
-1.501271	34	22
-1.500746	35	22
-1.562636	91	65
-1.562312	77	60
-1.506368	52	42
-1.500828	46	26
-1.500833	37	25
-1.501252	34	22
-1.500543	54	34
-1.562138	53	41
-1.558729	29	17
-1.501685	37	27
-1.56235	45	32
-1.500974	53	32
-1.500649	38	25
-1.561796	35	25
-1.562167	36	24
-1.500922	37	25
-1.500803	38	26
-1.501013	33	21
-1.501097	38	25
-1.500746	38	28
-1.500657	31	19
-1.501156	42	25
-1.561582	38	26
-1.563135	66	44
-1.562962	61	41
-1.500642	36	24
-1.562968	46	34
-1.561721	39	27
-1.501238	37	25
-1.500572	41	31
-1.50097	36	24
-1.500662	44	26
-1.562233	42	29
-1.500784	30	18
-1.561982	44	29
-1.500794	57	40
-1.50049	28	17
-1.500715	29	17
-1.562177	51	37
-1.500845	48	31
-1.50045	43	31
-1.562338	107	84
-1.562104	58	36
-1.562718	46	34
-1.500751	59	39
-1.561523	52	39
-1.560205	36	25
-1.561959	49	34
-1.562231	56	44
-1.562184	36	24
-1.562121	38	26
-1.500781	43	31
-1.500067	28	22
-1.562336	40	28
-1.562901	38	26
-1.50096	49	29
-1.500879	34	21
-1.562564	37	25
-1.500859	51	37
-1.561718	33	21
-1.501107	41	27
-1.500673	41	30
-1.562478	58	46
-1.500879	53	33
-1.500687	44	33
-1.561907	32	21
-1.500362	42	31
-1.561182	43	31
-1.562375	52	40
-1.561456	40	34
-1.501049	39	27
-1.501221	41	21
-1.562213	44	32
-1.501114	36	24
-1.562392	38	26
-1.500865	35	23
-1.562362	54	42
-1.500426	31	19
-1.501255	44	31
-1.500718	43	31
-1.507414	89	71
-1.561165	34	23
-1.562859	54	36
-1.500964	50	27
-1.50085	27	15
-1.562789	43	31
-1.500406	24	19
-1.500853	32	21
-1.56241	57	41
-1.557073	36	24
-1.501064	38	24
-1.500261	29	18
-1.560506	48	37
-1.560864	36	24
-1.500531	51	31
-1.562319	57	38
-1.500391	25	21
-1.501432	50	36
-1.562686	55	42
-1.562334	52	35
-1.500577	41	27
-1.500474	42	29
-1.561148	53	36
-1.500121	34	23
-1.501199	33	21
-1.500935	39	24
-1.500873	37	25
-1.562249	51	39
-1.562221	35	23
-1.501067	33	21
-1.501224	46	34
-1.561344	45	33
-1.501194	40	28
-1.501034	54	30
-1.500754	40	28
-1.562695	52	37
-1.500904	59	45
-1.501169	55	36
-1.5638	93	58
-1.562435	48	35
-1.500601	52	37
-1.501209	56	33
-1.560269	34	23
-1.502161	40	28
-1.560414	34	23
-1.500865	33	21
-1.500988	54	35
-1.500474	42	31
-1.562515	48	36
-1.561645	35	23
-1.501868	68	44
-1.501074	41	30
-1.563073	71	49
-1.500377	40	25
-1.56208	31	19
-1.501538	28	16
-1.562124	43	31
-1.501179	56	36
-1.563001	46	34
-1.560785	40	28
-1.56242	39	35
-1.501047	53	35
-1.50095	53	37
-1.562556	58	46
-1.562224	50	41
-1.500528	43	31
-1.562773	52	35
-1.500858	32	20
-1.50043	33	22
-1.562952	50	37
-1.501052	37	25
-1.500387	40	25
-1.500845	44	25
-1.500297	30	19
-1.500647	35	23
-1.500434	46	35
-1.562745	53	41
-1.500646	28	16
-1.501039	50	38
-1.500889	56	34
-1.562861	38	26
-1.500931	42	23
-1.55965	37	25
-1.501055	41	29
-1.562036	44	32
-1.561914	62	41
-1.55954	44	32
-1.500452	39	25
-1.561919	40	28
-1.562583	44	29
-1.500775	64	46
-1.526269	77	59
-1.49996	28	17
-1.562593	34	22
-1.501122	38	26
-1.562998	53	41
-1.562453	78	60
-1.55762	33	21
-1.501165	37	25
-1.500835	44	32
-1.563105	45	33
-1.561166	50	36
-1.562502	48	35
-1.562168	33	21
-1.562661	37	25
-1.562303	71	59
-1.50088	34	22
-1.50096	72	46
-1.500958	32	20
-1.562387	56	39
-1.562102	41	30
-1.500558	45	34
-1.500854	32	20
-1.562496	71	47
-1.561785	66	54
-1.561427	37	27
-1.500178	39	27
-1.562193	37	25
-1.55773	73	50
-1.500451	49	37
-1.500479	44	33
-1.563338	75	47
-1.562155	78	61
-1.548871	42	30
-1.562438	70	52
-1.501038	44	29
-1.49998	27	16
-1.562152	70	54
-1.500898	36	24
-1.500369	23	18
-1.562655	51	39
-1.49901	35	23
-1.561998	35	24
-1.499938	32	22
-1.500515	36	25
-1.563032	52	40
-1.561881	34	23
-1.562888	49	32
-1.562617	42	30
-1.501016	40	28
-1.562336	64	41
-1.500698	34	22
-1.500749	34	22
-1.501461	51	39
-1.501066	47	34
-1.501027	43	26
-1.500967	31	24
-1.562304	33	22
-1.500925	31	19
-1.500576	46	23
-1.561305	30	23
-1.507469	65	47
-1.562822	62	44
-1.500261	43	31
-1.56285	55	37
-1.501126	44	33
-1.501434	50	34
-1.562468	56	34
-1.558927	55	32
-1.501427	58	37
-1.500983	58	32
-1.562705	37	25
-1.500094	32	27
-1.500806	34	22
-1.500886	37	25
-1.500682	39	33
-1.500893	48	27
-1.562384	42	31
-1.50247	35	23
-1.561218	35	24
-1.500634	46	28
-1.500832	47	28
-1.562288	39	27
-1.500458	28	16
-1.500558	33	21
-1.562048	39	28
-1.562745	61	46
-1.501237	48	36
-1.500177	31	19
-1.562136	43	32
-1.562927	44	32
-1.500646	34	22
-1.500449	37	26
-1.501162	28	16
-1.500812	52	34
-1.561942	54	42
-1.501449	29	17
-1.561193	54	42
-1.562743	37	25
-1.500628	39	27
-1.500877	57	35
-1.499283	30	20
-1.501419	63	48
-1.500725	28	16
-1.501038	30	18
-1.500348	23	17
-1.500677	37	25
-1.50077	53	41
-1.500055	36	30
-1.501102	42	30
-1.557102	41	29
-1.500775	48	36
-1.500891	36	21
-1.500807	43	29
-1.500214	36	24
-1.500933	63	37
-1.500918	36	24
-1.562688	37	25
-1.500338	33	21
-1.562238	55	44
-1.501083	73	44
-1.500775	42	28
-1.500671	52	38
-1.501032	38	26
-1.500601	40	26
-1.50128	41	29
-1.500981	39	27
-1.50069	40	28
-1.562043	33	21
-1.500687	37	25
-1.50079	35	23
-1.500071	34	22
-1.501063	31	19
-1.500571	60	46
-1.562505	46	34
-1.56069	44	33
-1.560904	60	50
-1.501083	34	22
-1.500711	30	18
-1.562742	83	57
-1.500726	30	18
-1.562078	78	62
-1.562065	51	38
-1.50095	40	28
-1.562702	48	36
-1.562107	56	46
-1.562666	49	37
-1.500481	34	22
-1.562255	54	31
-1.562205	69	57
-1.560576	32	21
-1.50115	40	26
-1.501065	61	36
-1.500638	38	31
-1.562918	56	35
-1.562051	58	41
-1.50103	38	25
-1.501559	52	36
-1.500854	27	15
-1.562001	40	29
-1.501144	47	35
-1.500658	38	26
-1.500714	31	19
-1.562149	57	38
-1.500998	31	19
-1.501175	34	22
-1.500706	51	30
-1.561525	38	26
-1.562311	42	30
-1.500894	67	45
-1.562408	37	25
-1.500476	38	27
-1.501013	35	23
-1.561407	54	34
-1.500244	39	26
-1.500991	30	18
-1.562567	57	42
-1.562144	45	33
-1.500801	51	28
-1.562136	43	39
-1.560811	40	28
-1.562239	38	26
-1.500714	27	15
-1.500825	36	25
-1.559522	30	19
-1.500685	60	39
-1.500501	35	23
-1.562197	29	19
-1.562339	56	42
-1.50114	35	23
-1.562006	32	20
-1.562508	53	39
-1.500705	56	38
-1.500293	31	19
-1.501736	72	55
-1.562394	48	36
-1.562504	38	26
-1.500572	38	32
-1.562936	37	23
-1.502299	43	31
-1.500801	33	21
-1.50073	31	20
-1.500822	39	27
-1.562189	77	61
-1.561992	38	27
-1.500703	55	42
-1.500609	45	28
-1.56217	36	24
-1.562941	76	52
-1.501298	38	24
-1.562284	30	18
-1.500264	37	27
-1.562166	35	23
-1.507369	36	24
-1.500382	43	32
-1.562035	35	23
-1.500542	27	16
-1.500836	31	19
-1.562939	44	32
-1.501082	36	24
-1.500819	33	21
-1.500475	29	18
-1.500589	35	26
-1.562015	44	32
-1.500654	30	18
-1.562888	61	49
-1.500531	34	22
-1.501049	45	25
-1.562218	42	31
-1.56052	51	42
-1.50133	46	28
-1.500824	40	28
-1.562523	56	38
-1.56235	44	32
-1.501603	61	41
-1.561947	44	32
-1.562579	54	36
-1.505349	32	20
-1.562127	42	31
-1.500641	31	19
-1.500502	48	29
-1.562445	51	36
-1.501209	50	36
-1.500436	44	26
-1.562507	37	25
-1.562325	45	33
-1.500897	43	31
-1.501193	43	20
-1.562744	44	27
-1.561924	39	27
-1.562672	48	33
-1.560109	60	40
-1.501046	40	28
-1.501163	31	19
-1.500233	48	35
-1.50066	37	26
-1.562185	38	26
-1.56187	52	38
-1.500653	29	17
-1.562964	71	56
-1.562458	63	40
-1.500953	31	19
-1.560747	33	21
-1.500327	33	22
-1.501378	27	15
-1.500693	64	44
-1.500904	71	48
-1.563424	56	39
-1.562325	50	39
-1.562231	39	34
-1.561491	37	26
-1.500982	34	22
-1.500307	30	26
-1.562731	58	37
-1.560972	38	34
-1.500627	37	25
-1.501192	53	38
-1.500507	30	18
-1.557175	41	29
-1.5625	60	44
-1.500116	49	36
-1.501131	33	21
-1.500472	43	31
-1.500913	30	18
-1.561257	43	32
-1.500649	43	31
-1.560821	39	29
-1.500968	59	38
-1.550285	35	23
-1.50082	46	34
-1.5613	78	61
-1.561724	50	38
-1.500748	43	27
-1.562692	49	38
-1.562651	41	29
-1.562077	33	22
-1.562243	37	26
-1.562596	49	35
-1.500586	28	22
-1.562165	46	34
-1.501131	38	25
-1.500853	34	22
-1.500793	36	24
-1.500555	42	32
-1.500643	66	45
-1.500803	60	34
-1.500807	48	34
-1.562787	49	37
-1.561088	58	40
-1.500635	40	28
-1.50093	35	23
-1.561996	44	32
-1.502034	46	33
-1.500891	45	29
-1.562726	89	71
-1.501236	63	36
-1.500203	27	15
-1.500734	63	47
-1.500807	40	28
-1.500659	50	38
-1.562731	76	57
-1.501469	55	35
-1.500887	52	37
-1.56155	42	28
-1.500055	28	17
-1.562008	39	28
-1.562183	43	31
-1.500517	33	21
-1.50043	28	16
-1.500689	33	21
-1.562472	40	24
-1.562308	45	42
-1.561258	38	26
-1.561703	51	39
-1.561432	54	45
-1.562709	49	36
-1.56204	46	34
-1.500888	56	43
-1.501307	33	20
-1.501479	34	22
-1.500552	42	29
-1.501058	52	38
-1.561743	46	34
-1.562444	58	47
-1.562476	67	43
-1.561539	35	24
-1.501767	36	25
-1.500888	35	23
-1.562517	61	44
-1.501101	64	43
-1.50063	41	29
-1.562883	57	34
-1.55021	46	34
-1.500518	32	21
-1.562923	52	40
-1.500828	50	29
-1.499635	31	20
-1.562276	42	30
-1.562225	50	35
-1.501083	76	47
-1.500523	46	30
-1.562395	51	39
-1.501064	65	36
-1.50071	40	25
-1.561225	72	56
-1.500335	32	20
-1.562762	60	47
-1.500923	52	30
-1.501311	35	23
-1.563069	42	30
-1.50099	33	21
-1.500636	41	29
-1.5006	36	22
-1.501039	35	23
-1.500971	39	28
-1.561664	38	35
-1.562072	37	25
-1.501055	43	29
-1.562429	74	55
-1.562114	34	22
-1.501413	47	26
-1.500649	37	25
-1.500946	69	39
-1.562261	38	26
-1.562724	40	28
-1.561376	37	25
-1.562698	55	43
-1.501033	41	27
-1.500849	79	61
-1.557683	66	48
-1.500886	46	34
-1.500859	69	41
-1.562137	77	67
-1.500535	38	25
-1.501558	54	32
-1.562642	77	52
-1.501039	53	36
-1.562684	45	33
-1.553319	44	28
-1.562229	46	26
-1.500555	42	30
-1.501137	61	35
-1.50088	39	26
-1.500659	29	17
-1.562411	74	53
-1.562488	43	31
-1.500699	46	35
-1.56152	51	40
-1.50057	48	27
-1.562356	43	32
-1.501033	32	28
-1.500693	44	27
-1.500878	41	29
-1.501033	52	29
-1.562409	73	61
-1.501106	49	32
-1.500818	41	25
-1.55978	39	27
-1.500629	31	19
-1.500811	47	35
-1.5011	36	24
-1.561684	65	50
-1.501192	47	33
-1.562122	49	37
-1.562482	38	24
-1.500759	40	28
-1.500443	56	42
-1.562718	38	26
-1.50039	35	23
-1.500135	44	31
-1.562539	40	27
-1.500363	35	23
-1.500257	37	26
-1.562726	50	36
-1.562407	39	27
-1.50054	33	21
-1.500567	38	26
-1.561534	46	35
-1.50063	47	34
-1.50126	39	27
-1.56185	39	32
-1.509499	60	47
-1.501024	57	41
-1.500475	70	51
-1.561104	29	17
-1.501023	57	32
-1.500789	47	35
-1.562414	39	26
-1.500885	42	30
-1.500667	40	28
-1.501013	40	25
-1.56275	41	29
-1.500728	40	28
-1.500984	29	17
-1.50031	40	29
-1.56281	54	36
-1.500178	41	31
-1.562903	48	31
-1.563444	48	36
-1.499939	32	27
-1.562176	39	27
-1.500772	67	45
-1.561239	38	26
-1.50053	29	18
-1.562899	62	47
-1.500427	23	20
-1.50039	32	20
-1.50028	26	21
-1.56035	35	23
-1.562834	43	31
-1.513615	40	30
-1.561401	31	21
-1.562234	34	22
-1.563157	54	38
-1.562091	49	37
-1.562405	37	25
-1.562346	48	33
-1.562742	53	32
-1.500564	57	36
-1.561032	45	34
-1.500594	29	17
-1.501838	30	18
-1.563082	59	45
-1.500884	35	23
-1.500816	52	31
-1.562786	31	19
-1.562588	44	32
-1.562485	62	45
-1.500984	41	26
-1.500476	43	32
-1.500726	51	30
-1.500892	42	29
-1.562416	56	44
-1.500848	39	28
-1.500879	45	30
-1.500703	37	25
-1.561743	40	36
-1.500708	49	37
-1.56249	51	44
-1.543285	41	29
-1.562342	38	26
-1.501111	29	17
-1.562249	58	50
-1.501405	50	30
-1.501104	35	23
-1.500923	38	25
-1.500429	29	17
-1.501017	38	22
-1.562221	38	26
-1.500339	43	33
-1.500576	66	36
-1.500284	47	36
-1.500672	38	26
-1.561248	39	28
-1.500775	39	25
-1.562091	47	36
-1.562933	55	35
-1.562487	35	23
-1.562163	39	28
-1.500023	29	24
-1.500815	32	22
-1.500918	47	30
-1.500131	29	18
-1.500603	44	30
-1.50119	32	20
-1.500886	32	20
-1.562458	53	41
-1.501446	37	27
-1.558753	36	24
-1.562117	55	43
-1.499695	32	27
-1.562647	47	32
-1.500445	41	26
-1.56257	49	37
-1.500851	28	16
-1.500965	36	24
-1.562052	53	33
-1.562525	58	35
-1.561987	50	32
-1.500548	35	23
-1.500102	21	17
-1.501396	54	39
-1.500806	46	32
-1.501087	50	35
-1.562815	52	40
-1.500395	49	29
-1.561543	41	29
-1.500589	35	23
-1.561854	39	27
-1.50002	33	22
-1.501285	42	30
-1.562459	47	27
-1.501142	46	29
-1.499919	43	31
-1.500789	31	19
-1.500713	38	26
-1.562528	31	19
-1.500835	68	44
-1.562409	54	42
-1.561282	42	30
-1.500532	35	24
-1.562123	37	26
-1.500253	34	23
-1.500819	30	18
-1.500832	34	22
-1.499679	27	16
-1.500793	36	23
-1.50058	49	38
-1.56245	68	50
-1.561931	52	39
-1.561589	33	22
-1.562472	68	56
-1.500606	46	33
-1.562191	44	32
-1.501519	58	35
-1.50069	37	23
-1.562272	42	31
-1.562336	53	38
-1.500532	35	22
-1.5611	38	27
-1.501112	54	37
-1.561836	61	45
-1.501024	35	23
-1.500765	30	18
-1.562903	40	28
-1.500938	35	23
-1.562467	40	28
-1.500437	34	29
-1.562314	38	26
-1.561639	42	36
-1.500896	34	22
-1.500609	39	27
-1.501156	56	33
-1.500336	30	19
-1.561606	53	41
-1.5006	41	28
-1.561816	40	33
-1.500789	39	26
-1.562255	55	42
-1.561137	51	38
-1.561989	40	29
-1.561403	32	20
-1.562376	45	33
-1.562482	40	28
-1.501071	30	18
-1.562671	39	27
-1.562184	36	24
-1.563238	50	37
-1.560209	53	41
-1.562342	61	49
-1.500861	38	26
-1.562153	29	17
-1.501047	34	22
-1.562381	36	24
-1.500346	32	21
-1.5013	28	16
-1.561181	34	22
-1.563897	35	23
-1.50125	35	23
-1.500991	35	24
-1.562775	36	24
-1.501249	42	30
-1.501006	37	25
-1.500622	32	20
-1.561531	51	34
-1.562061	56	45
-1.562642	54	42
-1.561678	39	28
-1.500677	38	22
-1.501118	39	24
-1.500987	43	30
-1.500756	38	26
-1.500801	39	26
-1.562573	58	46
-1.558764	38	27
-1.561646	41	30
-1.56336	50	37
-1.562515	68	45
-1.500501	49	45
-1.500556	31	19
-1.500822	35	23
-1.563138	48	36
-1.500625	52	33
-1.500504	29	25
-1.561879	49	38
-1.500994	63	40
-1.50091	37	25
-1.562353	62	40
-1.553927	48	32
-1.501391	26	14
-1.501038	50	38
-1.50118	53	33
-1.500998	54	35
-1.501213	53	34
-1.562279	54	42
-1.501174	48	34
-1.562796	73	51
-1.562617	34	22
-1.505944	51	40
-1.501095	40	25
-1.49975	35	24
-1.500939	41	27
-1.561413	31	21
-1.501252	50	31
-1.509284	37	25
-1.500232	37	26
-1.557674	55	35
-1.554633	37	27
-1.500926	37	25
-1.504983	35	24
-1.500667	37	25
-1.5011	48	36
-1.500698	68	51
-1.500962	32	20
-1.500874	48	25
-1.500943	34	22
-1.500663	35	23
-1.500084	42	33
-1.500409	41	30
-1.562467	44	32
-1.500586	34	29
-1.562308	43	30
-1.562941	81	56
-1.500784	31	19
-1.500785	33	22
-1.561983	31	19
-1.499781	37	28
-1.560374	53	42
-1.561815	49	38
-1.500875	38	26
-1.50079	45	33
-1.562792	37	25
-1.500891	30	25
-1.562469	42	30
-1.562619	46	33
-1.562945	51	39
-1.562341	66	52
-1.500497	38	26
-1.56271	69	43
-1.500454	28	17
-1.500642	44	24
-1.561915	44	34
-1.500762	39	27
-1.500427	36	30
-1.562093	45	32
-1.500395	49	28
-1.562264	32	20
-1.562705	42	30
-1.561392	38	26
-1.56185	39	27
-1.561584	75	53
-1.500944	50	33
-1.560122	44	29
-1.501313	46	27
-1.501031	34	22
-1.56303	50	38
-1.501042	35	23
-1.501029	59	35
-1.50411	78	63
-1.561662	47	35
-1.501652	55	30
-1.562318	37	25
-1.556776	42	31
-1.501043	32	20
-1.56255	59	45
-1.500602	37	26
-1.501009	43	31
-1.561977	40	29
-1.560427	50	36
-1.501213	36	24
-1.562185	41	30
-1.562494	59	46
-1.562406	41	29
-1.500649	28	23
-1.562741	76	47
-1.562389	48	36
-1.561629	49	33
-1.562787	36	24
-1.50036	34	29
-1.556367	46	36
-1.501266	56	33
-1.500632	32	21
-1.562504	38	26
-1.500843	47	25
-1.562526	63	50
-1.50072	40	28
-1.562442	29	18
-1.562225	40	28
-1.500818	37	25
-1.562562	62	45
-1.500867	42	30
-1.500897	36	23
-1.500307	30	26
-1.500719	34	22
-1.562674	41	29
-1.562191	56	44
-1.562167	49	38
-1.501115	42	25
-1.500546	36	23
-1.562124	43	31
-1.562418	35	28
-1.499235	43	29
-1.500458	49	35
-1.553308	32	20
-1.500919	40	28
-1.501196	33	21
-1.501469	55	35
-1.562989	64	50
-1.561422	31	21
-1.500987	39	27
-1.501015	41	28
-1.50035	42	28
-1.500747	47	34
-1.562115	40	27
-1.500879	45	24
-1.501174	29	17
-1.561823	50	50
-1.562903	50	37
-1.501009	32	21
-1.562477	55	43
-1.500531	33	22
-1.500765	40	28
-1.501908	26	14
-1.562493	58	46
-1.500974	36	24
-1.562291	49	38
-1.500914	35	23
-1.562979	39	27
-1.501079	35	23
-1.500503	36	26
-1.562786	58	46
-1.501866	43	29
-1.500408	43	38
-1.500306	35	24
-1.501422	41	25
-1.560775	71	53
-1.500708	38	26
-1.500862	39	24
-1.500876	54	36
-1.562553	60	44
-1.501752	46	34
-1.500985	53	37
-1.501449	30	18
-1.50087	38	27
-1.497333	30	20
-1.501199	64	44
-1.50049	50	37
-1.562436	39	27
-1.500579	35	23
-1.500638	49	34
-1.500784	40	25
-1.501055	35	23
-1.50048	42	27
-1.500925	34	22
-1.500992	56	32
-1.563223	49	36
-1.562308	41	29
-1.500431	36	25
-1.500712	33	21
-1.562032	47	37
-1.561727	30	25
-1.562666	40	28
-1.500602	38	27
-1.500777	60	43
-1.500447	35	24
-1.500345	38	29
-1.500469	41	29
-1.500652	30	18
-1.500928	36	24
-1.500904	36	24
-1.501208	31	19
-1.500166	27	24
-1.500062	32	20
-1.562477	54	41
-1.562127	35	23
-1.501028	40	22
-1.50095	35	23
-1.500698	31	19
-1.500862	35	23
-1.562192	65	44
-1.562482	55	42
-1.500837	29	17
-1.500705	43	31
-1.501053	55	33
-1.500747	32	20
-1.501169	53	33
-1.500737	38	26
-1.529859	36	25
-1.501046	36	24
-1.562265	36	24
-1.562181	59	40
-1.562733	55	40
-1.500945	30	18
-1.500103	30	19
-1.562586	48	35
-1.560594	50	27
-1.500884	57	34
-1.501063	34	22
-1.500731	41	30
-1.500995	47	31
-1.56218	60	49
-1.563522	57	45
-1.500768	40	32
-1.501075	78	46
-1.562024	42	32
-1.501367	42	30
-1.562755	44	32
-1.562485	29	17
-1.500801	41	28
-1.562577	37	25
-1.562231	49	43
-1.500637	33	21
-1.561988	61	49
-1.562245	39	28
-1.562497	52	40
-1.501252	45	31
-1.562013	46	33
-1.501632	34	24
-1.500741	62	34
-1.562058	42	30
-1.562317	53	41
-1.501045	58	39
-1.500027	29	18
-1.500949	42	31
-1.561944	45	33
-1.50082	42	30
-1.560616	35	25
-1.562563	40	28
-1.501526	40	28
-1.501088	57	38
-1.501382	42	28
-1.500381	42	25
-1.561924	40	26
-1.561843	33	22
-1.500073	36	25
-1.562055	58	35
-1.561505	46	31
-1.501302	64	31
-1.500764	45	32
-1.500475	28	16
-1.561996	47	29
-1.562674	40	28
-1.500898	51	36
-1.563093	40	28
-1.503852	42	31
-1.500824	29	17
-1.500766	36	24
-1.502703	57	46
-1.562015	42	31
-1.561719	46	33
-1.561341	46	34
-1.562874	39	27
-1.500979	51	34
-1.561725	32	26
-1.500934	37	32
-1.501086	36	22
-1.49825	35	24
-1.501444	38	26
-1.562028	48	36
-1.497682	50	30
-1.560139	87	70
-1.500857	42	29
-1.562654	36	31
-1.500554	45	33
-1.50011	31	19
-1.562112	56	45
-1.50074	43	25
-1.561867	40	29
-1.500546	35	23
-1.563203	61	45
-1.500616	44	30
-1.501143	31	19
-1.500783	52	35
-1.500376	33	23
-1.501411	34	22
-1.560538	36	24
-1.563104	33	21
-1.500854	48	28
-1.562496	64	47
-1.562521	40	24
-1.500989	28	16
-1.501307	33	21
-1.50097	35	23
-1.562424	39	27
-1.55884	42	31
-1.562228	46	34
-1.500995	69	40
-1.499476	45	34
-1.500786	34	22
-1.562729	50	38
-1.500531	36	24
-1.500408	46	33
-1.501132	46	33
-1.561621	46	35
-1.562078	48	33
-1.500739	39	27
-1.56307	34	22
-1.500827	41	26
-1.500827	49	32
-1.501115	38	18
-1.56231	47	35
-1.562541	60	44
-1.501619	36	24
-1.50044	43	24
-1.500892	40	27
-1.500399	44	37
-1.500592	40	28
-1.502528	45	32
-1.562065	53	32
-1.50052	30	25
-1.563032	59	34
-1.500755	57	36
-1.562335	35	23
-1.50072	35	23
-1.562952	51	39
-1.562184	51	39
-1.50078	38	25
-1.500335	31	19
-1.559831	36	24
-1.563168	57	44
-1.562029	31	20
-1.500687	55	37
-1.561425	51	28
-1.500704	45	33
-1.500784	43	32
-1.562036	43	33
-1.562754	50	32
-1.562731	37	25
-1.500539	44	25
-1.562166	52	38
-1.500993	64	46
-1.500659	45	31
-1.563065	83	52
-1.56184	41	29
-1.561849	51	28
-1.500035	29	17
-1.500977	31	19
-1.501563	31	19
-1.500877	30	18
-1.56216	48	38
-1.561646	29	23
-1.501057	33	21
-1.562304	39	28
-1.500516	30	20
-1.562755	77	66
-1.562321	44	33
-1.499939	51	38
-1.561374	43	32
-1.500504	53	42
-1.561554	32	27
-1.50083	35	24
-1.500839	39	26
-1.501008	59	43
-1.561787	38	26
-1.562239	55	43
-1.56238	39	27
-1.562624	44	31
-1.50066	37	25
-1.501303	37	25
-1.559894	67	55
-1.49957	33	23
-1.501082	35	23
-1.500337	39	28
-1.500653	29	17
-1.500841	31	19
-1.562269	50	36
-1.500254	29	18
-1.562028	51	32
-1.500759	32	20
-1.500869	50	37
-1.500306	39	27
-1.500437	26	21
-1.500872	48	33
-1.500903	47	30
-1.562092	44	32
-1.562748	33	21
-1.563061	35	23
-1.501176	33	21
-1.562319	61	41
-1.562209	46	31
-1.501174	48	30
-1.562456	57	45
-1.562356	68	40
-1.50065	33	22
-1.500925	31	19
-1.500376	38	28
-1.500246	37	26
-1.500764	46	29
-1.500675	38	26
-1.563168	65	47
-1.499084	35	23
-1.499463	32	22
-1.562759	76	55
-1.562234	55	42
-1.497154	31	21
-1.50134	41	29
-1.500582	35	23
-1.500794	51	33
-1.562924	46	32
-1.558762	88	58
-1.501022	50	38
-1.500568	31	19
-1.500356	43	25
-1.501157	28	16
-1.500975	69	37
-1.561713	34	23
-1.562417	46	34
-1.499308	43	24
-1.561268	36	25
-1.561608	37	26
-1.500928	38	26
-1.500695	57	40
-1.500402	43	30
-1.500763	37	24
-1.562204	61	49
-1.562608	59	44
-1.563185	45	30
-1.562029	53	36
-1.500829	38	26
-1.552262	60	47
-1.560933	36	24
-1.49982	45	32
-1.561423	55	43
-1.500556	46	35
-1.501412	34	22
-1.500932	63	38
-1.500778	57	33
-1.562568	68	57
-1.501574	29	17
-1.561981	60	43
-1.562527	43	30
-1.501112	39	27
-1.562725	57	45
-1.500794	49	35
-1.561349	43	31
-1.560966	49	38
-1.500595	41	29
-1.560789	36	26
-1.500506	34	23
-1.501308	33	21
-1.500757	29	17
-1.562332	35	23
-1.561979	41	29
-1.561946	45	29
-1.562011	41	29
-1.501311	34	22
-1.501037	51	36
-1.561989	49	37
-1.560991	28	17
-1.500932	55	39
-1.562132	41	29
-1.500901	45	32
-1.562221	37	25
-1.562887	92	69
-1.500903	43	31
-1.562112	52	39
-1.562338	76	61
-1.562182	51	38
-1.500532	45	35
-1.501039	49	28
-1.563155	76	57
-1.500267	38	27
-1.500959	30	18
-1.501101	41	29
-1.500854	41	29
-1.500722	54	33
-1.500999	32	20
-1.500878	54	40
-1.562499	33	21
-1.561203	46	34
-1.501122	39	28
-1.562926	48	36
-1.500881	36	21
-1.500045	30	26
-1.548458	54	41
-1.562378	54	44
-1.561821	45	33
-1.562682	43	30
-1.501096	38	26
-1.50098	36	24
-1.562355	60	47
-1.562503	36	24
-1.562503	51	39
-1.500474	28	17
-1.500609	27	16
-1.56206	44	32
-1.562517	39	27
-1.500532	34	30
-1.562458	41	29
-1.562695	51	39
-1.562072	67	56
-1.561861	64	46
-1.500897	55	33
-1.560897	37	28
-1.50076	26	14
-1.499843	30	19
-1.501585	44	28
-1.500925	51	29
-1.500817	40	28
-1.500672	41	24
-1.500629	30	18
-1.562003	60	48
-1.561686	38	26
-1.500438	36	23
-1.503699	36	29
-1.500898	45	33
-1.500859	58	36
-1.562296	47	35
-1.500638	30	18
-1.561984	45	35
-1.500689	54	34
-1.500588	34	22
-1.500892	32	20
-1.500644	44	32
-1.50086	67	51
-1.500572	47	31
-1.50037	30	19
-1.501101	43	29
-1.500825	37	25
-1.561812	41	29
-1.500801	33	21
-1.561568	50	39
-1.501256	44	28
-1.5011	38	25
-1.500996	49	37
-1.501396	42	30
-1.501322	51	35
-1.500784	28	17
-1.500764	44	28
-1.562546	39	27
-1.500933	36	24
-1.563273	47	35
-1.50138	32	20
-1.561728	51	35
-1.561712	39	29
-1.562604	71	38
-1.562566	66	41
-1.560648	41	30
-1.562761	49	30
-1.500779	36	24
-1.561102	32	20
-1.49997	35	25
-1.500619	58	41
-1.562068	45	33
-1.56227	60	46
-1.561892	34	23
-1.501079	40	28
-1.500663	51	41
-1.562177	49	38
-1.562612	61	48
-1.500914	31	19
-1.50058	26	21
-1.500703	38	26
-1.501087	46	27
-1.500765	30	18
-1.500917	31	19
-1.561992	36	31
-1.500687	28	16
-1.501124	44	30
-1.500457	30	18
-1.562142	58	40
-1.500884	42	30
-1.562413	42	30
-1.500988	38	22
-1.501515	33	21
-1.50076	42	25
-1.562259	41	31
-1.500577	55	32
-1.500764	31	19
-1.562142	45	35
-1.500466	43	29
-1.500632	64	45
-1.500607	35	23
-1.500692	31	19
-1.500839	39	23
-1.561351	67	44
-1.56255	39	27
-1.501002	40	28
-1.500788	45	29
-1.562881	56	44
-1.500902	38	26
-1.500685	35	23
-1.562643	46	34
-1.500741	57	40
-1.562199	39	28
-1.561988	55	45
-1.500499	29	18
-1.50099	32	20
-1.500602	33	22
-1.559239	42	28
-1.563037	41	29
-1.562174	44	31
-1.500946	32	20
-1.500352	34	23
-1.562325	54	39
-1.500885	36	23
-1.560542	35	23
-1.500425	53	42
-1.561957	34	23
-1.561986	48	37
-1.50047	51	39
-1.5602	52	40
-1.562992	59	44
-1.559387	35	24
-1.561768	40	29
-1.500806	46	33
-1.562564	37	26
-1.561003	70	56
-1.500825	31	19
-1.501225	43	31
-1.501122	34	22
-1.562205	70	47
-1.562454	70	53
-1.501103	42	30
-1.561956	30	26
-1.500515	37	26
-1.560671	35	23
-1.562999	79	65
-1.500878	38	27
-1.562581	37	25
-1.500233	28	17
-1.501066	45	28
-1.50053	42	35
-1.558882	36	24
-1.500805	36	24
-1.500291	35	24
-1.56189	44	33
-1.501144	56	38
-1.500988	34	22
-1.559897	46	34
-1.500643	38	22
-1.500528	30	18
-1.561614	62	43
-1.562673	46	34
-1.500928	47	35
-1.500713	55	35
-1.500666	27	15
-1.562382	76	53
-1.563297	54	42
-1.561448	45	34
-1.501095	46	25
-1.500603	34	23
-1.500944	42	29
-1.501327	62	39
-1.500815	93	57
-1.500615	36	26
-1.501054	33	21
-1.50097	45	33
-1.562807	39	27
-1.500838	41	29
-1.500833	32	20
-1.500932	46	32
-1.500203	35	30
-1.500677	30	18
-1.501943	48	36
-1.500997	46	33
-1.56285	40	28
-1.50058	42	28
-1.56218	57	43
-1.500267	38	31
-1.562452	43	29
-1.499655	28	18
-1.562115	42	30
-1.501052	37	25
-1.500223	43	32
-1.500765	32	20
-1.500749	30	18
-1.500101	34	23
-1.501103	67	42
-1.562618	50	38
-1.562684	58	41
-1.500914	67	48
-1.562387	49	37
-1.50043	31	20
-1.501625	54	31
-1.56252	50	34
-1.500734	51	34
-1.563059	88	60
-1.500415	30	19
-1.500708	33	21
-1.499908	33	23
-1.501421	32	21
-1.5628	56	33
-1.560198	59	43
-1.501507	56	38
-1.562163	42	30
-1.561812	43	31
-1.500547	50	32
-1.562501	60	40
-1.562816	39	27
-1.56252	49	37
-1.500526	33	21
-1.501323	62	38
-1.562635	41	29
-1.562573	32	20
-1.500799	35	20
-1.562151	68	50
-1.500712	44	32
-1.501221	36	20
-1.501108	39	26
-1.501016	47	30
-1.500171	30	18
-1.562193	51	36
-1.560997	38	26
-1.562306	40	29
-1.500987	30	18
-1.561145	41	29
-1.554836	37	25
-1.50007	30	18
-1.500812	38	25
-1.562279	35	24
-1.500591	31	19
-1.562075	42	30
-1.50099	50	34
-1.560331	46	35
-1.502027	42	23
-1.500575	49	33
-1.561839	48	35
-1.501061	36	24
-1.500716	41	34
-1.56213	67	57
-1.562446	36	24
-1.561562	36	24
-1.56243	50	38
-1.561836	41	30
-1.561887	38	27
-1.561672	41	29
-1.501163	48	33
-1.512919	59	47
-1.56233	53	41
-1.561946	45	33
-1.500909	55	32
-1.500752	43	31
-1.500748	44	27
-1.562796	52	40
-1.500587	42	28
-1.501136	49	33
-1.562628	59	47
-1.499532	29	20
-1.510138	53	42
-1.501472	38	22
-1.562614	47	35
-1.500513	42	28
-1.500995	26	14
-1.501937	36	25
-1.561849	38	27
-1.500919	55	36
-1.500486	41	29
-1.50059	43	29
-1.500016	32	21
-1.562246	43	29
-1.561912	64	52
-1.562705	49	37
-1.500256	32	21
-1.500692	74	46
-1.562304	45	32
-1.5005	33	29
-1.561696	33	21
-1.500843	36	24
-1.500925	44	29
-1.558178	33	23
-1.558182	62	45
-1.50083	29	17
-1.501125	35	23
-1.500402	39	26
-1.562528	43	32
-1.562255	49	42
-1.562484	54	38
-1.559779	34	23
-1.562454	89	57
-1.562261	55	43
-1.561608	39	33
-1.500899	36	24
-1.5012	32	20
-1.562135	49	38
-1.562751	39	27
-1.561338	36	25
-1.562217	54	42
-1.501054	43	31
-1.500723	35	23
-1.500717	31	19
-1.500558	28	16
-1.500883	40	26
-1.501001	34	22
-1.562999	47	27
-1.500779	56	36
-1.500919	31	19
-1.558498	35	24
-1.501036	55	31
-1.500798	47	31
-1.562783	52	34
-1.562092	41	30
-1.561964	56	40
-1.501178	49	26
-1.562082	33	28
-1.500613	29	17
-1.501427	41	29
-1.50115	30	18
-1.561936	57	46
-1.50097	45	22
-1.501004	32	20
-1.562225	43	29
-1.500794	33	21
-1.50071	37	25
-1.504762	46	34
-1.561578	39	34
-1.500964	48	32
-1.500276	28	16
-1.500727	31	19
-1.558475	32	22
-1.501353	40	28
-1.561962	81	57
-1.500807	31	19
-1.562758	45	33
-1.562842	37	25
-1.5604	40	28
-1.562715	32	20
-1.500845	30	18
-1.561303	40	31
-1.563381	58	35
-1.560522	32	20
-1.560977	42	27
-1.500512	37	25
-1.562514	42	30
-1.501048	48	29
-1.562376	46	32
-1.561803	45	34
-1.501389	56	41
-1.562118	43	30
-1.562713	61	43
-1.499866	31	21
-1.500819	32	20
-1.562054	47	31
-1.500931	58	35
-1.5623	34	28
-1.500387	30	19
-1.50076	30	18
-1.522068	56	45
-1.562762	30	18
-1.56059	73	53
-1.501021	39	27
-1.501397	42	27
-1.562363	32	20
-1.561682	35	24
-1.501059	45	30
-1.562547	47	34
-1.500482	51	39
-1.561049	36	32
-1.500909	27	23
-1.5005	31	19
-1.500787	34	22
-1.561699	62	40
-1.561645	52	36
-1.562995	67	48
-1.500343	38	31
-1.500339	30	18
-1.500933	32	20
-1.501044	30	18
-1.562417	57	40
-1.561752	32	27
-1.501028	52	37
-1.501221	47	32
-1.562101	48	36
-1.562739	62	49
-1.500509	48	33
-1.501044	42	30
-1.561849	50	39
-1.500863	45	33
-1.500311	31	24
-1.501121	51	29
-1.554865	51	35
-1.56235	49	37
-1.500626	36	25
-1.56284	52	40
-1.501501	75	43
-1.562551	58	40
-1.500738	35	24
-1.500753	31	19
-1.501334	47	28
-1.561936	28	21
-1.500684	39	27
-1.500955	54	42
-1.501229	70	35
-1.562198	45	27
-1.562007	53	41
-1.500704	44	29
-1.500845	65	46
-1.56291	34	22
-1.562787	35	23
-1.563012	41	29
-1.500435	32	20
-1.562012	57	38
-1.500413	31	20
-1.562377	65	49
-1.561961	44	32
-1.562706	58	45
-1.500588	31	26
-1.500999	42	27
-1.501072	39	28
-1.562347	53	34
-1.500976	67	49
-1.500787	44	30
-1.500272	29	19
-1.559533	34	22
-1.562091	45	33
-1.50049	42	30
-1.500435	33	22
-1.561951	39	27
-1.500908	32	20
-1.562024	34	22
-1.561972	41	29
-1.5007	34	22
-1.50096	43	28
-1.563062	59	38
-1.56244	33	23
-1.500629	55	33
-1.500363	43	27
-1.562088	40	30
-1.56188	69	49
-1.561855	32	26
-1.500674	42	30
-1.500403	43	31
-1.500917	60	41
-1.500917	32	20
-1.559466	39	27
-1.560654	45	34
-1.562348	50	38
-1.500621	37	25
-1.561235	36	24
-1.515963	41	30
-1.500171	33	23
-1.501217	41	27
-1.499891	30	19
-1.499977	29	19
-1.500114	34	23
-1.501018	58	39
-1.500299	28	16
-1.562226	62	49
-1.501366	49	36
-1.501235	46	28
-1.500554	52	41
-1.562618	52	40
-1.562394	34	22
-1.501076	43	31
-1.500589	31	20
-1.500961	57	29
-1.500631	32	28
-1.499653	41	31
-1.562163	66	51
-1.500607	33	21
-1.561544	52	41
-1.500579	50	35
-1.562601	40	28
-1.500989	48	30
-1.500692	39	27
-1.500025	44	33
-1.499871	48	37
-1.501204	36	24
-1.562491	69	45
-1.562011	36	29
-1.501385	49	27
-1.56249	37	25
-1.561124	32	20
-1.500717	42	29
-1.500623	61	40
-1.561796	33	21
-1.500465	32	20
-1.500306	43	32
-1.500462	40	28
-1.562341	45	30
-1.562448	39	27
-1.500997	44	31
-1.562724	69	39
-1.562001	46	34
-1.500475	40	30
-1.56308	46	29
-1.500842	59	33
-1.501449	51	28
-1.561297	49	36
-1.500399	37	27
-1.50086	45	32
-1.500973	44	28
-1.501481	64	42
-1.500777	49	36
-1.500196	44	31
-1.500757	31	19
-1.500798	28	16
-1.561924	42	37
-1.500874	75	54
-1.561412	36	24
-1.500618	53	33
-1.560479	62	39
-1.561295	37	25
-1.500297	33	21
-1.56272	40	28
-1.558921	43	33
-1.500143	28	17
-1.500993	45	33
-1.500117	28	17
-1.500932	45	25
-1.501333	47	31
-1.558328	51	40
-1.500849	59	37
-1.561653	57	32
-1.501093	35	24
-1.501219	36	24
-1.500528	37	26
-1.561779	56	41
-1.561244	49	36
-1.500904	36	24
-1.562417	48	37
-1.562563	65	45
-1.501156	31	19
-1.562635	38	26
-1.562098	41	28
-1.500958	41	29
-1.561481	36	25
-1.500793	39	27
-1.501249	37	25
-1.562298	63	51
-1.500649	38	26
-1.500776	31	19
-1.500613	36	24
-1.50143	53	36
-1.500848	42	28
-1.500749	59	37
-1.562231	50	37
-1.500693	51	31
-1.500507	41	27
-1.500758	43	31
-1.500935	38	26
-1.500678	35	23
-1.500129	55	39
-1.561842	33	23
-1.561912	50	38
-1.500775	28	16
-1.561061	50	38
-1.558707	46	35
-1.562716	44	33
-1.559473	52	40
-1.561717	29	18
-1.562654	63	42
-1.56261	34	22
-1.556654	40	28
-1.501381	40	28
-1.562456	37	25
-1.500871	43	29
-1.500681	45	32
-1.50073	38	27
-1.501049	48	29
-1.501362	67	37
-1.500736	42	30
-1.562434	43	31
-1.561613	37	26
-1.500719	44	31
-1.500526	32	21
-1.49981	31	19
-1.50099	42	24
-1.500874	38	26
-1.501121	34	22
-1.500902	30	18
-1.562333	37	25
-1.561028	37	25
-1.562612	62	46
-1.500781	35	23
-1.562247	50	39
-1.50065	35	24
-1.500995	62	40
-1.50107	50	30
-1.563218	38	26
-1.562192	67	59
-1.501416	49	33
-1.561597	48	36
-1.500441	48	34
-1.560839	43	33
-1.500434	35	24
-1.500636	36	25
-1.562674	63	48
-1.500799	40	25
-1.562481	54	37
-1.563352	63	51
-1.557427	38	26
-1.562633	55	43
-1.562651	50	35
-1.561691	48	38
-1.500856	33	21
-1.50067	32	20
-1.562468	66	46
-1.561768	42	30
-1.500982	28	16
-1.557225	40	28
-1.500791	32	20
-1.561801	50	39
-1.50082	36	24
-1.560065	56	38
-1.500699	60	42
-1.562332	36	24
-1.562145	56	43
-1.562761	37	25
-1.501756	32	20
-1.562514	37	25
-1.500912	38	26
-1.561527	30	18
-1.562782	33	21
-1.500176	37	26
-1.562388	34	22
-1.561384	46	36
-1.500722	61	43
-1.501139	49	35
-1.501313	39	26
-1.562271	48	36
-1.562212	52	31
-1.562749	35	23
-1.50049	29	25
-1.499664	38	26
-1.562472	65	48
-1.555235	31	22
-1.501457	35	23
-1.500955	36	24
-1.500678	30	18
-1.499574	28	23
-1.562479	55	42
-1.560633	34	23
-1.500706	35	23
-1.50047	26	14
-1.500526	30	19
-1.500459	42	26
-1.500761	48	37
-1.562468	55	33
-1.501337	33	21
-1.559438	40	28
-1.562304	41	28
-1.500235	31	19
-1.500624	47	33
-1.501233	36	24
-1.500682	40	27
-1.500046	30	24
-1.562755	52	35
-1.500132	29	17
-1.562493	68	46
-1.501074	61	42
-1.500948	34	22
-1.562086	48	37
-1.562023	58	42
-1.501296	41	28
-1.500263	32	20
-1.500914	33	22
-1.562063	44	32
-1.500891	36	23
-1.50077	40	24
-1.500279	38	27
-1.561724	41	29
-1.499667	32	20
-1.56234	51	30
-1.559794	38	27
-1.51513	40	28
-1.562898	54	42
-1.561814	50	38
-1.561055	38	26
-1.500759	38	25
-1.501153	38	28
-1.500861	41	34
-1.500652	57	42
-1.503502	60	46
-1.562195	42	31
-1.560348	41	36
-1.561386	42	30
-1.562491	37	25
-1.561469	49	38
-1.562301	32	20
-1.562004	46	32
-1.500254	39	28
-1.56173	41	36
-1.500152	32	26
-1.500728	51	29
-1.562376	49	36
-1.501046	41	28
-1.500155	25	20
-1.561903	42	29
-1.501368	51	32
-1.501328	50	29
-1.552382	37	25
-1.562046	47	32
-1.500714	41	30
-1.562446	49	31
-1.500645	30	28
-1.500294	35	30
-1.501257	23	11
-1.562073	46	32
-1.56299	42	30
-1.50115	42	23
-1.562447	48	36
-1.562578	39	27
-1.561898	40	28
-1.56248	43	32
-1.56223	61	39
-1.500872	35	23
-1.500704	47	27
-1.557417	51	39
-1.56183	46	35
-1.500473	50	29
-1.500536	33	21
-1.500787	64	49
-1.500466	40	26
-1.500256	32	20
-1.562735	49	37
-1.562232	51	40
-1.500198	41	28
-1.50081	30	18
-1.500964	36	24
-1.500393	45	34
-1.56153	44	33
-1.50038	52	37
-1.562294	42	30
-1.500871	40	29
-1.560102	50	39
-1.500381	36	24
-1.562371	39	27
-1.501198	30	18
-1.500704	35	24
-1.562338	45	39
-1.500385	42	30
-1.501622	51	35
-1.56241	46	34
-1.556094	53	40
-1.500198	31	19
-1.561211	48	33
-1.501979	46	35
-1.500007	36	25
-1.499979	38	26
-1.501031	56	42
-1.562889	49	32
-1.501054	49	29
-1.560691	39	28
-1.500982	41	29
-1.56231	43	31
-1.560914	48	37
-1.501007	49	40
-1.562301	36	24
-1.561731	32	21
-1.497408	34	23
-1.562779	48	36
-1.561836	45	34
-1.561772	42	32
-1.50042	29	17
-1.562264	62	47
-1.50066	41	28
-1.561938	37	25
-1.562412	54	40
-1.503599	54	44
-1.56261	62	48
-1.562295	31	19
-1.50017	31	20
-1.562391	33	21
-1.56286	45	27
-1.561845	46	36
-1.562398	64	51
-1.500598	30	23
-1.500615	36	24
-1.562236	39	27
-1.500428	31	19
-1.500799	68	42
-1.561676	34	22
-1.499998	30	25
-1.499581	31	21
-1.562377	50	39
-1.500727	32	20
-1.50061	47	29
-1.50047	39	28
-1.500777	54	36
-1.500687	41	29
-1.562613	42	25
-1.500835	38	26
-1.500804	40	28
-1.500971	41	28
-1.500861	32	21
-1.500865	41	29
-1.501434	42	30
-1.562796	50	38
-1.560557	49	39
-1.562757	48	34
-1.559613	43	31
-1.562228	51	38
-1.501176	56	30
-1.562617	63	47
-1.500305	53	36
-1.500656	28	16
-1.562207	56	39
-1.500571	30	18
-1.561261	34	23
-1.500154	55	43
-1.562943	51	38
-1.50087	41	25
-1.561371	42	32
-1.562155	49	37
-1.562995	47	35
-1.500996	58	34
-1.500166	37	26
-1.559567	48	34
-1.500893	40	24
-1.500585	33	22
-1.500448	31	19
-1.56255	45	33
-1.500299	40	27
-1.562049	35	23
-1.561687	49	31
-1.562534	73	49
-1.501395	78	48
-1.500968	35	24
-1.500877	57	34
-1.500595	61	36
-1.56124	72	43
-1.500907	37	26
-1.500408	42	34
-1.500346	31	19
-1.562092	53	34
-1.561993	46	35
-1.560706	59	36
-1.562298	41	29
-1.500689	33	21
-1.500327	36	25
-1.501069	33	21
-1.560457	40	30
-1.500437	28	16
-1.500869	55	34
-1.500745	38	25
-1.561793	67	46
-1.503243	42	31
-1.562224	59	43
-1.561886	50	32
-1.562144	30	18
-1.499917	33	22
-1.500965	30	18
-1.500645	61	50
-1.500619	30	18
-1.501222	47	29
-1.562587	48	34
-1.562349	51	39
-1.500991	27	15
-1.563242	42	30
-1.500399	34	28
-1.500657	26	21
-1.499921	31	27
-1.562379	40	29
-1.500693	31	27
-1.501109	41	29
-1.500613	34	22
-1.5012	54	38
-1.500821	37	26
-1.500741	39	28
-1.500982	57	38
-1.500663	31	22
-1.562658	55	37
-1.562454	54	38
-1.50108	41	29
-1.500875	42	30
-1.561034	54	40
-1.562053	45	33
-1.562427	62	55
-1.561731	45	33
-1.500913	36	24
-1.500494	36	25
-1.56225	49	41
-1.500556	45	33
-1.500753	39	29
-1.562873	37	25
-1.562214	41	30
-1.562199	51	38
-1.500862	60	44
-1.500485	34	28
-1.500975	42	25
-1.563304	77	56
-1.50132	37	22
-1.562618	36	24
-1.562678	71	54
-1.561772	38	33
-1.501122	31	19
-1.500619	46	34
-1.500663	35	23
-1.500884	47	33
-1.500384	32	26
-1.562606	60	45
-1.500952	41	25
-1.500401	39	21
-1.501162	43	29
-1.500247	31	20
-1.561316	31	19
-1.562624	41	29
-1.563054	70	56
-1.500457	47	32
-1.563915	50	38
-1.500627	28	17
-1.500831	33	21
-1.561491	34	22
-1.501211	51	39
-1.500354	28	17
-1.501009	46	32
-1.558082	36	24
-1.562766	65	39
-1.562212	54	43
-1.562251	48	36
-1.500617	43	26
-1.500919	51	27
-1.500557	51	38
-1.500963	55	35
-1.501028	31	19
-1.500821	37	25
-1.561357	58	46
-1.499916	32	27
-1.500995	45	27
-1.5007	43	31
-1.500836	41	29
-1.501225	39	23
-1.500561	33	21
-1.562306	61	43
-1.501398	60	36
-1.562452	34	22
-1.56235	70	49
-1.500562	35	23
-1.500631	33	21
-1.501114	33	21
-1.562845	69	44
-1.500966	33	21
-1.500825	34	22
-1.501099	47	30
-1.500567	38	29
-1.500988	60	42
-1.500969	52	28
-1.501427	50	30
-1.562085	37	25
-1.500373	44	31
-1.56175	36	24
-1.500645	44	27
-1.500561	39	26
-1.500648	39	25
-1.562536	37	25
-1.562669	56	43
-1.559606	47	35
-1.500732	28	16
-1.50143	41	29
-1.563102	51	32
-1.562028	45	24
-1.561695	52	41
-1.501607	44	28
-1.560225	67	55
-1.501063	32	20
-1.560402	64	45
-1.558988	65	46
-1.499889	34	24
-1.500276	35	23
-1.501154	33	21
-1.561946	51	45
-1.500597	51	30
-1.500444	46	34
-1.500846	28	16
-1.501408	41	27
-1.501098	68	41
-1.557531	32	20
-1.501034	40	28
-1.500692	37	25
-1.500524	47	34
-1.561943	60	49
-1.500795	39	27
-1.504295	53	38
-1.501163	37	25
-1.562113	37	26
-1.558568	40	29
-1.500733	34	23
-1.562307	45	33
-1.502894	40	28
-1.558613	56	37
-1.554612	41	29
-1.561741	38	35
-1.561824	51	31
-1.56243	55	35
-1.562535	70	52
-1.500778	60	34
-1.50084	31	19
-1.500624	42	30
-1.500581	37	26
-1.50047	34	22
-1.536009	99	81
-1.500602	32	21
-1.500666	38	26
-1.562724	67	50
-1.562516	52	37
-1.50045	51	37
-1.561794	53	49
-1.500481	47	26
-1.562382	50	38
-1.561342	32	20
-1.501356	43	30
-1.500496	53	36
-1.501506	79	47
-1.560181	47	30
-1.500549	42	29
-1.500618	39	27
-1.500584	52	30
-1.500722	33	21
-1.562204	50	38
-1.500797	49	38
-1.500401	31	19
-1.500668	29	17
-1.501485	73	51
-1.562259	44	32
-1.56223	53	34
-1.562597	52	40
-1.500593	52	37
-1.562645	46	34
-1.500227	32	20
-1.561528	46	35
-1.500895	31	19
-1.501518	49	28
-1.50099	47	34
-1.56186	67	45
-1.500552	37	25
-1.562534	44	30
-1.500112	30	19
-1.50064	33	21
-1.562467	39	27
-1.500922	50	36
-1.500796	59	41
-1.562505	37	25
-1.50103	38	25
-1.501123	32	21
-1.562132	33	21
-1.500957	29	17
-1.501108	35	23
-1.561729	38	25
-1.500894	39	25
-1.500481	24	20
-1.56266	51	39
-1.56066	42	30
-1.500724	51	30
-1.499912	63	42
-1.501188	48	26
-1.553353	66	54
-1.500587	35	24
-1.500529	36	24
-1.562089	45	32
-1.500841	59	34
-1.560995	37	25
-1.501027	52	37
-1.501156	44	29
-1.50029	33	22
-1.559315	41	30
-1.500667	34	22
-1.500577	36	24
-1.500554	40	25
-1.50045	29	18
-1.500139	37	26
-1.562174	53	42
-1.561375	39	27
-1.563397	75	60
-1.562081	69	47
-1.562069	65	36
-1.562147	54	40
-1.558919	56	42
-1.562769	58	41
-1.562408	37	25
-1.562781	60	38
-1.503827	53	40
-1.562573	42	30
-1.562518	40	28
-1.562486	43	30
-1.500544	27	22
-1.500779	40	28
-1.562961	55	35
-1.560019	52	30
-1.561842	63	53
-1.563314	75	55
-1.500625	43	28
-1.560602	38	26
-1.562923	58	46
-1.500418	25	21
-1.50119	43	27
-1.500971	53	37
-1.501483	65	42
-1.500738	49	31
-1.500264	31	21
-1.561299	44	29
-1.500078	30	26
-1.50016	28	16
-1.501287	54	40
-1.500896	33	21
-1.500977	41	29
-1.501465	33	21
-1.500421	37	25
-1.501353	39	27
-1.501064	46	29
-1.56201	31	19
-1.507034	44	32
-1.56229	63	51
-1.499979	33	24
-1.500442	28	16
-1.561915	60	48
-1.500566	44	32
-1.561953	35	23
-1.562002	47	36
-1.560509	46	26
-1.55882	38	28
-1.501195	39	26
-1.500718	41	27
-1.500655	43	29
-1.50101	38	26
-1.501014	38	25
-1.561521	44	33
-1.500682	36	24
-1.500371	26	15
-1.500794	59	40
-1.501287	36	24
-1.501101	52	34
-1.559043	36	26
-1.500883	31	19
-1.562753	48	36
-1.500668	30	18
-1.501333	36	24
-1.562586	55	39
-1.562943	57	36
-1.562914	46	34
-1.562505	51	31
-1.5006	57	33
-1.501032	49	37
-1.561302	51	41
-1.558711	37	25
-1.562907	55	32
-1.560329	29	17
-1.562133	35	24
-1.501371	45	29
-1.562199	49	37
-1.555145	35	26
-1.500889	52	28
-1.499985	40	25
-1.562806	53	32
-1.50062	36	21
-1.500524	31	19
-1.500905	37	25
-1.562523	70	46
-1.5008	43	28
-1.501248	37	25
-1.50098	53	34
-1.500697	39	27
-1.561624	37	26
-1.562754	48	32
-1.562927	54	42
-1.500805	33	21
-1.501107	70	39
-1.562102	46	34
-1.561647	40	29
-1.501062	43	31
-1.561788	48	37
-1.500919	48	32
-1.562718	46	34
-1.501129	31	19
-1.500101	26	21
-1.500994	38	26
-1.500515	34	22
-1.500802	41	28
-1.501316	30	18
-1.501121	53	31
-1.500723	38	25
-1.50111	33	21
-1.506111	60	48
-1.562419	49	29
-1.50159	38	25
-1.562289	38	27
-1.562404	43	28
-1.501182	37	25
-1.501388	32	20
-1.55811	55	44
-1.500721	29	17
-1.500675	66	49
-1.500848	50	32
-1.562558	56	44
-1.501063	38	26
-1.501526	43	32
-1.561902	44	32
-1.562077	40	28
-1.501107	33	21
-1.500438	36	31
-1.500803	43	31
-1.500983	34	22
-1.501954	46	34
-1.561506	35	24
-1.501045	55	36
-1.561975	41	30
-1.562387	50	38
-1.517481	71	55
-1.501362	61	38
-1.500771	38	26
-1.562172	44	32
-1.500842	40	28
-1.561601	46	34
-1.559996	33	22
-1.500608	37	27
-1.50092	33	21
-1.501404	32	20
-1.501354	49	36
-1.500592	30	19
-1.562122	42	31
-1.500972	47	31
-1.500459	32	20
-1.562304	46	27
-1.501033	54	29
-1.500586	33	21
-1.501178	57	38
-1.562697	38	26
-1.500988	48	33
-1.500534	33	21
-1.500941	48	33
-1.555311	43	31
-1.501077	45	31
-1.501371	60	36
-1.562802	64	44
-1.562576	70	57
-1.500645	29	18
-1.562945	36	24
-1.500861	57	40
-1.500511	44	33
-1.56189	40	35
-1.500533	57	39
-1.501149	54	32
-1.562759	64	41
-1.560656	31	19
-1.500738	36	24
-1.500566	29	17
-1.562672	59	42
-1.501079	35	23
-1.500673	44	32
-1.500935	39	24
-1.56307	39	28
-1.56207	50	39
-1.500999	38	26
-1.562319	52	42
-1.500919	43	28
-1.562287	53	39
-1.499508	44	32
-1.501035	39	27
-1.562648	49	37
-1.560994	39	27
-1.560643	35	24
-1.501991	47	35
-1.500665	42	31
-1.500508	45	26
-1.561507	36	24
-1.501177	41	24
-1.500838	52	35
-1.56073	45	34
-1.562197	37	26
-1.502641	35	23
-1.561741	55	43
-1.500586	40	28
-1.562791	42	30
-1.562226	58	46
-1.499778	49	37
-1.500768	71	53
-1.500937	36	24
-1.500762	46	31
-1.560079	33	21
-1.562457	33	21
-1.500846	36	24
-1.562261	36	24
-1.558719	62	48
-1.500941	20	20
-1.501155	59	36
-1.499855	30	19
-1.56229	46	34
-1.500459	28	23
-1.561365	49	36
-1.500248	27	23
-1.56269	39	27
-1.562291	58	46
-1.500709	31	19
-1.50016	33	22
-1.500177	34	24
-1.502821	49	29
-1.501079	40	25
-1.501375	37	23
-1.562228	46	34
-1.500759	36	25
-1.500827	49	26
-1.56176	38	26
-1.500506	36	24
-1.501278	45	29
-1.500797	44	31
-1.562078	53	42
-1.562749	59	41
-1.500689	36	24
-1.500554	41	27
-1.501062	39	27
-1.500596	37	31
-1.500757	35	22
-1.500701	38	26
-1.499756	36	24
-1.562636	72	55
-1.500814	39	26
-1.562633	40	27
-1.500202	28	23
-1.561966	41	30
-1.562588	39	27
-1.500753	26	14
-1.500698	34	21
-1.501081	43	31
-1.563162	99	73
-1.55566	33	22
-1.500312	52	34
-1.500586	58	41
-1.500828	32	20
-1.562308	53	41
-1.500467	36	24
-1.490848	28	18
-1.562776	41	26
-1.50142	50	29
-1.562513	45	31
-1.500742	40	29
-1.500859	33	29
-1.562142	52	39
-1.562407	45	34
-1.562222	42	30
-1.560592	34	24
-1.500558	45	29
-1.500643	40	24
-1.561559	44	32
-1.500512	30	18
-1.500587	40	29
-1.501018	49	37
-1.562336	34	22
-1.50065	42	26
-1.500777	73	50
-1.500719	49	36
-1.562133	45	34
-1.562264	41	29
-1.561682	36	24
-1.562239	48	35
-1.561991	42	31
-1.562902	48	34
-1.50141	54	29
-1.562002	44	40
-1.56203	45	33
-1.500538	39	24
-1.561273	42	30
-1.562661	62	39
-1.500884	55	37
-1.562012	38	26
-1.560777	57	35
-1.508811	37	25
-1.561876	72	49
-1.561824	38	26
-1.562094	51	38
-1.510131	38	27
-1.562268	77	65
-1.500989	39	26
-1.501055	43	22
-1.562552	56	37
-1.562794	31	19
-1.562336	62	44
-1.562522	42	30
-1.562316	48	36
-1.561785	40	28
-1.561666	32	20
-1.50033	35	24
-1.500908	68	44
-1.500727	33	21
-1.501126	55	33
-1.559596	34	22
-1.562549	61	49
-1.56192	49	38
-1.562163	44	32
-1.499772	31	20
-1.500975	44	29
-1.500496	33	21
-1.561887	31	31
-1.562339	57	44
-1.501336	39	27
-1.50058	50	38
-1.500959	34	21
-1.56104	39	28
-1.562	52	41
-1.562785	69	48
-1.501268	40	28
-1.501209	66	45
-1.499882	44	39
-1.500299	37	27
-1.500106	32	20
-1.501119	85	50
-1.501147	41	29
-1.561621	42	28
-1.41975	30	19
-1.562361	50	39
-1.500646	37	25
-1.500601	51	30
-1.50058	27	16
-1.561886	42	30
-1.562435	50	38
-1.501535	33	21
-1.561938	29	17
-1.563085	39	27
-1.499937	26	21
-1.56238	45	33
-1.562604	54	42
-1.500755	33	21
-1.562007	43	31
-1.500863	32	20
-1.501124	71	38
-1.501071	58	33
-1.500654	53	31
-1.500978	52	37
-1.56186	51	40
-1.56184	48	36
-1.500578	33	27
-1.562451	48	36
-1.500494	38	26
-1.500642	32	20
-1.499966	28	18
-1.562245	51	36
-1.561763	45	33
-1.561649	41	29
-1.500839	59	43
-1.561106	44	32
-1.501351	38	26
-1.56268	78	60
-1.562497	39	27
-1.500896	38	26
-1.5005	32	21
-1.500762	46	31
-1.561796	57	46
-1.562014	32	20
-1.562097	49	38
-1.560815	35	24
-1.500643	32	20
-1.556533	56	40
-1.561884	39	27
-1.500326	45	32
-1.562541	50	38
-1.500621	46	27
-1.500782	59	40
-1.500969	46	30
-1.562555	50	27
-1.500837	41	29
-1.563165	38	26
-1.500911	70	44
-1.563215	34	22
-1.560962	47	37
-1.562402	75	45
-1.562334	39	28
-1.500507	35	24
-1.50062	32	20
-1.562441	48	36
-1.500597	44	27
-1.56271	65	51
-1.500366	27	22
-1.562459	41	29
-1.561393	41	29
-1.500921	27	15
-1.500141	28	22
-1.501227	33	21
-1.501049	37	25
-1.500644	59	47
-1.50116	35	23
-1.562371	47	35
-1.500914	38	26
-1.501702	52	32
-1.500401	30	23
-1.501202	42	29
-1.562002	32	21
-1.563127	35	23
-1.50065	29	18
-1.500824	29	17
-1.500493	30	18
-1.500983	35	23
-1.561608	36	25
-1.500786	46	31
-1.501241	43	28
-1.499785	33	22
-1.501456	51	31
-1.500757	32	20
-1.56231	60	42
-1.559901	59	37
-1.500737	42	30
-1.562519	48	36
-1.56265	65	43
-1.500322	32	20
-1.562273	45	33
-1.562615	34	22
-1.49409	39	28
-1.560487	44	32
-1.500834	29	17
-1.560374	33	26
-1.562498	49	37
-1.500511	36	25
-1.501171	54	30
-1.558532	43	32
-1.500508	31	19
-1.501079	50	34
-1.562554	44	32
-1.562204	32	20
-1.562171	51	37
-1.56193	45	34
-1.562098	47	35
-1.562206	38	24
-1.501344	34	22
-1.562096	55	35
-1.500893	43	29
-1.501325	34	22
-1.560024	46	37
-1.562384	59	39
-1.500593	42	22
-1.501071	36	24
-1.559973	29	17
-1.562241	42	30
-1.501281	42	27
-1.533583	35	25
-1.562322	36	24
-1.500812	31	19
-1.500739	29	17
-1.500829	45	24
-1.561561	51	41
-1.501624	33	21
-1.562091	44	33
-1.562284	43	32
-1.562385	49	38
-1.562694	46	28
-1.500906	46	29
-1.562276	49	34
-1.562305	48	36
-1.562039	40	29
-1.562612	40	27
-1.500675	59	44
-1.500417	43	32
-1.500676	38	26
-1.55825	36	24
-1.501138	30	18
-1.498748	42	30
-1.500971	63	38
-1.56219	40	28
-1.501028	38	24
-1.558092	45	35
-1.562793	68	47
-1.562692	55	41
-1.500154	45	33
-1.562641	39	27
-1.500646	30	18
-1.562734	63	42
-1.561983	47	36
-1.50077	37	25
-1.500614	38	27
-1.557707	45	34
-1.562949	80	58
-1.5003	54	43
-1.50092	30	18
-1.500282	22	17
-1.500017	31	21
-1.49984	27	15
-1.558728	42	30
-1.560872	50	40
-1.562537	38	26
-1.500383	36	25
-1.501551	34	22
-1.500719	28	23
-1.501532	36	24
-1.561456	33	21
-1.561972	40	28
-1.561919	48	33
-1.500752	42	30
-1.562045	33	22
-1.561683	55	40
-1.562152	71	49
-1.562902	129	93
-1.500589	52	34
-1.547581	52	31
-1.562607	57	45
-1.562033	44	32
-1.501118	44	29
-1.506051	41	32
-1.502238	31	19
-1.561278	47	41
-1.500718	42	30
-1.501196	74	50
-1.562364	45	34
-1.499929	30	19
-1.562323	61	39
-1.500718	32	20
-1.562267	40	28
-1.500632	73	46
-1.50078	49	36
-1.562438	51	34
-1.50091	34	22
-1.562529	36	24
-1.559924	67	47
-1.562874	43	31
-1.562652	52	40
-1.561986	40	28
-1.501108	47	35
1.10473	48	35
-1.561926	64	45
-1.561607	58	46
-1.500814	29	18
-1.500676	44	32
-1.562543	40	28
-1.561105	48	38
-1.50051	48	33
-1.562363	48	38
-1.561959	45	34
-1.559191	37	26
-1.561994	49	38
-1.562074	73	62
-1.501122	42	30
-1.558269	46	34
-1.501035	47	34
-1.50071	44	28
-1.562883	42	30
-1.500883	38	26
-1.501063	55	42
-1.501395	31	19
-1.501227	47	28
-1.500572	37	25
-1.50037	34	29
-1.561794	49	37
-1.562076	42	32
-1.500773	37	24
-1.561855	37	32
-1.501097	39	27
-1.562151	34	27
-1.562191	55	43
-1.500549	44	34
-1.501084	32	20
-1.500775	38	23
-1.560898	58	46
-1.500316	36	31
-1.501158	38	26
-1.501171	41	29
-1.500696	24	20
-1.562448	56	43
-1.500238	36	25
-1.562382	35	23
-1.561113	42	32
-1.499983	33	29
-1.562457	47	31
-1.500371	46	33
-1.557876	47	35
-1.500286	18	18
-1.560719	42	30
-1.501478	50	34
-1.500302	34	29
-1.561759	35	25
-1.500493	32	20
-1.562273	38	26
-1.558427	44	32
-1.500625	37	25
-1.500676	45	33
-1.56181	49	37
-1.562343	60	40
-1.561947	42	30
-1.50035	44	33
-1.562608	37	25
-1.562071	45	33
-1.505163	32	21
-1.500763	36	25
-1.50098	47	33
-1.562543	58	41
-1.500348	42	33
-1.500761	46	35
-1.561915	38	26
-1.562458	43	31
-1.501089	53	31
-1.500492	40	27
-1.501119	50	36
-1.500841	39	27
-1.501197	55	42
-1.50107	36	24
-1.562046	49	37
-1.561194	45	31
-1.562349	34	22
-1.500747	36	25
-1.5008	37	25
-1.562345	46	34
-1.500485	35	24
-1.500749	39	27
-1.501423	41	29
-1.561983	58	36
-1.501077	61	45
-1.501084	53	40
-1.500923	52	33
-1.500661	52	34
-1.500363	34	23
-1.56201	41	29
-1.508921	48	36
-1.558096	37	25
-1.500685	40	28
-1.500955	38	26
-1.562364	56	42
-1.500081	25	14
-1.500767	39	27
-1.562129	48	35
-1.50052	42	32
-1.562547	40	28
-1.560317	36	25
-1.500925	50	38
-1.500269	34	24
-1.501017	30	18
-1.501138	54	36
-1.511811	50	28
-1.500387	45	30
-1.561801	52	31
-1.50096	44	32
-1.499908	29	18
-1.561821	36	25
-1.501344	34	22
-1.562358	42	31
-1.500906	44	27
-1.562452	43	27
-1.498963	47	35
-1.501226	73	57
-1.501203	63	40
-1.562771	36	24
-1.560653	48	38
-1.50143	43	28
-1.562156	49	32
-1.501155	30	18
-1.562224	40	27
-1.562426	43	31
-1.561748	50	34
-1.561956	48	36
-1.561113	35	23
-1.500858	42	30
-1.501185	54	40
-1.501124	38	26
-1.556665	56	44
-1.500949	34	22
-1.501329	50	33
-1.562641	48	36
-1.561758	43	31
-1.50131	46	26
-1.561484	37	25
-1.562638	35	23
-1.561898	56	44
-1.562092	35	23
-1.500513	29	17
-1.56267	50	37
-1.500063	31	29
-1.500665	40	28
-1.562538	44	32
-1.562362	44	32
-1.561963	57	44
-1.501272	30	18
-1.501262	30	18
-1.499806	28	23
-1.562796	72	55
-1.500769	33	22
-1.562015	38	26
-1.500982	37	25
-1.562557	32	20
-1.561099	56	38
-1.500467	37	25
-1.501296	60	38
-1.56241	51	39
-1.500701	40	26
-1.500484	33	25
-1.500299	28	16
-1.500908	36	24
-1.500399	38	27
-1.534787	68	50
-1.562659	29	17
-1.501267	27	15
-1.562693	55	42
-1.500739	45	33
-1.500565	37	25
-1.560384	38	27
-1.500621	32	20
-1.561667	35	23
-1.500522	34	22
-1.501065	37	25
-1.560684	33	21
-1.500937	43	30
-1.500481	42	30
-1.504413	35	23
-1.500864	44	30
-1.561238	31	27
-1.500906	33	21
-1.500636	45	30
-1.561975	39	27
-1.561824	48	28
-1.501347	40	24
-1.500944	52	34
-1.562217	77	64
-1.50084	43	27
-1.56199	43	32
-1.501199	60	42
-1.50065	71	54
-1.500568	35	26
-1.559996	32	21
-1.561469	46	35
-1.562904	65	49
-1.561793	62	41
-1.500664	33	21
-1.562506	59	42
-1.500701	51	29
-1.562614	65	45
-1.562911	65	46
-1.561418	44	32
-1.50051	35	23
-1.500884	31	19
-1.501207	53	35
-1.560191	38	26
-1.501405	55	34
-1.501028	57	27
-1.501004	35	23
-1.561621	39	35
-1.499924	33	28
-1.500526	38	26
-1.561965	55	43
-1.500858	32	20
-1.562345	35	24
-1.562723	53	41
-1.535514	42	31
-1.562863	41	28
-1.500902	57	41
-1.501082	44	28
-1.560099	42	33
-1.500957	49	32
-1.560125	39	27
-1.562324	62	41
-1.500661	30	18
-1.562459	67	46
-1.500788	29	18
-1.562096	38	27
-1.56268	44	30
-1.562441	75	54
-1.562355	51	39
-1.562625	70	39
-1.56088	37	25
-1.500599	44	32
-1.561703	37	25
-1.500928	47	30
-1.50075	48	31
-1.501265	45	24
-1.562476	41	29
-1.55952	44	33
-1.56216	53	41
-1.562451	53	40
-1.501071	45	25
-1.561879	53	40
-1.560292	62	45
-1.500436	39	28
-1.500966	30	18
-1.500778	52	31
-1.499547	35	23
-1.501255	42	30
-1.500161	27	15
-1.500815	40	23
-1.501008	70	48
-1.50084	49	36
-1.501705	42	30
-1.562304	51	33
-1.500615	46	33
-1.558577	51	39
-1.499927	30	28
-1.500536	47	31
-1.50139	49	37
-1.56245	30	18
-1.562643	38	26
-1.500787	38	27
-1.500702	45	33
-1.500828	31	19
-1.501065	58	37
-1.500498	36	24
-1.50155	41	24
-1.500996	66	38
-1.561859	41	30
-1.500734	48	27
-1.501331	48	36
-1.500937	29	17
-1.500715	28	17
-1.562485	62	42
-1.500843	34	22
-1.500354	54	43
-1.556779	55	43
-1.500975	47	24
-1.562282	45	34
-1.500452	35	24
-1.501012	29	17
-1.561447	47	36
-1.500599	39	28
-1.500511	30	18
-1.562058	33	22
-1.562162	51	36
-1.562458	56	43
-1.56225	40	27
-1.562152	48	37
-1.561751	35	30
-1.500704	50	34
-1.499658	32	22
-1.562407	52	41
-1.500468	31	19
-1.50061	42	21
-1.501126	50	37
-1.500695	39	26
-1.562014	33	22
-1.500802	36	24
-1.56264	35	23
-1.500812	42	31
-1.500195	47	35
-1.56255	30	18
-1.501033	45	26
-1.562521	71	50
-1.500522	36	25
-1.501115	35	23
-1.501094	31	19
-1.501123	48	26
-1.50079	44	25
-1.500641	40	29
-1.500273	40	28
-1.500907	43	25
-1.561627	71	66
-1.501061	53	33
-1.562114	46	35
-1.50044	32	20
-1.500453	33	22
-1.562385	39	27
-1.500855	34	22
-1.500945	55	39
0.841013	34	22
-1.500877	57	37
-1.562276	46	34
-1.562051	46	35
-1.562862	46	33
-1.500553	28	17
-1.501022	41	26
-1.500866	46	31
-1.561448	53	39
-1.501023	35	23
-1.50072	37	25
-1.500902	50	28
-1.50003	20	20
-1.500605	37	25
-1.500645	46	34
-1.500162	43	26
-1.500606	31	19
-1.500947	34	22
-1.562899	43	31
-1.500813	37	25
-1.562899	45	33
-1.500758	43	27
-1.501008	35	23
-1.500261	28	17
-1.562377	52	33
-1.5016	33	21
-1.500288	47	33
-1.559276	33	21
-1.500558	31	19
-1.562372	47	35
-1.500933	31	20
-1.50049	37	25
-1.561779	39	29
-1.501402	31	19
-1.561961	46	36
-1.500302	45	29
-1.500546	42	30
-1.562182	37	25
-1.562884	81	55
-1.562601	47	35
-1.500537	39	28
-1.500937	45	28
-1.561821	51	46
-1.5627	49	34
-1.500628	49	31
-1.501144	33	21
-1.562385	45	33
-1.50104	61	39
-1.562475	45	33
-1.50132	47	28
-1.500824	45	27
-1.500052	38	27
-1.562093	42	31
-1.562685	39	27
-1.563356	50	30
-1.500944	41	27
-1.500817	33	21
-1.563056	58	37
-1.56204	52	40
-1.500985	35	23
-1.500558	39	28
-1.500511	46	33
-1.500629	48	35
-1.560833	38	26
-1.500786	57	37
-1.559009	33	22
-1.563	34	22
-1.500774	36	21
-1.501506	38	26
-1.500735	38	27
-1.50097	40	28
-1.561987	45	39
-1.500795	44	32
-1.500878	52	38
-1.561355	48	37
-1.50212	61	37
-1.562767	50	38
-1.562481	43	31
-1.500153	32	22
-1.562617	44	31
-1.560958	34	22
-1.501114	31	19
-1.562413	61	39
-1.561714	61	50
-1.499662	40	29
-1.501026	40	25
-1.500782	47	35
-1.562223	41	29
-1.501182	47	31
-1.501178	33	21
-1.500859	26	14
-1.500075	29	17
-1.561994	52	34
-1.500928	42	30
-1.5005	49	37
-1.563173	49	36
-1.499951	35	24
-1.562405	44	32
-1.50084	37	25
-1.500504	37	27
-1.500968	31	19
-1.562287	60	43
-1.501265	37	25
-1.501333	54	39
-1.501148	34	22
-1.500703	51	37
-1.502517	56	41
-1.500777	43	28
-1.562672	40	28
-1.500693	59	36
-1.560666	33	23
-1.500884	41	28
-1.501366	45	33
-1.500666	48	36
-1.500666	27	15
-1.500746	40	26
-1.500891	37	25
-1.500889	50	30
-1.562761	34	22
-1.500442	30	19
-1.562303	41	29
-1.500896	51	31
-1.499964	28	23
-1.562259	29	17
-1.500585	55	42
-1.562758	44	32
-1.501194	36	24
-1.500771	46	32
-1.501229	57	40
-1.500249	29	19
-1.501534	29	17
-1.561167	39	28
-1.501259	46	31
-1.56249	45	33
-1.501052	38	26
-1.562992	43	29
-1.501307	30	18
-1.562804	43	31
-1.50079	55	41
-1.500256	29	17
-1.561659	57	38
-1.562225	36	24
-1.500473	40	30
-1.561626	48	35
-1.500691	33	21
-1.561785	37	25
-1.561607	39	27
-1.500621	31	19
-1.500984	41	23
-1.562287	51	38
-1.560744	38	26
-1.56258	58	38
-1.501006	50	34
-1.562102	47	31
-1.55511	37	27
-1.500948	35	21
-1.500911	35	23
-1.562331	40	28
-1.500904	46	34
-1.500735	31	19
-1.500969	39	27
-1.562457	56	44
-1.500538	53	33
-1.563126	55	34
-1.56015	40	28
-1.500483	28	23
-1.500786	42	28
-1.500352	29	18
-1.50103	40	28
-1.562768	60	39
-1.499966	58	46
-1.500711	32	20
-1.562556	57	43
-1.500684	60	37
-1.501891	42	31
-1.500484	36	24
-1.501058	37	25
-1.560177	53	37
-1.563025	61	37
-1.500557	38	26
-1.501349	62	40
-1.562208	44	32
-1.501206	35	18
-1.500925	38	26
-1.500555	41	30
-1.561305	37	26
-1.500853	35	24
-1.500914	42	30
-1.500578	46	34
-1.538291	53	36
-1.562391	64	52
-1.561546	45	32
-1.500495	36	25
-1.563184	43	31
-1.499703	31	26
-1.500831	43	23
-1.500564	41	29
-1.500956	41	29
-1.500756	44	27
-1.500017	34	22
-1.501183	32	20
-1.562332	42	31
-1.562507	50	38
-1.562371	42	30
-1.56106	58	46
-1.501046	40	28
-1.562052	57	39
-1.500312	32	27
-1.560996	40	29
-1.562241	67	51
-1.501094	58	36
-1.500825	46	33
-1.560518	45	32
-1.501137	38	24
-1.50081	39	26
-1.501318	37	25
-1.5012	42	29
-1.50072	51	35
-1.562035	28	16
-1.561843	40	29
-1.561626	34	22
-1.500923	38	26
-1.500598	42	30
-1.500935	44	31
-1.562825	65	45
-1.500696	29	17
-1.500831	36	25
-1.50341	43	31
-1.500776	42	30
-1.562665	45	31
-1.562675	74	47
-1.500724	32	20
-1.561395	46	35
-1.500265	44	32
-1.562677	36	25
-1.514786	45	33
-1.501681	56	37
-1.561878	37	25
-1.503286	33	21
-1.562595	34	22
-1.500618	36	25
-1.500807	30	18
-1.500041	30	20
-1.563304	52	40
-1.56272	54	36
-1.562397	37	26
-1.561267	43	31
-1.500539	41	29
-1.552184	37	25
-1.561391	54	42
-1.500727	38	27
-1.55919	49	35
-1.562128	41	29
-1.562176	47	34
-1.500681	52	39
-1.562836	56	44
-1.501667	50	30
-1.501117	41	29
-1.500903	49	30
-1.561732	41	31
-1.500993	40	28
-1.50048	38	26
-1.562918	80	50
-1.562801	38	26
-1.562558	58	41
-1.562444	35	23
-1.500784	38	33
-1.500969	46	34
-1.501028	49	28
-1.561883	46	34
-1.50068	40	28
-1.500947	51	40
-1.500682	34	22
-1.562017	38	26
-1.500246	32	28
-1.562372	51	32
-1.56202	44	32
-1.563141	55	43
-1.562519	56	44
-1.561754	38	27
-1.501044	49	32
-1.501384	74	52
-1.560724	43	28
-1.500655	31	19
-1.500841	57	34
-1.561845	45	34
-1.515153	36	26
-1.501139	65	36
-1.562686	54	39
-1.500919	32	20
-1.500577	39	26
-1.562729	89	61
-1.500787	43	32
-1.500711	37	25
-0.135795	31	21
-1.562235	42	30
-1.562453	39	27
-1.501072	38	26
-1.50015	50	37
-1.562256	33	21
-1.561545	75	48
-1.501046	34	22
-1.560254	35	23
-1.500761	53	33
-1.562224	41	29
-1.501199	38	26
-1.500487	42	36
-1.562334	37	25
-1.500327	41	29
-1.56216	40	28
-1.562027	52	41
-1.560861	43	33
-1.501293	44	32
-1.562882	88	60
-1.563211	55	34
-1.562467	53	34
-1.500802	36	24
-1.500573	29	18
-1.560197	33	22
-1.500758	39	24
-1.500628	35	23
-1.562757	51	39
-1.501388	33	21
-1.500882	44	34
-1.500614	40	28
-1.500271	43	31
-1.50116	42	30
-1.562293	48	33
-1.500887	48	35
-1.500512	33	21
-1.562719	33	21
-1.500696	31	19
-1.562239	44	32
-1.562578	53	41
-1.562517	44	32
-1.50083	51	31
