-1.5068	234	63
-1.5483	290	77
-1.5631	314	85
-1.5001	259	75
-1.5428	335	87
-1.5011	308	79
-1.4911	298	77
-1.4921	233	66
-1.504	243	70
-1.5302	273	75
-1.4981	319	78
-1.559	224	63
-1.4863	258	63
-1.5006	261	67
-1.5553	235	62
-1.5614	321	78
-1.5612	274	75
-1.4998	256	73
-1.531	318	78
-1.4989	256	76
-1.532	309	80
-1.4987	268	80
-1.5418	274	73
-1.513	203	60
-1.569	234	73
-1.5247	254	70
-1.5526	282	70
-1.4955	312	85
-1.4962	206	57
-1.5551	297	74
-1.4982	212	62
-1.5032	303	84
-1.4935	342	81
-1.5013	250	73
-1.4989	238	64
-1.5615	261	71
-1.5019	189	68
-1.4975	257	71
-1.5563	313	82
-1.4937	237	63
-1.4948	191	59
-1.5317	253	71
-1.4965	251	69
-1.5007	205	59
-1.4974	212	62
-1.5578	259	67
-1.5164	396	95
-1.4946	218	64
-1.5043	219	64
-1.5226	328	91
-1.5379	269	72
-1.5061	277	74
-1.5137	274	76
-1.5533	312	77
-1.5622	226	69
-1.4992	250	66
-1.494	198	59
-1.4918	217	59
-1.5178	234	70
-1.4986	236	65
-1.5624	256	66
-1.5651	249	65
-1.5042	369	96
-1.4957	190	58
-1.4997	251	67
-1.5475	235	64
-1.5105	361	91
-1.4963	255	64
-1.5507	305	78
-1.5551	286	77
-1.5028	337	80
-1.5062	262	72
-1.5589	256	67
-1.5073	254	72
-1.526	330	83
-1.5425	314	81
-1.5037	221	60
-1.5072	271	72
-1.5087	303	86
-1.5659	271	79
-1.501	336	85
-1.4956	212	51
-1.4983	254	72
-1.5051	300	77
-1.5626	341	86
-1.5025	339	88
-1.4997	235	65
-1.5278	261	80
-1.4998	237	64
-1.5134	393	94
-1.5415	305	83
-1.5058	274	76
-1.4829	320	79
-1.496	265	78
-1.5147	264	66
-1.4995	189	66
-1.4907	298	75
-1.5053	243	63
-1.4941	279	68
-1.497	241	69
-1.5014	266	75
-1.5725	307	81
-1.5007	249	68
-1.4971	257	65
-1.4938	276	79
-1.5266	285	79
-1.5516	312	79
-1.5052	255	68
-1.5486	289	74
-1.5037	298	70
-1.5572	351	83
-1.5017	277	68
-1.4972	315	75
-1.5269	228	62
-1.4904	199	55
-1.5419	237	65
-1.4935	312	79
-1.4999	188	53
-1.533	293	76
-1.5438	318	76
-1.507	210	62
-1.503	235	64
-1.5046	228	67
-1.4966	248	66
-1.4981	314	89
-1.5294	334	88
-1.5509	235	65
-1.4938	208	58
-1.4981	262	78
-1.2758	360	91
-1.5108	321	80
-1.5011	187	48
-1.5429	297	85
-1.5562	213	59
-1.5096	237	65
-1.4998	327	85
-1.4954	241	61
-1.4936	287	86
-1.4947	245	66
-1.5019	211	59
-1.5654	253	78
-1.5395	294	76
-1.5053	251	70
-1.4917	308	79
-1.5615	271	78
-1.4891	311	82
-1.4923	374	88
-1.496	213	55
-1.4959	235	65
-1.5449	209	53
-1.4932	253	71
-1.5354	213	55
-1.5028	242	63
-1.4999	321	78
-1.5046	342	88
-1.5626	192	53
-1.5202	359	95
-1.495	213	64
-1.493	191	57
-1.4986	193	51
-1.498	232	67
-1.4919	204	64
-1.5012	277	73
-1.518	252	75
-1.5018	263	68
-1.4994	378	89
-1.4984	209	60
-1.4954	256	68
-1.4944	265	67
-1.4976	213	57
-1.5042	265	72
-1.4931	229	61
-1.5514	258	71
-1.524	310	78
-1.504	297	81
-1.4974	255	63
-1.5316	261	76
-1.4978	215	70
-1.4998	248	67
-1.5608	279	71
-1.5685	231	65
-1.5253	281	72
-1.5018	184	61
-1.5263	318	81
-1.5306	283	80
-1.4958	229	74
-1.4925	276	73
-1.5413	322	79
-1.5485	247	68
-1.4936	265	71
-1.5177	305	87
-1.4928	269	69
-1.495	388	97
-1.5579	249	75
-1.5032	221	67
-1.4982	206	61
-1.5033	225	56
-1.5005	247	72
-1.5361	342	82
-1.5602	266	76
-1.5619	321	83
-1.4997	225	60
-1.4838	255	68
-1.53	231	67
-1.556	250	73
-1.4965	254	72
-1.5667	300	77
-1.4983	241	69
-1.4963	192	58
-1.541	258	79
-1.5072	263	66
-1.5579	342	88
-1.5037	296	75
-1.5021	319	85
-1.5049	249	77
-1.5013	198	60
-1.4968	237	64
-1.5475	281	70
-1.4925	319	74
-1.5428	291	79
-1.5028	243	73
-1.5007	331	84
-1.5489	211	66
-1.515	282	78
-1.544	318	84
-1.4977	284	76
-1.496	210	58
-1.5005	309	85
-1.5011	208	60
-1.5419	212	65
-1.5434	320	76
-1.5547	343	84
-1.5544	269	70
-1.5241	339	84
-1.502	234	69
-1.556	258	67
-1.5005	214	60
-1.5038	248	70
-1.4942	242	72
-1.4934	273	74
-1.5207	245	72
-1.4957	275	67
-1.4947	316	81
-1.4977	219	63
-1.494	234	61
-1.5361	284	77
-1.5488	227	71
-1.5048	258	70
-1.5162	195	57
-1.4932	252	73
-1.5474	354	95
-1.4998	211	61
-1.4948	310	78
-1.5066	276	72
-1.5052	311	80
-1.5075	254	69
-1.4968	236	69
-1.5581	223	66
-1.5067	217	65
-1.4981	364	84
-1.4968	293	81
-1.5002	234	66
-1.5466	297	77
-1.5524	233	61
-1.557	306	85
-1.5465	334	88
-1.5568	308	79
-1.5523	257	62
-1.5631	403	98
-1.5608	246	60
-1.498	344	87
-1.5555	327	84
-1.5066	251	70
-1.4949	354	86
-1.4917	290	74
-1.4993	264	69
-1.4989	229	63
-1.5531	270	77
-1.5237	275	77
-1.5003	208	63
-1.5066	265	74
-1.5002	224	59
-1.4987	226	66
-1.558	246	74
-1.5471	246	65
-1.5263	387	89
-1.5043	237	65
-1.5049	203	56
-1.4909	215	65
-1.4999	239	66
-1.5567	263	73
-1.5562	226	67
-1.496	196	56
-1.4968	215	59
-1.5141	274	70
-1.5034	267	76
-1.5002	238	65
-1.5177	207	52
-1.4959	228	69
-1.5203	358	93
-1.4944	240	72
-1.5564	295	74
-1.4996	257	68
-1.5558	267	85
-1.5033	233	64
-1.5417	219	61
-1.4933	263	71
-1.4938	386	94
-1.4981	308	81
-1.4989	311	89
-1.4941	229	57
-1.5486	232	67
-1.4994	193	55
-1.507	246	66
-1.506	247	72
-1.4952	208	59
-1.4951	252	67
-1.5293	270	75
-1.5435	351	86
-1.53	276	72
-1.4942	243	71
-1.5	328	91
-1.5005	305	89
-1.5506	348	87
-1.4991	200	62
-1.5194	247	60
-1.4949	306	66
-1.4963	293	67
-1.5251	227	65
-1.5545	287	78
-1.4984	262	66
-1.5578	202	61
-1.5033	223	63
-1.4981	191	49
-1.5711	282	84
-1.5003	191	58
-1.5006	215	66
-1.4923	219	59
-1.5033	226	64
-1.5182	284	75
-1.5085	256	63
-1.5382	272	69
-1.5046	202	55
-1.5455	268	68
-1.5123	231	73
-1.5426	348	87
-1.5052	236	55
-1.5476	247	72
-1.5042	241	70
-1.5635	309	77
-1.539	335	81
-1.5022	255	72
-1.5468	275	75
-1.5564	265	69
-1.5013	253	69
-1.5003	222	69
-1.537	271	76
-1.4812	359	91
-1.5483	297	77
-1.5266	317	92
-1.4986	303	75
-1.4912	306	77
-1.5076	213	58
-1.5005	213	63
-1.4996	221	61
-1.5	272	66
-1.5157	373	99
-1.4963	253	66
-1.5001	276	67
-1.54	239	62
-1.5014	209	57
-1.5035	257	72
-1.5365	338	81
-1.502	269	78
-1.5031	256	72
-1.4994	294	81
-1.4913	271	79
-1.5618	331	86
-1.5275	259	79
-1.4832	338	85
-1.5001	207	50
-1.4971	316	82
-1.5091	248	61
-1.5013	196	53
-1.496	235	68
-1.5044	298	81
-1.5628	204	57
-1.4994	322	90
-1.5606	267	63
-1.5	218	56
-1.5037	264	75
-1.5047	295	78
-1.4999	195	57
-1.4999	263	69
-1.5611	247	66
-1.536	282	76
-1.5084	245	76
-1.4962	279	75
-1.4927	207	64
-1.4973	259	66
-1.4957	273	68
-1.494	263	64
-1.5569	346	87
-1.4987	234	59
-1.499	216	62
-1.5356	322	85
-1.502	306	82
-1.4987	305	90
-1.4927	207	58
-1.5307	217	66
-1.4993	255	69
-1.504	234	61
-1.4984	249	62
-1.498	300	84
-1.5197	377	92
-1.5429	295	79
-1.4951	234	68
-1.5393	264	77
-1.5	218	59
-1.5005	242	62
-1.4988	286	77
-1.544	306	85
-1.4955	204	61
-1.5063	240	64
-1.5302	241	72
-1.5452	319	92
-1.5612	237	70
-1.4947	266	66
-1.5029	275	70
-1.4998	292	81
-1.5202	250	68
-1.5231	278	70
-1.4943	350	79
-1.5013	197	63
-1.4945	267	75
-1.5069	350	79
-1.5051	290	71
-1.4957	304	87
-1.5423	369	89
-1.5519	314	72
-1.5551	272	82
-1.5022	340	80
-1.4995	249	69
-1.5105	217	66
-1.5021	255	74
-1.5038	253	69
-1.5059	215	61
-1.4988	236	66
-1.5446	274	76
-1.4981	224	63
-1.4949	251	71
-1.5009	266	69
-1.5057	227	65
-1.5009	300	82
-1.4993	206	57
-1.5222	383	93
-1.5484	286	75
-1.551	337	86
-1.5482	268	69
-1.4969	214	67
-1.4957	248	68
-1.5031	196	52
-1.5638	232	74
-1.4973	353	89
-1.5595	260	65
-1.5619	374	99
-1.4998	328	80
-1.4965	243	67
-1.4962	244	72
-1.4992	292	78
-1.5058	209	62
-1.4989	232	63
-1.5071	234	60
-1.4994	236	66
-1.498	311	70
-1.4989	323	87
-1.4913	220	53
-1.5029	216	59
-1.4972	263	68
-1.4892	319	81
-1.4989	210	54
-1.5074	230	65
-1.4988	254	73
-1.5064	272	67
-1.5051	245	75
-1.4938	235	63
-1.4937	246	76
-1.4979	283	72
-1.5037	311	74
-1.4965	213	63
-1.4925	256	69
-1.4923	272	78
-1.4941	214	61
-1.5037	195	62
-1.5003	234	55
-1.4941	186	55
-1.4997	292	76
-1.5222	279	69
-1.4971	234	65
-1.4963	273	77
-1.5117	267	83
-1.4454	299	76
-1.4912	322	88
-1.5054	231	68
-1.4961	217	66
-1.4833	280	75
-1.5549	240	70
-1.4953	299	76
-1.5103	206	61
-1.4945	216	60
-1.5057	295	88
-1.57	257	67
-1.4971	248	71
-1.5017	250	72
-1.5587	193	58
-1.4918	248	63
-1.5074	249	73
-1.4968	173	49
-1.5516	272	73
-1.5037	296	80
-1.4954	206	57
-1.5316	287	75
-1.4986	177	52
-1.4963	256	74
-1.5521	190	54
-1.5065	216	66
-1.5093	230	66
-1.4993	201	53
-1.501	221	66
-1.538	220	62
-1.5473	299	77
-1.4939	269	73
-1.5404	319	83
-1.4891	239	69
-1.4975	229	75
-1.5477	232	67
-1.4989	252	71
-1.5523	298	83
-1.5451	277	72
-1.5047	222	61
-1.5635	303	90
-1.5575	213	69
-1.5056	281	79
-1.4987	221	60
-1.5076	294	71
-1.4918	245	69
-1.497	245	74
-1.4994	239	64
-1.4996	243	63
-1.4862	305	76
-1.4927	236	66
-1.4972	267	66
-1.4945	364	93
-1.5401	318	82
-1.5429	246	73
-1.5487	244	60
-1.4953	191	55
-1.5649	267	75
-1.5023	244	65
-1.4991	272	71
-1.4872	235	55
-1.505	257	76
-1.5626	279	74
-1.5591	232	67
-1.4908	248	73
-1.4997	227	71
-1.4988	231	58
-1.4915	217	56
-1.5547	276	78
-1.5531	329	90
-1.5524	307	79
-1.5492	233	62
-1.5071	245	70
-1.5015	249	66
-1.4929	224	69
-1.4977	249	62
-1.4962	211	57
-1.4999	254	63
-1.4954	200	61
-1.5563	204	63
-1.4968	326	89
-1.4972	261	74
-1.4956	263	71
-1.5172	247	74
-1.5059	242	67
-1.4968	302	73
-1.4966	267	75
-1.4921	211	57
-1.5053	338	89
-1.5019	250	67
-1.5011	283	76
-1.4974	250	64
-1.4982	244	67
-1.558	322	79
-1.4954	210	66
-1.4997	283	78
-1.4988	354	90
-1.4968	211	63
-1.5564	279	75
-1.4971	175	48
-1.551	243	65
-1.4946	308	75
-1.5	222	63
-1.556	299	79
-1.497	222	58
-1.543	263	81
-1.5179	416	97
-1.4988	273	75
-1.4924	249	75
-1.4888	235	60
-1.5591	219	58
-1.5087	276	64
-1.5258	285	69
-1.5017	231	63
-1.5442	286	82
-1.5117	225	61
-1.552	270	77
-1.4974	230	61
-1.5023	245	69
-1.498	245	76
-1.4947	341	90
-1.5075	240	69
-1.4917	272	70
-1.4997	238	68
-1.5036	265	61
-1.4972	225	63
-1.5017	249	69
-1.4982	229	67
-1.4972	300	78
-1.5667	271	71
-1.5602	342	80
-1.5004	253	67
-1.5089	320	89
-1.4995	240	60
-1.4965	247	71
-1.5065	209	63
-1.551	344	90
-1.5069	229	67
-1.5383	246	73
-1.5083	267	70
-1.4929	246	68
-1.5349	309	85
-1.4893	289	75
-1.5321	331	87
-1.4889	222	60
-1.4954	234	67
-1.5459	259	73
-1.4966	271	76
-1.5001	244	62
-1.4986	209	63
-1.4964	268	71
-1.5054	189	54
-1.5343	258	70
-1.4975	188	54
-1.5024	289	71
-1.5024	225	64
-1.4996	305	80
-1.4926	224	59
-1.4932	227	59
-1.5003	218	65
-1.4922	213	52
-1.5571	241	63
-1.5144	268	71
-1.5524	249	75
-1.4963	241	61
-1.5458	226	66
-1.4967	210	55
-1.5257	412	94
-1.4935	216	53
-1.5003	223	62
-1.4967	257	67
-1.4917	288	73
-1.5052	174	51
-1.4989	246	67
-1.5075	299	81
-1.4987	273	64
-1.4997	235	62
-1.4941	224	65
-1.4932	199	59
-1.5072	258	73
-1.4983	252	65
-1.4984	269	64
-1.4987	234	69
-1.552	236	61
-1.504	214	62
-1.5003	401	98
-1.5562	235	61
-1.4957	252	71
-1.4966	201	60
-1.5558	265	68
-1.5067	276	76
-1.5017	264	76
-1.5515	264	69
-1.5022	299	76
-1.4978	303	74
-1.5561	309	78
-1.5078	220	56
-1.503	297	73
-1.4982	241	66
-1.5512	334	93
-1.499	212	65
-1.5021	308	78
-1.4987	259	71
-1.5039	265	75
-1.4922	256	69
-1.5029	207	53
-1.5454	224	61
-1.4992	245	63
-1.5027	276	69
-1.4984	249	59
-1.4919	262	73
-1.5318	246	68
-1.4981	218	58
-1.4985	240	69
-1.4968	266	81
-1.5054	268	79
-1.4906	238	68
-1.5517	249	74
-1.4946	241	69
-1.4988	225	66
-1.4975	326	91
-1.5187	280	80
-1.514	306	84
-1.4969	243	68
-1.5008	227	55
-1.5019	260	76
-1.5444	279	79
-1.5157	347	93
-1.5054	269	67
-1.4925	262	69
-1.4991	293	85
-1.4945	240	67
-1.4997	259	67
-1.4986	392	93
-1.5363	254	73
-1.5233	241	58
-1.5109	279	79
-1.5007	266	66
-1.5002	218	61
-1.4953	215	68
-1.4985	168	50
-1.5552	266	72
-1.4963	265	76
-1.496	252	63
-1.5522	297	76
-1.5016	232	65
-1.4916	298	84
-1.4994	286	76
-1.5056	192	56
-1.5091	236	67
-1.5103	232	72
-1.4919	234	66
-1.5501	234	63
-1.504	245	69
-1.5005	217	62
-1.4942	299	75
-1.5019	354	95
-1.5654	282	77
-1.5044	363	85
-1.5027	285	70
-1.547	334	86
-1.5001	299	72
-1.5383	250	70
-1.5509	301	73
-1.498	197	61
-1.5034	247	70
-1.5545	368	89
-1.5028	258	77
-1.5564	429	96
-1.5042	240	64
-1.5524	248	76
-1.5042	271	81
-1.5015	223	60
-1.5017	233	64
-1.4956	213	60
-1.5008	259	71
-1.5458	301	78
-1.4897	293	74
-1.5008	255	70
-1.552	233	67
-1.492	220	58
-1.4919	225	61
-1.4984	209	57
-1.4906	342	88
-1.5432	291	75
-1.5023	218	62
-1.5069	283	74
-1.5046	287	80
-1.5038	208	58
-1.4912	309	73
-1.4971	243	67
-1.4977	403	98
-1.4984	206	67
-1.4997	264	61
-1.5007	179	52
-1.5452	297	79
-1.5566	294	84
-1.5569	187	53
-1.4956	247	73
-1.4912	324	82
-1.4991	248	67
-1.5009	262	71
-1.4994	206	59
-1.4849	206	56
-1.5011	244	66
-1.4991	209	57
-1.5072	246	64
-1.4972	264	63
-1.5615	266	70
-1.5026	216	66
-1.5005	294	74
-1.5495	310	78
-1.5574	292	80
-1.4918	361	89
-1.5179	336	79
-1.5118	255	68
-1.4946	265	75
-1.4962	246	63
-1.5119	258	71
-1.5621	231	67
-1.4973	295	72
-1.4991	275	66
-1.5662	289	74
-1.5101	189	56
-1.4967	274	76
-1.5648	334	86
-1.4952	231	57
-1.5035	299	81
-1.498	200	55
-1.5214	219	64
-1.497	217	58
-1.5491	272	73
-1.5511	288	75
-1.4899	177	56
-1.5344	266	72
-1.5586	241	63
-1.5075	218	65
-1.4987	303	88
-1.5064	298	82
-1.5022	205	60
-1.4992	200	62
-1.5561	226	68
-1.501	182	52
-1.4946	240	69
-1.4966	246	68
-1.5582	177	51
-1.5008	259	65
-1.5235	277	76
-1.5205	259	63
-1.502	287	78
-1.5034	274	66
-1.5116	322	82
-1.562	272	71
-1.5445	263	70
-1.5002	249	61
-1.5584	345	86
-1.5471	258	59
-1.498	225	69
-1.4952	274	88
-1.5512	296	77
-1.5407	279	83
-1.5004	298	82
-1.5157	329	87
-1.4936	263	76
-1.5016	212	63
-1.4895	248	68
-1.497	263	70
-1.5532	222	61
-1.4992	255	71
-1.5004	328	81
-1.4944	230	62
-1.5069	226	65
-1.5029	273	74
-1.5436	281	78
-1.4886	232	62
-1.5585	279	73
-1.4992	223	65
-1.5366	345	78
-1.4998	287	77
-1.4969	290	79
-1.4946	208	56
-1.5486	234	64
-1.5401	213	57
-1.4983	367	87
-1.5282	286	84
-1.4977	259	77
-1.5016	286	73
-1.4946	281	74
-1.4957	279	73
-1.4953	193	62
-1.501	391	95
-1.5594	314	79
-1.5108	349	94
-1.5057	272	69
-1.5605	269	72
-1.5264	231	74
-1.5035	245	75
-1.5322	266	71
-1.5377	256	69
-1.5014	254	67
-1.4991	213	62
-1.5027	235	59
-1.5648	294	80
-1.5113	274	70
-1.4961	242	70
-1.5017	174	52
-1.5043	286	83
-1.5019	235	69
-1.4886	198	54
-1.5095	404	96
-1.4995	238	64
-1.4972	283	70
-1.5566	297	78
-1.4946	210	54
-1.5209	227	66
-1.4952	212	60
-1.4959	286	71
-1.5235	315	83
-1.5003	325	72
-1.5334	352	88
-1.5495	225	68
-1.4943	247	69
-1.5479	235	65
-1.4991	286	78
-1.5577	333	86
-1.5549	214	61
-1.5103	270	80
-1.4954	275	74
-1.4904	310	76
-1.5611	244	72
-1.4988	233	71
-1.5002	190	55
-1.4996	329	84
-1.5529	270	75
-1.5632	266	69
-1.4904	260	76
-1.5553	295	80
-1.556	357	96
-1.4994	276	84
-1.5016	213	61
-1.5615	280	71
-1.5017	358	92
-1.5142	275	71
-1.4988	224	59
-1.5121	272	70
-1.4985	228	62
-1.4945	276	72
-1.4927	265	70
-1.5576	223	59
-1.5012	276	78
-1.5263	287	76
-1.4984	215	62
-1.4894	255	71
-1.5004	255	81
-1.4999	218	62
-1.5401	274	79
-1.5199	469	95
-1.4996	219	61
-1.5435	378	91
-1.492	226	65
-1.4992	199	57
-1.4973	194	55
-1.5603	284	84
-1.5422	289	78
-1.5022	185	58
-1.5008	234	59
-1.496	348	90
-1.5449	298	87
-1.5585	218	64
-1.4983	241	67
-1.4971	276	80
-1.5159	248	64
-1.5039	257	76
-1.4914	235	73
-1.5479	241	64
-1.4993	315	85
-1.5528	281	79
-1.5019	237	70
-1.5057	231	59
-1.4969	287	61
-1.5014	236	75
-1.5549	296	79
-1.4991	357	97
-1.5035	226	66
-1.4951	246	66
-1.493	265	67
-1.5345	317	84
-1.4925	282	72
-1.5002	256	71
-1.4903	269	67
-1.5619	310	77
-1.5003	209	62
-1.4959	301	81
-1.5009	243	67
-1.5244	416	94
-1.5004	327	76
-1.5102	262	80
-1.5406	266	87
-1.5459	251	68
-1.5186	288	75
-1.5012	280	81
-1.5481	288	85
-1.4987	288	76
-1.4934	213	57
-0.8796	390	91
-1.5023	212	61
-1.4981	212	64
-1.5085	334	91
-1.556	360	95
-1.5074	290	81
-1.4962	299	74
-1.5362	230	63
-1.5074	195	55
-1.5096	277	74
-1.5009	258	68
-1.5021	236	75
-1.501	244	68
-1.5022	310	84
-1.5005	232	63
-1.506	200	68
-1.5012	226	61
-1.4992	235	61
-1.4901	261	75
-1.5025	348	84
-1.5316	289	78
-1.54	306	85
-1.5485	311	87
-1.4882	337	92
-1.5033	233	65
-1.5073	265	74
-1.4931	217	59
-1.4947	364	87
-1.4899	283	82
-1.5037	263	70
-1.5037	277	76
-1.541	257	69
-1.5078	239	75
-1.4998	250	74
-1.504	231	62
-1.4921	288	72
-1.4992	265	74
-1.4998	254	74
-1.5283	221	69
-1.5068	269	77
-1.501	255	71
-1.504	294	80
-1.5056	267	77
-1.4929	276	69
-1.5014	293	73
-1.5029	268	75
-1.4867	252	65
-1.5026	239	65
-1.5172	237	69
-1.5018	194	52
-1.5006	223	69
-1.503	261	71
-1.4972	356	95
-1.5529	229	56
-1.4924	245	60
-1.4968	233	64
-1.4918	268	66
-1.5033	244	71
-1.4941	222	62
-1.4976	303	74
-1.5008	206	63
-1.5374	329	78
-1.4952	250	76
-1.4976	233	60
-1.5697	228	68
-1.5055	230	63
-1.4964	178	52
-1.5077	345	89
-1.5073	237	62
-1.5406	298	73
-1.4976	224	62
-1.5492	230	66
-1.5516	257	77
-1.4922	264	78
-1.5268	273	73
-1.4955	214	64
-1.5509	296	81
-1.5013	215	61
-1.5069	300	80
-1.4924	238	60
-1.5147	253	70
-1.4954	206	52
-1.4996	226	60
-1.5455	287	75
-1.5013	337	87
-1.4889	289	69
-1.5147	250	67
-1.497	219	65
-1.5425	254	69
-1.5345	266	78
-1.4926	246	66
-1.5058	258	67
-1.5174	231	69
-1.4928	201	63
-1.4924	265	78
-1.5658	244	65
-1.5607	183	55
-1.5261	254	65
-1.5044	272	75
-1.4933	249	68
-1.4957	310	84
-1.4908	230	63
-1.4988	330	89
-1.4942	248	65
-1.499	290	78
-1.5054	264	61
-1.5081	241	67
-1.4948	313	81
-1.4947	266	66
-1.5141	243	75
-1.4968	316	82
-1.5081	268	72
-1.5039	281	78
-1.536	276	76
-1.5033	280	78
-1.4938	197	63
-1.5167	369	84
-1.5296	293	75
-1.568	213	61
-1.504	215	59
-1.5052	237	68
-1.5372	267	65
-1.4995	308	77
-1.4942	228	68
-1.5466	252	67
-1.4941	288	75
-1.5506	289	72
-1.4948	242	63
-1.4945	204	56
-1.5636	310	83
-1.5464	202	62
-1.5103	301	78
-1.5335	233	67
-1.4998	234	60
-1.4957	245	73
-1.5025	277	72
-1.5032	232	64
-1.5041	333	86
-1.4969	232	60
-1.5039	324	82
-1.5189	260	67
-1.5151	276	76
-1.5544	262	70
-1.5055	218	60
-1.5554	328	89
-1.4968	241	74
-1.5479	245	67
-1.555	234	68
-1.558	318	80
-1.509	287	77
-1.5029	308	81
-1.4865	217	61
-1.4846	184	56
-1.4959	252	68
-1.5148	280	75
-1.5631	238	65
-1.4935	193	56
-1.5512	307	81
-1.5376	333	94
-1.5597	229	66
-1.5098	283	75
-1.4985	243	65
-1.5174	274	78
-1.5075	319	82
-1.5022	308	82
-1.4953	219	58
-1.4935	211	62
-1.4888	220	59
-1.5395	251	65
-1.4978	230	69
-1.4987	206	61
-1.5064	226	68
-1.4996	237	63
-1.4942	276	76
-1.4994	209	66
-1.507	195	57
-1.5544	198	54
-1.5653	200	62
-1.5001	370	95
-1.5683	359	97
-1.4963	237	67
-1.504	231	70
-1.5034	197	63
-1.4982	249	71
-1.5532	227	71
-1.5585	248	71
-1.4955	172	50
-1.4966	246	66
-1.5019	237	60
-1.4884	242	66
-1.4919	273	65
-1.5012	363	85
-1.5418	291	71
-1.5607	295	77
-1.5066	245	69
-1.5006	251	67
-1.5257	287	72
-1.4983	254	72
-1.5052	208	56
-1.5	235	64
-1.5003	312	76
-1.4907	196	61
-1.494	255	73
-1.5531	257	69
-1.4994	250	70
-1.4962	279	80
-1.5046	247	67
-1.4997	219	59
-1.5079	281	71
-1.5029	225	56
-1.4993	209	63
-1.4812	260	69
-1.5624	268	77
-1.4941	338	82
-1.5168	313	72
-1.4964	194	57
-1.5047	275	71
-1.4965	264	73
-1.4948	309	70
-1.4907	291	73
-1.5493	329	83
-1.5058	279	73
-1.5622	236	67
-1.5498	264	70
-1.5062	290	70
-1.5421	224	59
-1.5549	286	76
-1.5044	359	86
-1.503	252	68
-1.4998	195	53
-1.5047	268	75
-1.5	283	75
-1.4961	293	80
-1.4915	226	60
-1.4935	268	63
-1.5005	300	74
-1.4987	234	66
-1.502	210	59
-1.4989	337	82
-1.5024	261	77
-1.499	232	64
-1.5519	272	76
-1.4973	256	67
-1.5377	299	79
-1.5033	253	72
-1.5533	191	58
-1.4986	239	60
-1.5	317	75
-1.4995	332	86
-1.5045	228	67
-1.5025	329	84
-1.5417	269	81
-1.5587	216	66
-1.5291	326	86
-1.4937	258	72
-1.5014	252	75
-1.4961	305	80
-1.4923	233	66
-1.4993	261	63
-1.5016	247	72
-1.5401	247	68
-1.5701	220	68
-1.4934	265	73
-1.5113	192	52
-1.4998	221	63
-1.497	233	60
-1.5016	187	48
-1.5634	279	80
-1.5005	213	59
-1.4949	233	65
-1.5006	352	91
-1.5489	345	80
-1.5383	305	82
-1.4959	217	59
-1.5096	209	60
-1.5193	259	71
-1.4964	284	75
-1.5516	245	68
-1.5213	274	80
-1.4974	256	69
-1.5057	240	69
-1.555	359	86
-1.4991	211	63
-1.5356	244	75
-1.5019	244	68
-1.5595	311	85
-1.5103	388	94
-1.5082	288	82
-1.4935	226	61
-1.5635	301	81
-1.5516	317	86
-1.5021	320	82
-1.5425	232	62
-1.5521	232	62
-1.5	253	75
-1.5043	291	78
-1.5007	242	65
-1.4988	259	65
-1.5523	282	71
-1.5605	333	88
-1.499	198	54
-1.4965	207	58
-1.4924	253	67
-1.4945	275	79
-1.5341	247	71
-1.5076	313	83
-1.5082	189	60
-1.4975	226	59
-1.4934	223	65
-1.496	278	68
-1.5671	208	61
-1.5055	244	63
-1.5267	269	76
-1.5211	331	83
-1.5344	304	75
-1.5621	211	60
-1.4953	298	74
-1.5051	222	61
-1.4872	228	67
-1.5046	207	53
-1.5007	246	69
-1.5432	329	89
-1.4992	212	58
-1.5056	261	56
-1.5007	223	63
-1.5012	210	60
-1.5045	224	58
-1.4991	277	69
-1.5043	206	63
-1.5059	279	72
-1.4998	265	69
-1.5047	239	61
-1.504	271	75
-1.5028	276	71
-1.493	194	54
-1.4992	267	78
-1.5531	319	86
-1.4931	275	73
-1.4992	168	46
-1.5488	220	60
-1.4801	313	77
-1.4916	225	59
-1.4962	272	71
-1.501	298	83
-1.5226	366	82
-1.501	198	56
-1.5008	197	63
-1.4949	206	59
-1.5052	219	70
-1.5634	273	78
-1.4987	283	79
-1.5047	219	57
-1.563	218	62
-1.5259	333	90
-1.4949	229	65
-1.5206	338	88
-1.5034	240	63
-1.5012	209	68
-1.5008	265	71
-1.5514	411	100
-1.5006	222	66
-1.4905	265	76
-1.5002	195	62
-1.5498	264	69
-1.5025	216	63
-1.5326	262	76
-1.5532	399	93
-1.4997	262	66
-1.5641	400	90
-1.5311	417	99
-1.4871	289	77
-1.5013	332	91
-1.4914	309	79
-1.5039	199	61
-1.4927	239	68
-1.5071	257	65
-1.5657	282	81
-1.554	282	81
-1.4997	296	81
-1.5023	281	71
-1.5389	190	54
-1.5003	366	81
-1.5278	200	63
-1.5128	290	80
-1.5055	268	68
-1.5583	216	61
-1.4971	223	55
-1.5041	216	62
-1.4906	231	57
-1.5263	242	68
-1.5469	250	64
-1.5007	180	56
-1.5485	305	86
-1.4964	203	59
-1.4961	350	83
-1.5321	245	66
-1.5466	225	68
-1.5582	256	76
-1.5082	201	58
-1.5383	290	76
-1.5723	332	88
-1.5514	211	60
-1.5028	228	65
-1.5084	272	71
-1.5528	294	73
-1.4982	354	75
-1.4962	185	51
-1.5478	208	62
-1.4971	287	72
-1.5074	221	67
-1.5006	236	63
-1.4974	194	52
-1.4986	221	60
-1.5542	312	85
-1.5059	275	74
-1.5042	238	63
-1.5044	278	77
-1.5187	322	92
-1.4955	370	90
-1.5352	261	72
-1.496	307	75
-1.4996	198	61
-1.5007	258	71
-1.5509	270	65
-1.522	263	67
-1.4921	231	73
-1.5676	218	66
-1.4976	232	68
-1.5005	253	57
-1.5	259	74
-1.5224	296	86
-1.5002	233	73
-1.5106	256	64
-1.5008	308	75
-1.4992	286	71
-1.5132	264	73
-1.5127	211	63
-1.5554	248	65
-1.4977	226	62
-1.5334	331	78
-1.5006	197	53
-1.4996	204	63
-1.5426	357	96
-1.5531	321	79
-1.4993	222	64
-1.4952	304	78
-1.5027	282	75
-1.5478	262	70
-1.4919	274	73
-1.5427	331	83
-1.5072	212	59
-1.4974	249	74
-1.5077	265	66
-1.4955	232	67
-1.4959	289	81
-1.5555	266	65
-1.4914	230	68
-1.5016	214	68
-1.5006	196	56
-1.4927	207	54
-1.503	269	67
-1.4951	265	71
-1.4986	260	71
-1.513	307	84
-1.4962	223	60
-1.5204	372	92
-1.5569	297	84
-1.5601	258	73
-1.5108	209	64
-1.5402	308	80
-1.4999	179	50
-1.5121	320	81
-1.5551	230	67
-1.5042	286	79
-1.5006	198	56
-1.4946	277	72
-1.4975	249	75
-1.5056	377	96
-1.4967	240	73
-1.4959	257	74
-1.4987	265	73
-1.4954	253	73
-1.5128	239	72
-1.504	259	66
-1.4985	268	68
-1.4942	254	66
-1.5026	240	63
-1.533	342	83
-1.5552	318	84
-1.5021	238	65
-1.4948	345	83
-1.5112	260	75
-1.4919	309	78
-1.549	288	81
-1.4944	206	59
-1.5498	249	66
-1.5234	276	79
-1.4976	268	74
-1.4993	252	64
-1.5358	346	83
-1.5027	221	62
-1.5424	308	84
-1.5395	301	81
-1.5417	247	63
-1.5511	277	74
-1.5019	278	75
-1.5384	331	84
-1.51	195	58
-1.5047	198	55
-1.5114	409	99
-1.5646	230	66
-1.4918	288	74
-1.5016	205	63
-1.4883	271	71
-1.4999	307	81
-1.5608	199	59
-1.4995	218	68
-1.5049	241	66
-1.4915	230	69
-1.5701	349	98
-1.5017	299	76
-1.5038	228	58
-1.4884	282	76
-1.5035	242	67
-1.5573	235	68
-1.5021	250	68
-1.4949	193	57
-1.5519	265	75
-1.4927	234	68
-1.5083	274	70
-1.5402	239	65
-1.5329	322	84
-1.5073	274	77
-1.4985	197	58
-1.5246	273	72
-1.556	264	80
-1.4967	219	64
-1.496	217	56
-1.4917	356	89
-1.5445	256	76
-1.499	186	54
-1.4999	211	61
-1.4937	261	67
-1.5176	365	85
-1.5467	257	75
-1.5444	304	77
-1.5029	216	63
-1.5482	294	82
-1.4994	249	67
-1.5153	308	77
-1.5483	269	77
-1.562	276	79
-1.496	200	59
-1.5601	252	68
-1.4977	254	70
-1.5039	264	70
-1.4936	255	75
-1.493	232	63
-1.5674	299	86
-1.5029	234	68
-1.5112	310	84
-1.4968	193	49
-1.5338	262	75
-1.4895	331	88
-1.5012	284	78
-1.5373	279	76
-1.5525	199	58
-1.4985	313	80
-1.4985	278	72
-1.5553	262	67
-1.4948	216	57
-1.4952	223	62
-1.4925	212	56
-1.4962	232	55
-1.503	234	61
-1.4972	200	58
-1.5053	222	64
-1.4995	212	63
-1.5017	313	81
-1.4996	313	78
-1.5054	262	69
-1.5357	305	79
-1.4988	208	63
-1.502	324	80
-1.5021	288	77
-1.4937	202	62
-1.5016	284	79
-1.5001	192	53
-1.5004	191	54
-1.5009	250	78
-1.4951	238	64
-1.4969	273	73
-1.5554	267	71
-1.504	270	73
-1.4974	337	93
-1.5566	205	55
-1.5668	302	80
-1.5566	233	70
-1.5446	263	72
-1.5076	312	80
-1.5054	200	63
-1.4981	259	68
-1.505	215	64
-1.5304	289	78
-1.4985	263	68
-1.5055	241	71
-1.5616	337	84
-1.561	239	61
-1.4956	288	73
-1.4907	283	78
-1.5014	237	69
-1.5422	359	92
-1.4907	224	66
-1.4957	338	87
-1.4991	198	61
-1.5182	268	68
-1.5028	253	70
-1.4963	190	51
-1.5022	262	74
-1.5533	300	71
-1.4872	276	76
-1.4909	281	71
-1.5003	322	85
-1.4944	209	60
-1.5005	243	63
-1.5015	297	72
-1.5023	193	60
-1.4985	246	65
-1.5048	241	60
-1.5266	389	94
-1.5007	257	70
-1.5604	258	70
-1.5322	331	76
-1.4978	200	57
-1.496	220	57
-1.4992	372	87
-1.561	253	75
-1.498	340	94
-1.4973	211	53
-1.504	216	60
-1.4951	268	70
-1.4989	260	64
-1.4961	263	71
-1.5129	227	71
-1.5583	303	73
-1.5114	261	77
-1.5534	253	61
-1.4964	219	55
-1.5004	242	65
-1.494	225	68
-1.4997	247	72
-1.4975	230	65
-1.5064	283	77
-1.4936	267	71
-1.4918	372	89
-1.5613	285	82
-1.5405	309	85
-1.5177	240	64
-1.4975	270	71
-1.4927	204	60
-1.4863	224	64
-1.4963	215	62
-1.4964	268	68
-1.4989	293	82
-1.5033	238	66
-1.4997	198	58
-1.5585	318	79
-1.4949	263	70
-1.4979	401	97
-1.5537	259	70
-1.5074	261	77
-1.5352	257	67
-1.5034	269	71
-1.4867	281	71
-1.4914	292	74
-1.5039	291	80
-1.5588	300	75
-1.5266	266	76
-1.5038	257	69
-1.5015	226	68
-1.4988	268	76
-1.5626	221	60
-1.4983	278	69
-1.5019	262	67
-1.5063	180	53
-1.4946	273	82
-1.5417	235	60
-1.4949	271	70
-1.5492	249	70
-1.5039	221	66
-1.5355	332	84
-1.4989	215	63
-1.5062	231	59
-1.4975	280	75
-1.4999	262	67
-1.5533	223	62
-1.5012	258	69
-1.5005	198	59
-1.4895	193	49
-1.4985	297	72
-1.5266	334	84
-1.4966	205	60
-1.5257	204	64
-1.4949	210	59
-1.5641	230	66
-1.5192	373	94
-1.5463	294	76
-1.4961	229	63
-1.5415	252	65
-1.4918	224	64
-1.4936	326	75
-1.4949	194	59
-1.5133	259	69
-1.5081	273	68
-1.5017	312	82
-1.4954	249	72
-1.5026	373	94
-1.4976	229	60
-1.5022	221	67
-1.5109	308	81
-1.4994	226	63
-1.4992	270	68
-1.5058	211	64
-1.5013	280	74
-1.543	276	69
-1.5677	228	77
-1.5005	270	71
-1.5069	250	67
-1.5052	299	78
-1.4991	246	71
-1.5003	235	60
-1.4994	238	66
-1.4965	233	67
-1.4968	204	63
-1.5224	274	78
-1.524	218	63
-1.4966	258	73
-1.5308	416	98
-1.4912	242	72
-1.5028	227	64
-1.4918	269	74
-1.4984	210	61
-1.4963	215	62
-1.5643	242	71
-1.5054	277	80
-1.5041	190	59
-1.5314	285	75
-1.4954	283	74
-1.5042	211	56
-1.5588	298	71
-1.5523	226	60
-1.5054	244	67
-1.507	280	68
0.1512	302	82
-1.5581	282	71
-1.5013	247	72
-1.5631	253	77
-1.4893	294	83
-1.5381	336	91
-1.5017	264	76
-1.4954	225	62
-1.4966	233	69
-1.4977	263	68
-1.4955	291	73
-1.5035	325	75
-1.5514	375	98
-1.5169	260	70
-1.4992	260	70
-1.567	230	62
-1.5077	228	66
-1.5023	235	76
-1.5169	280	75
-1.5123	232	71
-1.5023	232	66
-1.5469	321	82
-1.4979	212	62
-1.5035	180	54
-1.5396	273	71
-1.4996	307	75
-1.5048	247	70
-1.5499	356	88
-1.4931	194	55
-1.4998	212	55
-1.4954	239	65
-1.4961	276	74
-1.5037	165	51
-1.5496	222	64
-1.4951	298	77
-1.5535	305	86
-1.4972	196	56
-1.4966	210	62
-1.5562	221	67
-1.5048	229	55
-1.4969	199	59
-1.502	253	79
-1.4907	297	74
-1.5007	213	63
-1.5084	219	66
-1.5526	227	72
-1.5041	222	73
-1.5061	248	69
-1.5047	290	74
-1.5427	300	82
-1.5051	251	65
-1.4985	258	72
-1.4843	254	74
-1.5001	299	82
-1.5024	204	63
-1.5036	232	59
-1.5451	226	67
-1.5306	212	60
-1.495	241	72
-1.5685	276	75
-1.4912	224	59
-1.5355	268	68
-1.5119	330	85
-1.5307	267	76
-1.5281	272	71
-1.5034	248	71
-1.5315	299	75
-1.4938	295	76
-1.4983	225	67
-1.5072	245	64
-1.5049	302	78
-1.5351	277	77
-1.4898	288	70
-1.4973	420	100
-1.5056	218	67
-1.4989	215	57
-1.5605	231	71
-1.496	184	53
-1.4963	234	61
-1.5001	235	70
-1.5025	233	57
-1.4904	233	61
-1.5068	243	61
-1.4875	211	64
-1.4932	287	73
-1.4908	280	77
-1.55	322	84
-1.5023	214	61
-1.503	204	59
-1.5072	257	77
-1.5	203	59
-1.542	200	64
-1.4938	232	63
-1.5583	221	65
-1.4908	300	79
-1.4968	336	88
-1.5051	213	56
-1.5101	232	65
-1.5006	306	83
-1.5019	274	77
-1.5496	220	62
-1.4987	259	66
-1.5017	189	55
-1.4903	247	70
-1.5038	250	67
-1.5004	230	66
-1.5624	342	84
-1.5575	266	75
-1.5071	242	70
-1.4909	319	86
-1.5608	266	76
-1.548	285	78
-1.5006	202	63
-1.4995	240	62
-1.4986	302	77
-1.5029	246	67
-1.4991	191	50
-1.5267	320	91
-1.5027	257	74
-1.5551	209	62
-1.4941	215	63
-1.498	213	66
-1.5591	334	89
-1.4957	225	65
-1.5035	253	65
-1.505	232	67
-1.4956	272	72
-1.5111	264	62
-1.5012	271	73
-1.4904	246	71
-1.5031	303	83
-1.5461	379	94
-1.4964	254	69
-1.5003	223	59
-1.4894	265	77
-1.5135	283	67
-1.5004	291	81
-1.5196	286	68
-1.5017	253	65
-1.5561	212	60
-1.5002	307	82
-1.5017	208	63
-1.4963	235	70
-1.534	193	53
-1.5621	230	63
-1.4903	284	76
-1.4937	244	66
-1.5195	294	79
-1.4966	314	75
-1.496	339	85
-1.4981	261	69
-1.4948	221	59
-1.4886	203	60
-1.5008	213	55
-1.5231	280	79
-1.4928	239	66
-1.5008	319	85
-1.5008	261	65
-1.5707	302	82
-1.4939	272	73
-1.4959	335	81
-1.5047	207	60
-1.5004	297	76
-1.5582	232	64
-1.5055	338	89
-1.4974	248	68
-1.493	180	56
-1.4881	291	77
-1.5228	421	97
-1.5022	211	62
-1.4911	294	81
-1.5299	251	67
-1.5007	261	75
-1.489	204	58
-1.5033	268	69
-1.5608	306	78
-1.5009	186	56
-1.505	299	84
-1.501	309	76
-1.5004	197	60
-1.5041	236	69
-1.5059	186	50
-1.4999	249	64
-1.5446	231	65
-1.4971	248	68
-1.4997	353	92
-1.5044	276	71
-1.5238	266	73
-1.5519	212	61
-1.4983	238	61
-1.4925	267	69
-1.4943	290	71
-1.4961	225	73
-1.1293	249	75
-1.49	279	64
-1.4936	232	64
-1.486	189	58
-1.5104	231	61
-1.5495	237	65
-1.5061	235	66
-1.5677	226	66
-1.4938	240	57
-1.5034	288	73
-1.4992	219	65
-1.4979	268	74
-1.4955	262	71
-1.5499	337	78
-1.5563	273	70
-1.4976	312	89
-1.5027	293	76
-1.5459	275	70
-1.505	252	67
-1.5498	326	85
-1.499	245	73
-1.498	245	59
-1.5034	296	77
-1.4931	239	60
-1.5053	235	69
-1.5012	273	76
-1.4995	222	64
-1.5024	355	79
-1.556	259	71
-1.5013	202	56
-1.5381	314	79
-1.5569	319	81
-1.4966	224	67
-1.5059	203	58
-1.506	218	62
-1.499	232	70
-1.5585	352	89
-1.49	331	81
-1.5307	228	66
-1.5232	329	92
-1.493	297	78
-1.4991	274	78
-1.4995	222	65
-1.5011	215	66
-1.513	271	71
-1.4959	241	59
-1.5012	209	62
-1.5676	331	78
-1.5136	227	68
-1.5475	251	67
-1.4951	250	71
-1.5584	286	76
-1.4993	197	51
-1.499	231	61
-1.5072	246	61
-1.5255	281	79
-1.5001	339	79
-1.5021	360	85
-1.5079	266	77
-1.5619	330	80
-1.502	364	87
-1.4945	224	61
-1.4984	168	53
-1.5065	267	68
-1.4954	277	78
-1.4942	277	83
-1.502	210	62
-1.5004	282	76
-1.4963	288	81
-1.5198	261	65
-1.5496	234	68
-1.5445	271	76
-1.55	298	84
-1.4979	231	68
-1.4985	271	78
-1.4975	270	74
-1.4864	260	69
-1.5358	251	74
-1.5006	208	56
-1.5022	232	71
-1.5242	259	70
-1.5062	224	61
-1.4952	242	65
-1.4983	227	66
-1.5307	347	97
-1.4946	187	58
-1.4911	293	84
-1.5226	290	77
-1.5232	253	72
-1.5398	200	59
-1.497	228	64
-1.5049	221	61
-1.5072	271	73
-1.5367	236	68
-1.4958	351	85
-1.5702	255	66
-1.4997	232	66
-1.4995	207	60
-1.5398	277	73
-1.5596	236	65
-1.5085	317	80
-1.5259	347	91
-1.5565	275	78
-1.5163	280	74
-1.5233	337	90
-1.5114	299	76
-1.5214	323	81
-1.5588	270	72
-1.5007	240	74
-1.5625	203	64
-1.5324	275	76
-1.5043	216	64
-1.5032	272	72
-1.499	243	75
-1.4961	208	59
-1.5622	291	77
-1.4906	349	86
-1.5016	286	85
-1.5023	272	74
-1.528	294	77
-1.5613	238	74
-1.5028	193	53
-1.5013	269	81
-1.5123	251	68
-1.4989	223	63
-1.5269	329	80
-1.495	311	83
-1.5607	326	88
-1.5582	227	66
-1.5073	183	55
-1.4968	349	88
-1.5477	312	81
-1.5583	233	64
-1.5228	286	70
-1.5582	286	79
-1.4896	281	76
-1.5516	259	62
-1.5485	262	71
-1.5601	294	85
-1.5501	261	79
-1.5096	283	81
-1.492	368	84
-1.5064	233	58
-1.4991	236	63
-1.51	234	72
-1.5532	257	70
-1.5544	292	79
-1.4912	225	67
-1.5116	249	61
-1.5076	321	79
-1.5035	249	67
-1.5001	273	75
-1.493	261	74
-1.5031	248	64
-1.4969	281	69
-1.4951	281	83
-1.547	274	71
-1.5036	254	69
-1.5058	187	49
-1.4943	369	85
-1.499	231	59
-1.4993	282	74
-1.5526	272	68
-1.4985	271	74
-1.4956	293	71
-1.4986	206	63
-1.5573	300	78
-1.505	264	75
-1.558	265	68
-1.5726	249	76
-1.5062	265	74
-1.5561	206	60
-1.5634	280	75
-1.5279	267	82
-1.5019	227	75
-1.5019	339	86
-1.5297	263	67
-1.5492	314	84
-1.5261	319	84
-1.5069	264	72
-1.4969	286	77
-1.4975	276	81
-1.4918	245	68
-1.4999	251	68
-1.494	218	65
-1.493	313	85
-1.4951	238	58
-1.4992	258	69
-1.4958	205	51
-1.5039	285	72
-1.5336	225	67
-1.4988	251	70
-1.496	310	82
-1.5023	231	75
-1.4959	229	68
-1.5114	259	73
-1.53	312	85
-1.5043	286	79
-1.5021	214	64
-1.5076	258	74
-1.5012	278	68
-1.5049	243	71
-1.5634	197	56
-1.5405	370	92
-1.501	253	68
-1.5227	286	85
-1.5377	340	89
-1.4963	202	54
-1.5518	217	64
-1.4903	210	62
-1.5046	267	77
-1.5631	307	82
-1.5019	212	68
-1.4965	212	59
-1.5158	339	85
-1.5576	232	71
-1.5033	223	66
-1.5007	305	78
-1.4979	334	89
-1.5056	198	55
-1.5048	323	84
-1.4972	193	61
-1.5542	275	74
-1.4951	194	59
-1.5275	274	76
-1.4936	224	63
-1.5033	295	73
-1.4971	257	76
-1.5578	262	65
-1.4948	319	76
-1.5013	232	61
-1.4986	202	55
-1.5009	223	70
-1.5031	238	71
-1.5164	266	74
-1.4962	331	82
-1.5293	276	72
-1.5032	255	68
-1.5049	245	64
-1.5457	286	74
-1.5435	371	93
-1.5508	295	78
-1.5004	278	72
-1.5045	257	76
-1.501	255	67
-1.5315	326	93
-1.5608	251	73
-1.5506	241	65
-1.5056	188	57
-1.5015	199	55
-1.505	331	90
-1.5294	326	80
-1.5015	216	60
-1.4957	219	64
-1.4952	278	74
-1.5054	216	61
-1.5314	327	85
-1.4974	212	58
-1.5249	386	94
-1.5148	306	87
-1.499	317	81
-1.5091	236	69
-1.4949	275	69
-1.502	199	61
-1.5029	289	75
-1.5625	296	84
-1.5006	222	59
-1.5	331	85
-1.5536	234	72
-1.5512	281	76
-1.4941	249	60
-1.505	251	77
-1.5027	293	74
-1.4982	214	57
-1.5262	311	81
-1.4983	208	56
-1.4951	257	77
-1.5	220	67
-1.5001	251	72
-1.4907	298	75
-1.493	258	76
-1.5203	214	56
-1.4996	238	61
-1.506	178	56
-1.5033	337	94
-1.5075	244	69
-1.5484	358	96
-1.565	252	76
-1.5001	288	77
-1.5402	227	61
-1.5009	207	55
-1.5319	216	59
-1.489	202	58
-1.5095	282	73
-1.4897	280	75
-1.5087	198	63
-1.5634	266	69
-1.5545	214	67
-1.4984	257	67
-1.5064	231	65
-1.556	257	66
-1.4996	225	70
-1.4977	306	85
-1.4981	275	71
-1.561	309	79
-1.5024	299	86
-1.501	268	74
-1.4966	230	67
-1.4941	230	67
-1.5034	232	61
-1.5012	229	63
-1.4914	249	72
-1.5007	258	76
-1.5669	303	87
-1.4966	302	75
-1.5062	199	58
-1.4937	198	61
-1.4889	261	69
-1.5001	385	89
-1.4998	294	76
-1.5465	408	97
-1.5096	269	68
-1.5022	285	77
-1.5401	220	56
-1.4949	283	70
-1.4951	198	51
-1.4996	202	59
-1.563	260	76
-1.5508	257	63
-1.5641	260	69
-1.5004	225	59
-1.495	274	78
-1.4985	273	72
-1.4951	228	67
-1.5602	305	79
-1.5001	238	69
-1.4934	259	69
-1.5634	258	71
-1.5003	252	66
-1.5292	262	84
-1.4962	282	85
-1.5441	315	80
-1.5048	276	78
-1.5358	297	76
-1.4986	213	63
-1.5632	236	64
-1.5111	285	78
-1.501	308	79
-1.5023	205	56
-1.5455	291	71
-1.4998	261	65
-1.5201	401	90
-1.5012	224	56
-1.4924	245	64
-1.503	249	69
-1.5259	280	65
-1.4967	237	65
-1.4971	243	70
-1.5174	337	86
-1.5001	221	60
-1.508	250	72
-1.4969	226	59
-1.5452	276	76
-1.5141	297	80
-1.4955	318	83
-1.5065	240	63
-1.5066	354	91
-1.4999	177	50
-1.5147	244	73
-1.5551	387	96
-1.5569	348	91
-1.4859	244	74
-1.4942	266	72
-1.56	283	73
-1.5615	242	67
-1.4898	262	68
-1.5571	377	93
-1.5063	245	57
-1.502	273	81
-1.5584	236	62
-1.4995	225	63
-1.5032	378	99
-1.5	199	53
-1.5392	261	72
-1.5559	235	68
-1.4973	246	69
-1.5111	271	78
-1.508	224	61
-1.5148	279	71
-1.4958	278	76
-1.4848	307	79
-1.5544	285	70
-1.4939	220	62
-1.5454	270	76
-1.5005	285	83
-1.4961	286	79
-1.5495	199	56
-1.5137	340	89
-1.5407	247	68
-1.4877	313	70
-1.4972	243	67
-1.4972	217	59
-1.5647	305	93
-1.5429	259	76
-1.571	227	62
-1.5035	209	63
-1.5049	321	80
-1.4985	239	63
-1.5006	244	68
-1.4983	207	58
-1.5032	220	66
-1.4936	203	63
-1.5666	254	78
-1.5012	257	77
-1.5454	265	64
-1.4992	256	72
-1.5034	206	62
-1.5011	216	58
-1.55	250	64
-1.5458	396	100
-1.4961	320	76
-1.5058	244	63
-1.5289	293	80
-1.5044	220	65
-1.5027	252	68
-1.4884	275	69
-1.4968	302	70
-1.5568	408	90
-1.4967	214	67
-1.5649	261	74
-1.5484	277	81
-1.4991	215	58
-1.4964	243	61
-1.556	267	75
-1.5175	241	70
-1.5375	232	59
-1.4966	275	73
-1.5555	268	70
-1.553	256	69
-1.5394	263	70
-1.4909	256	69
-1.4983	356	89
-1.5039	295	77
-1.5522	247	65
-1.4961	317	81
-1.4929	333	91
-1.4999	328	78
-1.4972	246	64
-1.4999	254	73
-1.5649	210	64
-1.5538	345	96
-1.494	353	86
-1.4999	282	73
-1.5549	266	79
-1.4993	337	89
-1.5006	267	74
-1.4953	203	53
-1.5348	362	96
-1.5362	222	52
-1.4964	318	73
-1.4963	270	69
-1.5075	231	70
-1.5025	220	65
-1.5009	171	52
-1.4964	256	66
-1.4988	205	56
-1.5023	307	88
-1.4967	219	54
-1.5026	258	76
-1.5056	292	81
-1.5313	361	90
-1.516	262	69
-1.5455	313	78
-1.497	289	78
-1.4979	269	80
-1.488	276	85
-1.5344	388	99
-1.5015	288	79
-1.5006	266	74
-1.5476	318	73
-1.5018	248	66
-1.5406	223	60
-1.5032	233	60
-1.519	316	77
-1.4989	177	54
-1.531	325	89
-1.5429	340	92
-1.4974	206	58
-1.549	226	65
-1.503	248	66
-1.5431	237	61
-1.494	222	53
-1.5214	321	79
-1.4915	277	72
-1.4936	268	72
-1.4967	195	55
-1.5002	313	75
-1.5023	211	60
-1.4992	292	81
-1.4964	286	67
-1.4958	220	59
-1.5448	193	57
-1.5636	211	60
-1.5309	250	73
-1.5012	233	69
-1.5638	282	79
-1.4987	252	68
-1.5002	309	80
-1.493	225	63
-1.5334	296	81
-1.4975	204	62
-1.5017	261	70
-1.4968	214	64
-1.4943	305	74
-1.4954	247	68
-1.4975	255	65
-1.4963	242	64
-1.5595	391	95
-1.5108	280	73
-1.4976	298	78
-1.5005	249	74
-1.5025	266	69
-1.4922	195	54
-1.4951	208	55
-1.5075	321	75
-1.489	200	56
-1.5007	233	65
-1.4962	304	75
-1.5054	275	81
-1.5379	335	82
-1.4975	325	84
-1.4952	226	66
-1.513	312	89
-1.498	261	79
-1.5017	221	59
-1.5317	380	100
-1.4936	248	65
-1.5464	334	87
-1.4983	222	58
-1.5651	197	57
-1.4994	283	78
-1.4954	219	56
-1.4978	212	62
-1.5454	255	69
-1.4953	304	79
-1.5041	403	95
-1.4083	394	96
-1.5485	293	77
-1.4948	259	64
-1.4925	352	88
-1.5455	200	60
-1.5045	276	73
-1.5435	305	77
-1.5017	263	74
-1.4982	225	64
-1.5035	307	81
-1.487	255	73
-1.4876	185	54
-1.5024	272	77
-1.5005	242	60
-1.5011	293	77
-1.5582	306	72
-1.506	242	64
-1.4972	293	80
-1.5506	324	88
-1.5097	287	78
-1.5501	233	61
-1.4981	221	62
-1.496	299	75
-1.5083	326	81
-1.4926	364	81
-1.5591	251	68
-1.498	224	56
-1.5022	314	86
-1.4956	228	56
-1.5511	249	68
-1.5002	228	66
-1.5552	331	76
-1.4977	252	69
-1.4937	302	81
-1.4961	237	69
-1.534	347	84
-1.5502	261	67
-1.5577	258	70
-1.5009	310	82
-1.4981	279	75
-1.5001	241	67
-1.5521	314	83
-1.4936	239	71
-1.5424	218	61
-1.5011	244	66
-1.5039	206	61
-1.4914	246	72
-1.5309	275	70
-1.4924	267	71
-1.5012	308	76
-1.4896	287	74
-1.5317	315	75
-1.558	276	77
-1.5034	242	64
-1.4977	227	66
-1.5006	240	76
-1.5566	339	81
-1.4977	302	91
-1.5012	280	81
-1.5015	245	65
-1.5485	271	75
-1.5537	236	70
-1.5119	217	63
-1.5054	300	79
-1.5027	308	86
-1.5046	207	59
-1.4982	205	54
-1.5294	444	98
-1.4993	270	77
-1.495	270	73
-1.5013	320	77
-1.5368	386	92
-1.4956	198	61
-1.5714	210	60
-1.4959	253	73
-1.5043	240	70
-1.4984	265	74
-1.5258	245	64
-1.5042	301	79
-1.5007	289	70
-1.5097	244	69
-1.5	244	66
-1.5514	357	86
-1.5511	265	75
-1.4957	249	71
-1.4884	325	70
-1.5017	229	60
-1.4957	208	51
-1.5505	297	70
-1.5464	249	69
-1.506	389	95
-1.4993	284	65
-1.4999	238	70
-1.5014	198	56
-1.506	291	68
-1.5478	225	66
-1.5648	297	77
-1.4956	231	64
-1.5035	245	67
-1.5642	247	66
-1.4952	330	77
-1.5042	219	63
-1.5011	276	73
-1.497	182	58
-1.5544	304	85
-1.4957	214	58
-1.4935	239	63
-1.4986	216	56
-1.5046	230	64
-1.5623	232	74
-1.4943	222	61
-1.4969	261	67
-1.3412	386	93
-1.4947	205	63
-1.4942	257	74
-1.5038	228	62
-1.4992	274	75
-1.5441	296	85
-1.4974	229	68
-1.5484	273	76
-1.4949	220	65
-1.5582	237	59
-1.5	325	77
-1.5462	311	83
-1.5536	214	55
-1.4961	283	74
-1.5499	260	71
-1.4999	191	59
-1.549	256	72
-1.5033	253	72
-1.5419	294	71
-1.5011	229	61
-1.4963	232	63
-1.5022	222	62
-1.5018	209	63
-1.4985	285	74
-1.4981	331	86
-1.5081	244	72
-1.4913	187	52
-1.5492	305	83
-1.4946	255	66
-1.5009	226	64
-1.5568	271	79
-1.503	215	64
-1.5026	310	80
-1.5513	248	70
-1.5633	324	83
-1.563	305	73
-1.5515	312	86
-1.4992	246	80
-1.4917	192	57
-1.5508	230	62
-1.5541	239	59
-1.4917	239	66
-1.5061	304	85
-1.5717	297	78
-1.5507	237	69
-1.4956	182	55
-1.5474	266	74
-1.5512	372	95
-1.4949	263	64
-1.5273	217	60
-1.4922	208	55
-1.4972	251	62
-1.5407	254	70
-1.5387	362	89
-1.5004	192	55
-1.5479	314	81
-1.4961	273	66
-1.4954	203	54
-1.5024	224	68
-1.4981	221	68
-1.5091	283	73
-1.5483	236	65
-1.5548	252	68
-1.5137	253	75
-1.4991	219	62
-1.5061	214	56
-1.4874	370	94
-1.507	196	60
-1.5062	240	65
-1.5014	216	55
-1.503	203	63
-1.55	249	76
-1.5545	409	99
-1.5029	196	54
-1.5423	243	63
-1.4978	244	69
-1.5491	292	83
-1.496	271	78
-1.5516	270	73
-1.5008	316	86
-1.507	290	77
-1.5049	264	70
-1.5442	348	94
-1.5452	387	96
-1.5046	226	62
-1.518	283	81
-1.4981	210	62
-1.5551	248	67
-1.4944	233	69
-1.4974	229	65
-1.4984	248	63
-1.5093	275	79
-1.4898	291	69
-1.5024	353	98
-1.5461	252	77
-1.4945	310	73
-1.5552	293	76
-1.5005	222	62
-1.5088	325	88
-1.4952	211	63
-1.5053	258	71
-1.5235	255	71
-1.5517	230	68
-1.4934	228	55
-1.4968	316	86
-1.4976	271	76
-1.5082	354	87
-1.492	182	51
-1.4983	218	66
-1.497	211	64
-1.5544	297	78
-1.5196	245	68
-1.4981	201	59
-1.5101	210	59
-1.5664	281	66
-1.5006	186	51
-1.5043	260	74
-1.497	239	68
-1.496	251	70
-1.5688	273	73
-1.5041	242	62
-1.4963	303	84
-1.4937	258	75
-1.4944	290	76
-1.5406	270	79
-1.501	222	69
-1.4927	251	74
-1.5	226	60
-1.5004	290	73
-1.5415	299	84
-1.4944	361	96
-1.4963	272	75
-1.5107	258	74
-1.5393	288	75
-1.548	317	76
-1.5497	277	77
-1.4955	256	73
-1.4987	272	76
-1.5032	283	78
-1.5084	312	77
-1.4895	255	68
-1.4995	225	62
-1.4989	223	63
-1.5341	378	90
-1.5399	290	77
-1.5421	265	70
-1.5395	241	63
-1.5023	294	86
-1.4958	257	70
-1.53	288	82
-1.5042	227	64
-1.5598	271	84
-1.5544	312	82
-1.4917	198	60
-1.5061	273	71
-1.5081	243	75
-1.5588	223	62
-1.5119	230	67
-1.5076	284	79
-1.5478	242	61
-1.544	238	73
-1.5439	287	78
-1.5563	285	80
-1.5026	203	68
-1.5344	194	59
-1.5256	259	66
-1.5018	245	73
-1.5028	260	62
-1.5499	313	79
-1.4929	337	84
-1.5007	279	73
-1.5042	297	80
-1.4951	212	57
-1.502	225	65
-1.5361	281	75
-1.5437	292	77
-1.5087	261	79
-1.5526	323	85
-1.5004	274	82
-1.5027	224	65
-1.5464	314	82
-1.549	278	74
-1.4988	336	87
-1.4936	249	66
-1.4946	252	73
-1.5128	222	59
-1.5032	175	55
-1.4942	253	69
-1.5071	204	57
-1.5199	280	81
-1.4986	223	63
-1.5062	254	74
-1.4984	269	74
-1.5415	306	77
-1.4982	230	65
-1.4898	338	86
-1.4957	222	63
-1.4968	205	49
-1.4971	236	61
-1.502	297	82
-1.5	186	52
-1.4967	263	81
-1.5004	283	74
-1.5018	231	65
-1.4958	305	77
-1.5665	231	66
-1.4983	199	63
-1.5575	351	82
-1.5438	271	71
-1.5038	336	84
-1.5017	305	80
-1.557	182	50
-1.5028	324	80
-1.4997	279	73
-1.5103	241	58
-1.5587	337	92
-1.5522	270	75
-1.4986	235	58
-1.5064	322	86
-1.5299	242	70
-1.5433	309	83
-1.5033	236	63
-1.543	298	80
-1.5002	253	63
-1.5044	298	83
-1.5262	231	65
-1.5532	239	68
-1.4862	333	80
-1.513	283	75
-1.495	207	56
-1.5071	315	78
-1.4923	200	58
-1.4983	310	72
-1.5047	228	71
-1.513	185	50
-1.5523	370	100
-1.5488	246	62
-1.4959	295	78
-1.5376	329	77
-1.5347	318	80
-1.5098	247	72
-1.4989	259	70
-1.5119	263	72
-1.4913	352	93
-1.5541	253	68
-1.5009	290	84
-1.4969	269	64
-1.5485	260	74
-1.4932	311	85
-1.4997	229	69
-1.5165	280	75
-1.5435	299	84
-1.5047	233	67
-1.492	239	67
-1.5044	212	62
-1.5083	203	60
-1.513	203	58
-1.491	257	74
-1.4955	257	71
-1.5081	228	58
-1.5041	275	71
-1.5097	214	59
-1.513	242	69
-1.5022	327	81
-1.5002	245	59
-1.4933	269	75
-1.494	283	75
-1.5418	327	81
-1.5636	290	75
-1.4946	242	74
-1.5007	320	89
-1.5593	192	52
-1.4971	279	71
-1.5101	234	65
-1.4967	262	69
-1.4952	240	65
-1.4988	273	75
-1.4949	257	75
-1.4985	217	68
-1.5026	407	95
-1.505	270	70
-1.5039	258	73
-1.4944	336	81
-1.5594	234	63
-1.5015	227	69
-1.4992	189	55
-1.5012	304	79
-1.5032	206	59
-1.4927	223	58
-1.4971	208	58
-1.499	296	80
-1.4972	203	63
-1.5333	323	84
-1.502	297	81
-1.5122	266	69
-1.4971	242	68
-1.5563	387	92
-1.5371	303	78
-1.5483	332	88
-1.4877	320	88
-1.4875	276	73
-1.5645	324	91
-1.4922	285	69
-1.5141	325	83
-1.5062	262	69
-1.5495	366	94
-1.501	284	76
-1.499	271	75
-1.4959	233	62
-1.5519	317	90
-1.5624	277	78
-1.4968	251	68
-1.5597	272	66
-1.5401	258	66
-1.5013	243	73
-1.4969	272	74
-1.5018	320	73
-1.5107	277	75
-1.4976	226	62
-1.49	270	69
-1.5223	283	72
-1.4986	253	75
-1.4862	339	89
-1.506	225	65
-1.5029	356	86
-1.5329	286	72
-1.5008	357	83
-1.4926	255	59
-1.5412	320	72
-1.5128	205	59
-1.5469	274	72
-1.5104	314	81
-1.5441	340	89
-1.5554	287	86
-1.4994	200	60
-1.4993	288	87
-1.5618	299	82
-1.4934	310	84
-1.499	285	73
-1.4992	281	68
-1.5029	208	59
-1.5323	313	73
-1.514	254	59
-1.5332	368	91
-1.4914	210	59
-1.5417	296	77
-1.4973	214	61
-1.4862	224	67
-1.507	264	68
-1.4878	192	55
-1.546	303	74
-1.5003	209	62
-1.5579	213	55
-1.491	234	63
-1.4959	236	69
-1.4989	193	58
-1.4969	211	65
-1.551	317	77
-1.5542	246	66
-1.5233	189	54
-1.4871	218	54
-1.5617	219	69
-1.5026	230	63
-1.494	231	69
-1.4973	337	81
-1.491	268	71
-1.5076	229	61
-1.5528	279	71
-1.5127	306	79
-1.5037	204	61
-1.493	196	51
-1.5013	293	82
-1.4979	262	68
-1.4949	273	71
-1.5025	169	51
-1.5367	365	93
-1.5036	276	71
-1.499	223	65
-1.4919	251	65
-1.4937	258	69
-1.5006	212	65
-1.5397	210	60
-1.4979	216	61
-1.5176	333	84
-1.5533	253	67
-1.5287	323	86
-1.4934	296	76
-1.4956	234	65
-1.4929	204	61
-1.5085	195	52
-1.496	209	55
-1.4965	213	60
-1.4984	181	52
-1.5433	275	81
-1.5142	261	76
-1.5515	286	78
-1.4948	201	60
-1.5019	224	64
-1.498	209	61
-1.4961	224	65
-1.554	263	68
-1.4975	440	98
-1.4962	249	69
-1.5068	360	96
-1.4845	272	79
-1.5567	388	93
-1.4994	281	81
-1.4965	306	84
-1.5007	178	50
-1.4938	284	67
-1.5012	186	51
-1.4974	238	59
-1.4993	188	54
-1.523	230	65
-1.4964	360	79
-1.5482	241	70
-1.4948	274	63
-1.5351	300	85
-1.4929	246	67
-1.5383	254	71
-1.4998	228	61
-1.4986	177	58
-1.4912	223	64
-1.5017	308	74
-1.5015	200	55
-1.5015	322	93
-1.5487	265	80
-1.549	252	65
-1.5009	290	81
-1.5263	361	94
-1.5093	255	66
-1.4995	276	78
-1.4945	312	78
-1.4957	210	56
-1.5073	289	83
-1.5016	273	79
-1.5029	190	56
-1.4963	215	53
-1.5444	285	79
-1.494	275	72
-1.5463	276	77
-1.5568	369	100
-1.496	212	59
-1.5005	180	47
-1.4923	310	84
-1.5618	280	76
-1.5031	307	84
-1.5581	243	74
-1.4999	203	58
-1.4963	228	58
-1.5017	209	60
-1.5012	212	58
-1.4873	269	81
-1.5535	222	61
-1.5067	231	74
-1.4933	303	74
-1.5061	329	88
-1.5431	273	74
-1.5028	251	63
-1.563	223	60
-1.4912	262	61
-1.503	221	63
-1.5316	301	80
-1.5551	242	71
-1.4995	260	73
-1.5043	243	64
-1.5023	217	58
-1.5447	259	72
-1.5557	230	61
-1.5382	385	89
-1.5017	440	96
-1.4935	227	64
-1.4971	270	68
-1.5308	252	63
-1.5015	221	61
-1.5521	271	79
-1.4984	247	68
-1.5014	345	86
-1.4993	259	65
-1.5051	211	61
-1.5059	214	58
-1.5433	318	72
-1.5587	241	64
-1.5266	281	71
-1.5537	249	74
-1.5535	346	90
-1.499	211	56
-1.5035	296	77
-1.552	238	71
-1.5003	259	69
-1.4921	274	73
-1.52	216	58
-1.4982	215	62
-1.4925	202	56
-1.4944	209	52
-1.4971	224	64
-1.4962	253	70
-1.4943	220	72
-1.555	270	68
-1.4993	332	75
-1.494	194	53
-1.509	311	88
-1.5466	297	83
-1.4889	315	79
-1.509	337	85
-1.5296	274	75
-1.497	330	90
-1.4991	181	53
-1.4941	176	53
-1.495	221	63
-1.4932	211	63
-1.5085	262	64
-1.5554	363	85
-1.5119	258	68
-1.4978	248	65
-1.5568	320	83
-1.5047	258	79
-1.5038	253	65
-1.5044	344	84
-1.4984	239	62
-1.4956	410	91
-1.5053	334	80
-1.4957	194	58
-1.5211	285	73
-1.5437	282	71
-1.5484	268	64
-1.5527	289	81
-1.4981	228	69
-1.5002	215	62
-1.4998	217	60
-1.5658	308	86
-1.5012	353	85
-1.4973	239	64
-1.5017	221	63
-1.4417	379	97
-1.5444	211	58
-1.4964	303	75
-1.4957	268	73
-1.5488	246	69
-1.5611	196	57
-1.529	367	89
-1.5018	284	67
-1.55	272	71
-1.4936	331	86
-1.5389	313	79
-1.5095	317	89
-1.4993	234	60
-1.4949	242	65
-1.4978	267	65
-1.5324	225	65
-1.5007	229	64
-1.5164	346	84
-1.5321	233	59
-1.4897	244	66
-1.4942	249	61
-1.5413	231	59
-1.4942	228	59
-1.4944	241	67
-1.5539	260	67
-1.4993	289	72
-1.5465	359	91
-1.5567	250	66
-1.4988	221	62
-1.5558	263	76
-1.505	316	84
-1.2061	414	99
-1.5036	251	69
-1.5441	300	77
-1.4914	185	52
-1.5366	282	70
-1.4923	282	80
-1.4991	208	48
-1.5571	247	71
-1.4941	175	44
-1.5473	341	90
-1.4983	178	50
-1.5645	216	69
-1.5037	228	68
-1.4887	237	66
-1.5035	201	58
-1.5058	236	64
-1.4952	287	85
-1.5676	289	77
-1.4997	199	58
-1.5503	238	68
-1.4968	265	74
-1.5443	281	78
-1.5574	303	71
-1.5484	287	79
-1.5091	226	66
-1.5455	484	100
-1.4972	246	63
-1.4836	339	79
-1.4967	213	57
-1.5054	261	69
-1.5654	310	86
-1.5522	229	65
-1.5317	246	75
-1.5335	259	69
-1.4903	203	52
-1.5044	324	80
-1.4982	212	66
-1.5025	254	66
-1.5087	248	69
-1.5539	249	69
-1.4856	291	74
-1.5261	351	88
-1.4967	220	61
-1.5048	320	87
-1.5566	370	82
-1.4985	269	68
-1.4932	237	65
-1.528	280	71
-1.5005	212	60
-1.501	222	77
-1.4957	219	63
-1.5443	244	66
-1.5081	308	82
-1.4981	238	68
-1.5104	193	58
-1.5396	266	68
-1.5106	239	66
-1.491	214	58
-1.5565	334	80
-1.4998	243	70
-1.4982	175	49
-1.5312	386	89
-1.5503	291	78
-1.5049	294	79
-1.5485	372	96
-1.5011	229	66
-1.4978	248	67
-1.5257	291	82
-1.5091	212	59
-1.5042	227	61
-1.4931	247	76
-1.5195	206	55
-1.5541	267	71
-1.5008	248	71
-1.5069	230	55
-1.5437	292	80
-1.5503	226	65
-1.562	270	75
-1.4991	292	81
-1.5006	261	72
-1.5411	227	66
-1.5015	292	77
-1.4976	181	55
-1.4891	259	68
-1.4971	293	75
-1.5558	228	64
-1.5208	327	84
-1.5051	244	73
-1.5131	240	68
-1.5082	279	79
-1.4916	280	76
-1.548	290	80
-1.5507	275	70
-1.4995	224	70
-1.4899	294	77
-1.5443	280	71
-1.5592	289	81
-1.5041	237	65
-1.4983	215	58
-1.5013	256	73
-1.5035	230	62
-1.5045	274	75
-1.5008	262	69
-1.4983	320	88
-1.504	188	55
-1.4971	233	62
-1.5007	250	70
-1.5646	262	69
-0.9795	352	82
-1.5544	218	62
-1.5033	239	64
-1.4995	287	79
-1.5415	293	74
-1.5022	257	62
-1.5154	198	66
-1.4931	208	59
-1.5418	212	58
-1.4989	199	58
-1.4949	269	70
-1.4993	223	64
-1.5614	219	64
-1.4968	228	64
-1.5043	279	82
-1.5034	215	57
-1.4954	223	58
-1.5056	291	76
-1.4928	213	68
-1.5503	267	67
-1.5396	349	89
-1.5547	282	81
-1.5025	283	69
-1.4989	231	65
-1.4946	214	61
-1.5242	385	95
-1.5444	260	69
-1.5692	327	84
-1.5069	284	78
-1.4895	236	63
-1.4934	223	62
-1.4977	250	71
-1.5004	218	61
-1.5018	277	72
-1.5314	229	69
-1.502	195	56
-1.497	331	83
-1.4979	224	64
-1.4891	307	80
-1.5468	269	66
-1.5013	240	61
-1.5032	214	63
-1.5019	240	71
-1.5006	241	70
-1.5597	280	74
-1.4859	304	79
-1.4942	280	70
-1.4963	191	57
-1.5094	262	70
-1.5013	213	56
-1.5479	353	92
-1.4957	281	71
-1.5507	331	80
-1.547	235	69
-1.4995	364	94
-1.5121	276	72
-1.4971	210	58
-1.5071	225	64
-1.5035	279	86
-1.4989	379	94
-1.5642	208	58
-1.5244	306	82
-1.5408	239	65
-1.4907	286	73
-1.5499	212	59
-1.4955	251	69
-1.5105	243	72
-1.5629	343	81
-1.5543	321	85
-1.5552	311	86
-1.4925	346	92
-1.4999	226	68
-1.4972	251	69
-1.5036	218	60
-1.503	225	59
-1.5125	249	65
-1.5527	210	62
-1.5	224	66
-1.4923	213	62
-1.5001	250	67
-1.5029	252	71
-1.5283	329	79
-1.4988	172	48
-1.4969	278	78
-1.4936	220	63
-1.5278	262	70
-1.5521	318	78
-1.5348	317	82
-1.5538	265	67
-1.4957	229	65
-1.5081	284	76
-1.5471	222	66
-1.5259	244	79
-1.4978	320	82
-1.4934	269	72
-1.5448	305	91
-1.4908	279	67
-1.4984	246	70
-1.4967	304	78
-1.5015	257	77
-1.5505	272	70
-1.501	193	57
-1.4972	251	61
-1.5052	260	69
-1.5599	270	73
-1.5496	241	67
-1.5016	243	63
-1.5437	263	76
-1.5023	249	69
-1.4979	328	84
-1.5048	279	69
-1.5032	202	55
-1.502	330	79
-1.5395	241	62
-1.5101	235	62
-1.4946	186	50
-1.4946	229	70
-1.5528	272	83
-1.5473	241	74
-1.5568	441	99
-1.4918	291	72
-1.5118	347	89
-1.4933	252	71
-1.5626	318	85
-1.5079	240	57
-1.4999	240	72
-1.5017	191	53
-1.4977	334	91
-1.5283	317	84
-1.5094	341	86
-1.5024	264	68
-1.554	195	60
-1.5596	253	66
-1.5013	334	84
-1.4954	201	53
-1.501	215	57
-1.5008	239	72
-1.505	239	72
-1.4962	268	74
-1.5446	337	93
-1.5406	319	89
-1.5055	275	68
-1.4939	254	65
-1.5409	288	74
-1.5584	227	65
-1.5608	241	76
-1.5033	236	72
-1.4986	300	80
-1.5594	312	79
-1.5592	298	79
-1.4975	258	56
-1.4985	221	57
-1.4884	260	70
-1.5493	267	75
-1.5061	221	64
-1.4988	195	54
-1.495	254	72
-1.4941	197	52
-1.5574	245	64
-1.5004	246	70
-1.5004	196	60
-1.4958	262	72
-1.4962	210	58
-1.5	298	77
-1.505	239	68
-1.4986	411	97
-1.5538	273	82
-1.4948	239	64
-1.493	258	68
-1.5018	235	70
-1.4999	347	90
-1.5007	245	59
-1.5071	280	81
-1.5404	363	84
-1.5255	230	66
-1.5303	318	82
-1.5207	360	93
-1.497	176	48
-1.5057	211	62
-1.5035	221	67
-1.4917	263	67
-1.4986	300	79
-1.4926	238	78
-1.5192	343	78
-1.4963	277	75
-1.5101	279	79
-1.4983	231	65
-1.5138	294	77
-1.5021	205	58
-1.4928	332	75
-1.5029	198	57
-1.5007	307	79
-1.4968	257	66
-1.5001	231	62
-1.5005	322	84
-1.5567	312	75
-1.5101	228	66
-1.5094	328	80
-1.4977	243	65
-1.5036	263	78
-1.4872	308	77
-1.4968	224	58
-1.4944	201	64
-1.5064	288	76
-1.5007	274	72
-1.5031	224	59
-1.4969	244	62
-1.5052	282	78
-1.5484	272	66
-1.5054	212	61
-1.4974	284	72
-1.5562	252	71
-1.5001	376	95
-1.5162	308	75
-1.5168	345	83
-1.4997	248	71
-1.5146	194	61
-1.5059	221	61
-1.5368	312	76
-1.4926	195	56
-1.5087	364	90
-1.4952	201	57
-1.5007	230	61
-1.5616	245	66
-1.4922	254	67
-1.4879	229	67
-1.5004	279	77
-1.4935	223	59
-1.5032	239	62
-1.5616	273	68
-1.5018	222	69
-1.4933	269	75
-1.5086	266	68
-1.549	354	88
-1.4965	320	82
-1.5103	310	68
-1.4971	267	76
-1.4967	251	69
-1.496	212	65
-1.4999	221	58
-1.5053	290	74
-1.4951	266	68
-1.507	215	63
-1.5222	301	74
-1.4965	230	63
-1.5483	268	72
-1.5016	311	85
-1.492	273	75
-1.5055	202	57
-1.5382	254	71
-1.5014	183	58
-1.485	238	68
-1.5051	209	63
-1.4962	174	56
-1.4957	310	83
-1.5352	252	70
-1.4917	275	70
-1.4929	265	71
-1.5008	208	62
-1.5262	264	77
-1.5304	253	73
-1.502	228	68
-1.5023	321	79
-1.5185	302	79
-1.4984	205	54
-1.5326	222	68
-1.4937	300	73
-1.5583	301	82
-1.4983	250	67
-1.5025	318	78
-1.5495	268	76
-1.5017	264	77
-1.5497	346	91
-1.5048	254	71
-1.5029	234	63
-1.5371	254	70
-1.4973	248	66
-1.5377	296	71
-1.4871	324	87
-1.5456	292	80
-1.4935	242	64
-1.5467	320	81
-1.5	291	83
-1.4973	209	57
-1.5586	272	73
-1.5034	206	52
-1.5498	231	68
-1.4992	309	80
-1.5625	294	85
-1.4936	312	81
-1.4963	247	73
-1.5608	254	78
-1.496	264	65
-1.4964	251	66
-1.5312	274	80
-1.5543	315	83
-1.5482	301	79
-1.5539	210	65
-1.5327	299	84
-1.5074	253	73
-1.495	226	65
-1.4961	211	57
-1.4997	200	60
-1.492	265	70
-1.5052	219	65
-1.5375	283	78
-1.5009	227	61
-1.4981	287	70
-1.5362	305	90
-1.5008	260	65
-1.5021	260	78
-1.4931	213	60
-1.5075	374	95
-1.5696	239	64
-1.4989	273	78
-1.5249	275	77
-1.5532	234	66
-1.5014	288	80
-1.5416	379	91
-1.5018	244	67
-1.4954	318	85
-1.5459	296	74
-1.5085	250	72
-1.5037	247	68
-1.5012	253	73
-1.4931	467	100
-1.4992	259	77
-1.4981	279	77
-1.5016	182	56
-1.4997	270	66
-1.5037	289	79
-1.5035	313	84
-1.5579	327	79
-1.4954	299	86
-1.5399	279	69
-1.5575	250	72
-1.4961	272	72
-1.4913	238	67
-1.4958	367	88
-1.5505	331	87
-1.558	334	89
-1.5045	225	62
-1.5009	244	70
-1.4902	255	61
-1.4933	239	67
-1.5152	235	64
-1.5378	283	73
-1.4946	266	69
-1.5026	229	70
-1.5013	234	66
-1.514	320	86
-1.5682	249	70
-1.4988	204	58
-1.4879	230	65
-1.5561	206	61
-1.4936	304	75
-1.5029	252	68
-1.503	190	57
-1.5621	262	73
-1.5523	295	77
-1.5462	327	75
-1.4886	339	80
-1.5003	294	79
-1.5548	299	81
-1.5516	237	71
-1.5056	290	77
-1.5081	265	77
-1.4928	241	73
-1.5016	258	64
-1.4974	291	75
-1.5495	284	75
-1.5574	309	82
-1.4999	242	69
-1.5671	285	76
-1.5087	292	81
-1.5552	198	52
-1.539	328	85
-1.4975	253	69
-1.5068	268	71
-1.3736	364	94
-1.5276	254	72
-1.4904	184	53
-1.5522	285	73
-1.4989	209	56
-1.5539	208	58
-1.5508	256	79
-1.4922	194	59
-1.4962	250	65
-1.5028	317	81
-1.4947	218	66
-1.5067	347	85
-1.4955	219	63
-1.494	254	72
-1.4874	181	52
-1.5539	213	63
-1.5623	250	62
-1.5102	353	89
-1.5534	307	76
-1.497	266	68
-1.4974	249	63
-1.4986	277	69
-1.5091	319	83
-1.5208	277	76
-1.4988	243	63
-1.5009	244	68
-1.5027	271	78
-1.567	316	90
-1.5005	344	85
-1.5466	225	62
-1.5622	258	74
-1.5497	268	74
-1.4963	252	64
-1.4999	208	57
-1.4946	231	63
-1.5524	369	82
-1.4928	235	61
-1.4981	224	64
-1.5566	291	72
-1.5006	199	58
-1.5033	222	58
-1.5579	322	86
-1.499	161	53
-1.5015	208	62
-1.5003	285	68
-1.5035	262	72
-1.5372	293	79
-1.5341	348	88
-1.4975	276	74
-1.5312	274	73
-1.5007	242	75
-1.4932	340	83
-1.5476	279	80
-1.4841	236	71
-1.5301	299	86
-1.5454	254	72
-1.5042	217	67
-1.5354	307	71
-1.493	237	66
-1.5229	355	83
-1.5558	218	64
-1.5011	286	73
-1.5146	266	79
-1.5025	266	69
-1.5025	265	78
-1.493	240	67
-1.556	241	67
-1.4986	262	69
-1.4936	241	63
-1.5052	346	93
-1.5544	222	58
-1.4999	221	61
-1.5264	286	71
-1.4902	230	64
-1.5597	240	63
-1.5495	302	88
-1.5463	321	89
-1.5018	311	84
-1.5059	370	92
-1.5467	259	74
-1.4905	289	70
-1.5036	202	60
-1.5428	227	68
-1.4937	216	60
-1.499	301	78
-1.51	212	68
-1.5086	222	59
-1.4965	223	70
-1.5101	306	92
-1.5015	261	70
-1.4994	266	73
-1.4946	242	71
-1.5019	219	71
-1.5042	287	75
-1.4796	339	86
-1.5539	201	59
-1.5014	213	66
-1.5052	202	52
-1.4957	294	86
-1.504	195	62
-1.508	299	75
-1.5294	309	82
-1.4984	230	69
-1.4927	372	91
-1.564	243	70
-1.4981	246	70
-1.5381	260	67
-1.5089	249	70
-1.5481	258	75
-1.4942	240	62
-1.4951	243	61
-1.4989	316	89
-1.4977	282	71
-1.4983	199	55
-1.4947	270	66
-1.4973	243	67
-1.5084	221	64
-1.532	279	64
-1.5085	243	63
-1.4946	213	60
-1.552	266	66
-1.5478	335	92
-1.5487	283	82
-1.5517	261	78
-1.5018	225	62
-1.4842	222	63
-1.505	324	80
-1.4945	270	71
-1.4595	370	93
-1.5009	235	60
-1.498	234	62
-1.5592	206	63
-1.504	214	55
-1.5076	288	81
-1.488	276	73
-1.4987	293	76
-1.5043	252	81
-1.5458	234	68
-1.4923	267	67
-1.5288	272	71
-1.5635	333	90
-1.4913	263	67
-1.4907	293	70
-1.5049	275	80
-1.4923	300	77
-1.4956	236	61
-1.4959	259	74
-1.4963	186	58
-1.4992	231	59
-1.4996	266	68
-1.4987	232	61
-1.5564	185	54
-1.4951	242	64
-1.5517	297	81
-1.4917	182	55
-1.4926	266	76
-1.5446	265	78
-1.5569	242	63
-1.498	261	69
-1.5588	338	91
-1.5014	391	97
-1.5234	294	75
-1.5584	224	68
-1.545	318	81
-1.4937	228	64
-1.5	251	65
-1.5359	334	95
-1.5408	355	97
-1.5018	263	70
-1.5052	299	81
-1.4902	254	64
-1.5584	258	75
-1.4978	230	66
-1.5013	272	72
-1.5057	297	83
-1.4973	293	80
-1.5589	276	75
-1.4953	211	57
-1.5016	264	70
-1.4954	285	74
-1.5691	236	68
-1.4985	245	80
-1.5084	275	71
-1.5037	202	60
-1.5022	249	75
-1.4999	279	81
-1.4882	304	75
-1.5588	246	65
-1.5001	247	65
-1.496	297	76
-1.4966	195	51
-1.5024	245	65
-1.4968	283	74
-1.499	291	77
-1.4984	194	58
-1.5027	250	63
-1.4952	299	70
-1.4949	242	70
-1.5035	189	55
-1.5391	283	74
-1.5006	257	78
-1.5011	212	63
-1.4946	202	58
-1.4968	301	75
-1.5124	383	96
-1.5106	258	67
-1.5393	286	80
-1.5574	246	73
-1.4964	325	80
-1.5063	230	60
-1.5162	215	59
-1.5547	252	70
-1.5037	233	62
-1.5081	310	81
-1.5	235	66
-1.5439	370	90
-1.5024	244	66
-1.4919	219	60
-1.5411	243	66
-1.5017	198	50
-1.5683	273	77
-1.5005	210	65
-1.5322	194	56
-1.4996	224	68
-1.5388	227	62
-1.497	235	69
-1.5527	375	91
-1.505	207	55
-1.4965	198	53
-1.5068	246	72
-1.5099	261	69
-1.5483	377	93
-1.4996	332	85
-1.5577	239	73
-1.4956	312	80
-1.512	196	62
-1.5404	256	71
-1.5013	273	77
-1.5063	237	62
-1.4923	200	62
-1.4913	225	61
-1.5512	299	76
-1.502	306	87
-1.5254	242	64
-1.5539	326	76
-1.5534	244	64
-1.5002	229	67
-1.505	214	53
-1.4978	170	55
-1.5072	276	73
-1.4985	217	64
-1.5356	306	78
-1.4956	320	77
-1.5451	255	71
-1.5034	191	55
-1.4924	252	65
-1.5058	307	85
-1.5467	271	67
-1.5466	190	55
-1.4937	219	58
-1.5009	254	69
-1.5479	261	73
-1.5499	335	87
-1.5036	278	71
-1.5028	202	56
-1.5252	276	70
-1.4985	219	61
-1.4986	234	67
-1.5697	221	65
-1.4961	214	59
-1.5007	223	61
-1.5101	310	77
-1.5027	203	58
-1.4914	242	68
-1.5018	195	54
-1.5048	320	89
-1.5681	238	72
-1.5038	217	58
-1.5571	241	72
-1.5504	207	55
-1.4936	304	82
-1.4993	360	91
-1.5059	272	76
-1.5528	307	75
-1.5003	233	69
-1.499	260	67
-1.5162	246	63
-1.4956	280	73
-1.5018	243	73
-1.5626	247	67
-1.5627	285	77
-1.5031	236	67
-1.5476	271	78
-1.4966	249	74
-1.4945	272	70
-1.4964	268	67
-1.5028	210	60
-1.5066	220	62
-1.4981	432	96
-1.5064	312	85
-1.5628	288	81
-1.4964	225	66
-1.4955	244	65
-1.5552	277	78
-1.5683	404	92
-1.5516	309	82
-1.5571	311	76
-1.5514	298	75
-1.5545	345	83
-1.5013	199	57
-1.4948	212	59
-1.5014	247	68
-1.5017	203	60
-1.4999	213	63
-1.4987	223	69
-1.5008	179	55
-1.4947	216	60
-1.5237	239	76
-1.5054	250	69
-1.5694	316	76
-1.5029	309	80
-1.5656	272	69
-1.5069	278	67
-1.4954	266	75
-1.5554	332	78
-1.4985	176	52
-1.5629	265	66
-1.5014	178	49
-1.5474	353	94
-1.5049	240	63
-1.5508	284	78
-1.5497	300	77
-1.5128	221	57
-1.5616	230	62
-1.5019	368	97
-1.4927	197	56
-1.4983	259	71
-1.561	248	78
-1.4925	233	69
-1.5511	220	60
-1.5006	247	70
-1.4884	195	54
-1.5493	209	66
-1.5099	302	77
-1.5267	268	72
-1.5453	310	83
-1.4947	257	68
-1.5047	259	74
-1.5021	311	80
-1.5019	242	67
-1.5382	270	66
-1.5523	277	72
-1.5378	246	66
-1.544	300	79
-1.5012	291	76
-1.5458	284	80
-1.5491	302	75
-1.4988	213	57
-1.5017	228	71
-1.4958	337	90
-1.4922	230	63
-1.4956	268	66
-1.5049	247	68
-1.5472	315	89
-1.4958	204	57
-1.4988	232	71
-1.4933	290	76
-1.5503	268	73
-1.5531	325	84
-1.5494	318	87
-1.4972	300	78
-1.567	222	68
-1.4903	325	85
-1.4933	281	89
-1.4922	313	81
-1.4931	254	70
-1.4984	237	70
-1.5581	266	74
-1.4977	228	65
-1.5065	329	90
-1.5109	280	86
-1.5197	301	77
-1.4939	226	63
-1.5382	226	56
-1.4951	218	56
-1.4953	280	75
-1.4976	296	73
-1.5032	304	74
-1.561	321	80
-1.4914	283	74
-1.5055	238	68
-1.4922	205	57
-1.4964	257	68
-1.4972	220	58
-1.5009	182	51
-1.504	228	62
-1.4981	333	82
-1.4981	211	56
-1.5498	288	78
-1.4991	240	72
-1.5419	249	73
-1.5023	234	55
-1.5509	286	69
-1.5575	249	62
-1.5043	189	54
-1.5033	306	77
-1.4974	241	71
-1.5554	254	70
-1.5006	205	50
-1.4898	249	65
-1.5636	209	59
-1.4925	269	68
-1.5202	241	76
-1.5068	303	85
-1.4979	237	68
-1.5431	338	88
-1.4876	188	50
-1.5173	297	80
-1.5007	224	63
-1.4949	325	83
-1.558	233	72
-1.5013	277	73
-1.5043	276	76
-1.5133	286	74
-1.5403	346	82
-1.4933	191	57
-1.5054	221	65
-1.4981	249	66
-1.5416	241	72
-1.5028	237	67
-1.5494	278	72
-1.5492	291	70
-1.511	337	93
-1.4987	246	67
-1.5437	241	68
-1.4983	210	58
-1.497	192	55
-1.5318	339	86
-1.4949	205	50
-1.5072	235	65
-1.4967	341	82
-1.5418	261	69
-1.4949	288	85
-1.5031	250	62
-1.5003	217	60
-1.5474	343	89
-1.5004	262	70
-1.5667	242	66
-1.5662	233	67
-1.5024	167	46
-1.5002	258	70
-1.5	214	56
-1.5007	238	64
-1.5394	212	63
-1.5027	264	76
-1.5467	233	68
-1.5637	324	80
-1.4912	313	77
-1.5002	260	70
-1.5614	306	84
-1.495	311	78
-1.501	175	48
-1.502	286	76
-1.5541	245	68
-1.5641	214	58
-1.5529	265	73
-1.5076	273	70
-1.5105	246	61
-1.4924	202	56
-1.4995	199	60
-1.5016	213	57
-1.5198	294	75
-1.5366	325	80
-1.5537	227	69
-1.5046	226	67
-1.5012	234	66
-1.5464	263	71
-1.5016	220	62
-1.4983	176	52
-1.5075	348	86
-1.5004	318	78
-1.5441	299	82
-1.5382	259	78
-1.5639	218	68
-1.496	278	67
-1.5404	312	81
-1.5315	301	84
-1.5031	216	67
-1.5015	285	82
-1.546	276	70
-1.5194	297	80
-1.4957	260	74
-1.5018	248	73
-1.5037	236	71
-1.554	269	73
-1.5039	243	72
-1.5468	296	81
-1.4931	246	65
-1.4936	222	64
-1.4973	226	66
-1.4945	311	83
-1.4985	235	62
-1.4983	237	73
-1.5652	268	76
-1.5088	222	59
-1.5641	348	95
-1.5318	215	67
-1.5669	418	90
-1.5075	233	58
-1.5023	214	69
-1.5038	211	68
-1.5041	238	71
-1.5576	305	77
-1.5201	280	72
-1.5469	386	96
-1.5078	286	73
-1.4979	228	64
-1.5519	233	72
-1.5487	327	85
-1.5477	207	58
-1.5019	272	80
-1.5378	258	70
-1.5518	225	70
-1.5052	273	80
-1.4928	199	58
-1.5085	263	68
-1.4988	243	61
-1.5317	301	83
-1.4966	297	79
-1.49	245	70
-1.498	302	78
-1.5579	265	73
-1.5087	305	80
-1.5385	275	68
-1.4999	256	67
-1.5132	372	95
-1.5024	226	64
-1.5491	171	50
-1.5496	197	52
-1.4931	310	84
-1.4963	226	69
-1.5315	394	95
-1.5467	388	95
-1.4977	222	60
-1.4995	197	55
-1.4953	370	89
-1.5476	238	67
-1.5069	261	66
-1.5668	334	78
-1.4996	225	64
-1.4948	280	78
-1.4986	231	64
-1.4934	227	66
-1.5484	229	58
-1.4919	237	69
-1.5031	269	73
-1.5048	292	73
-1.5547	243	70
-1.5031	225	67
-1.558	263	65
-1.5577	250	66
-1.5006	273	74
-1.5011	232	58
-1.4955	232	65
-1.5009	244	74
-1.4971	280	66
-1.526	262	71
-1.5524	257	76
-1.5052	246	71
-1.4957	249	62
-1.5167	315	82
-1.5247	328	81
-1.5047	224	69
-1.4951	277	73
-1.556	356	92
-1.494	273	69
-1.5587	336	92
-1.5054	273	73
-1.4946	211	58
-1.5325	271	68
-1.4998	214	53
-1.4983	186	55
-1.4989	264	75
-1.4965	218	57
-1.5026	190	60
-1.5018	222	68
-1.532	302	79
-1.4911	210	62
-1.5054	236	66
-1.5045	214	70
-1.5292	259	71
-1.4865	240	65
-1.4997	228	57
-1.4916	220	62
-1.5092	256	72
-1.4986	202	55
-1.546	236	61
-1.4955	204	60
-1.5499	331	84
-1.5026	296	76
-1.4984	271	68
-1.5021	271	70
-1.5394	285	77
-1.524	254	76
-1.548	310	85
-1.5539	256	75
-1.5014	217	70
-1.5474	223	64
-1.502	272	69
-1.5162	252	74
-1.5442	306	86
-1.5057	275	68
-1.5021	242	62
-1.494	332	94
-1.4918	300	88
-1.4944	249	63
-1.543	326	85
-1.5154	282	70
-1.5044	312	82
-1.525	297	77
-1.4985	226	57
-1.5302	351	91
-1.5683	345	87
-1.5496	276	77
-1.5425	194	50
-1.4996	296	72
-1.5085	288	75
-1.4959	282	73
-1.4993	200	55
-1.541	278	78
-1.4998	296	76
-1.5537	331	86
-1.5	197	55
-1.4975	202	63
-1.4992	229	72
-1.4898	246	60
-1.5469	245	70
-1.5569	255	71
-1.5497	293	85
-1.4952	208	57
-1.4984	247	60
-1.4919	248	73
-1.4914	279	70
-1.5382	250	71
-1.4989	344	93
-1.4939	229	63
-1.563	311	87
-1.5625	255	71
-1.4966	287	77
-1.4928	240	64
-1.5568	277	71
-1.5083	217	63
-1.5122	260	75
-1.5042	190	52
-1.5009	225	67
-1.5016	229	64
-1.5537	237	71
-1.5014	258	71
-1.5465	276	75
-1.493	319	77
-1.4919	239	63
-1.5063	249	75
-1.4982	307	78
-1.5424	253	68
-1.4911	278	74
-1.4773	308	82
-1.4961	250	63
-1.556	229	56
-1.4954	345	94
-1.5	230	57
-1.522	241	75
-1.4995	251	67
-1.4892	314	77
-1.5036	311	80
-1.4936	225	65
-1.502	239	71
-1.498	217	62
-1.4937	217	64
-1.5591	268	74
-1.5071	295	75
-1.4996	230	68
-1.4969	277	75
-1.5088	350	92
-1.4988	280	71
-1.499	236	67
-1.5005	313	84
-1.5026	319	78
-1.5017	240	67
-1.494	221	63
-1.5032	253	64
-1.4928	299	83
-1.4964	239	62
-1.4884	265	72
-1.5002	302	77
-1.5542	220	67
-1.4947	225	60
-1.5596	373	89
-1.5187	347	91
-1.5411	211	63
-1.5427	267	73
-1.4947	219	55
-1.4984	255	70
-1.5551	276	77
-1.4891	267	66
-1.4943	236	73
-1.4977	273	71
-1.5025	336	83
-1.4956	262	68
-1.4977	243	65
-1.4988	237	69
-1.4981	208	59
-1.5073	243	67
-1.5578	214	56
-1.553	349	92
-1.4991	195	55
-1.5311	324	93
-1.5343	277	74
-1.5316	401	97
-1.5051	212	59
-1.5581	253	76
-1.5165	289	77
-1.5444	349	98
-1.5131	273	70
-1.5521	326	81
-1.4964	249	61
-1.5587	200	55
-1.5028	210	64
-1.5078	272	76
-1.5368	269	69
-1.5522	224	64
-1.5541	283	73
-1.5001	255	63
-1.5584	200	62
-1.4985	195	54
-1.5457	299	85
-1.4977	269	83
-1.5022	252	70
-1.504	243	68
-1.4957	232	65
-1.5111	350	87
-1.5059	307	82
-1.5267	363	93
-1.5543	358	92
-1.4989	324	86
-1.5044	265	75
-1.4957	241	61
-1.5047	326	86
-1.5052	252	71
-1.4985	197	55
-1.4942	230	62
-1.5203	269	73
-1.5015	261	66
-1.505	308	84
-1.4976	259	69
-1.4981	186	57
-1.4921	241	74
-1.5511	231	70
-1.5022	230	69
-1.5347	357	94
-1.488	237	73
-1.5057	216	58
-1.4917	233	63
-1.5003	219	53
-1.5508	208	70
-1.4997	243	71
-1.5478	261	74
-1.4988	312	81
-1.5502	287	79
-1.4954	232	71
-1.5588	274	70
-1.5034	241	60
-1.5035	247	63
-1.5046	246	67
-1.5686	261	71
-1.5015	271	68
-1.5036	274	80
-1.5051	288	68
-1.4987	278	78
-1.4898	254	72
-1.504	265	76
-1.5011	226	59
-1.4988	264	70
-1.5074	256	69
-1.4969	270	79
-1.4984	269	74
-1.429	325	84
-1.4999	227	62
-1.5012	331	78
-1.4955	179	55
-1.4939	226	59
-1.5027	222	67
-1.5017	272	67
-1.5565	247	74
-1.4984	334	84
-1.4973	252	67
-1.555	270	73
-1.5193	267	71
-1.4944	299	76
-1.5015	246	68
-1.501	263	71
-1.5545	300	76
-1.5562	234	68
-1.5019	203	65
-1.5517	264	75
-1.5	302	72
-1.5024	301	75
-1.542	395	93
-1.4928	181	56
-1.5017	203	60
-1.5543	263	76
-1.5437	254	67
-1.4974	225	54
-1.5023	233	58
-1.5555	280	72
-1.4969	233	65
-1.4874	228	62
-1.5036	242	74
-1.5023	284	78
-1.5004	275	71
-1.5083	218	69
-1.5002	172	47
-1.497	197	58
-1.5459	294	77
-1.4955	229	58
-1.5105	261	63
-1.4985	210	60
-1.5024	222	66
-1.5266	271	78
-1.5013	205	60
-1.5666	313	84
-1.4955	247	62
-1.5027	198	58
-1.5057	366	86
-1.4981	248	70
-1.4934	294	71
-1.4941	260	61
-1.4889	267	80
-1.5578	289	73
-1.5142	200	64
-1.5029	186	55
-1.4972	241	67
-1.4959	219	64
-1.4997	271	68
-1.5537	254	74
-1.4955	263	67
-1.5002	255	70
-1.493	278	68
-1.4952	258	71
-1.5217	196	55
-1.4943	286	70
-1.4988	236	67
-1.558	276	74
-1.4955	284	73
-1.496	177	50
-1.4998	184	50
-1.4964	197	54
-1.5117	288	81
-1.5002	276	80
-1.5403	249	70
-1.5599	232	64
-1.5545	243	70
-1.5427	314	78
-1.4942	225	59
-1.535	278	77
-1.5306	322	85
-1.511	424	100
-1.5021	218	57
-1.4907	186	57
-1.5224	214	62
-1.506	271	67
-1.5251	259	68
-1.5	311	85
-1.5064	223	63
-1.4998	214	65
-1.5508	271	73
-1.5426	314	83
-1.5002	235	69
-1.5035	240	67
-1.5051	359	99
-1.531	280	68
-1.495	262	71
-1.5484	322	84
-1.4985	209	58
-1.498	241	61
-1.4901	321	78
-1.5548	278	66
-1.4961	265	71
-1.4923	391	94
-1.5581	267	71
-1.4981	203	51
-1.518	339	85
-1.4972	319	88
-1.5033	250	66
-1.4835	354	79
-1.5067	217	62
-1.5004	274	78
-1.4939	334	95
-1.5045	265	69
-1.5062	263	67
-1.549	254	64
-1.5042	239	65
-1.5265	298	82
-1.4956	264	67
-1.4981	277	72
-1.508	291	74
-1.5027	215	64
-1.5447	287	79
-1.5047	274	82
-1.5041	237	63
-1.5015	243	69
-1.5551	294	71
-1.4901	208	59
-1.5047	240	73
-1.513	377	90
-1.5133	270	76
-1.4996	311	81
-1.5281	353	99
-1.5008	273	77
-1.5412	239	72
-1.4984	282	80
-1.4906	225	57
-1.5574	414	100
-1.5027	332	82
-1.503	224	67
-1.5038	202	58
-1.4963	192	47
-1.5686	298	75
-1.5046	218	60
-1.5274	398	93
-1.5024	255	73
-1.5544	285	71
-1.5006	287	81
-1.5089	316	86
-1.5043	244	72
-1.5029	252	64
-1.4985	247	69
-1.537	328	88
-1.5038	272	72
-1.4957	275	72
-1.5384	281	78
-1.5213	284	83
-1.5004	300	81
-1.4945	315	77
-1.5064	298	82
-1.5114	213	58
-1.4988	249	76
-1.5638	242	72
-1.5109	293	85
-1.5007	197	57
-1.4939	247	70
-1.4971	250	63
-1.5522	265	71
-1.521	248	66
-1.5023	292	78
-1.552	259	68
-1.5078	275	72
-1.5515	217	58
-1.4959	303	87
-1.4955	208	57
-1.497	214	63
-1.5356	302	78
-1.4949	248	66
-1.5075	266	70
-1.4873	262	67
-1.4946	208	56
-1.5039	207	62
-1.502	280	67
-1.5541	260	74
-1.5478	316	83
-1.4996	201	58
-1.4995	263	67
-1.5379	265	69
-1.5534	213	67
-1.5033	251	62
-1.5015	236	65
-1.5058	245	69
-1.4994	275	70
-1.4964	206	59
-1.5553	307	83
-1.5515	305	87
-1.5591	273	66
-1.494	234	66
-1.5041	278	69
-1.5043	202	55
-1.542	222	63
-1.5027	252	70
-1.4952	240	70
-1.496	333	87
-1.5639	328	85
-1.4953	258	69
-1.499	237	69
-1.5009	179	55
-1.5128	229	66
-1.4956	257	71
-1.4927	244	60
-1.5597	248	78
-1.5029	207	65
-1.5622	267	76
-1.5017	305	84
-1.4899	241	71
-1.5027	244	69
-1.5205	327	82
-1.4964	216	68
-1.4879	227	67
-1.5514	254	70
-1.5299	280	71
-1.5219	295	85
-1.4927	243	73
-1.5408	307	78
-1.4967	210	61
-1.4944	266	72
-1.501	310	81
-1.499	265	68
-1.497	197	53
-1.5075	292	79
-1.512	231	63
-1.4956	231	59
-1.5017	252	68
-1.5087	247	65
-1.5119	284	77
-1.5097	256	74
-1.5511	285	77
-1.5326	236	64
-1.5049	231	61
-1.5553	261	73
-1.4938	230	67
-1.5516	316	80
-1.4988	252	66
-1.5056	245	65
-1.5093	222	58
-1.4956	258	73
-1.4886	164	46
-1.5094	217	59
-1.4977	280	74
-1.4935	229	61
-1.5283	237	65
-1.559	295	73
-1.4942	250	67
-1.4995	196	61
-1.5342	294	76
-1.5	264	69
-1.5631	199	60
-1.5006	197	58
-1.5092	174	49
-1.5393	281	71
-1.5026	256	74
-1.496	211	55
-1.5031	253	68
-1.5583	289	81
-1.4955	199	58
-1.5008	279	70
-1.5681	416	100
-1.5002	220	63
-1.5632	209	56
-1.5493	271	77
-1.5051	316	80
-1.4948	268	80
-1.4941	361	89
-1.5002	234	66
-1.5412	299	77
-1.4969	188	55
-1.5182	269	69
-1.4948	207	57
-1.5026	237	65
-1.5009	385	89
-1.5413	254	71
-1.4931	229	63
-1.4963	226	61
-1.4989	286	81
-1.492	252	65
