-1.5061	149	29
-1.5019	157	29
-1.507	94	29
-1.5028	126	29
-1.5046	129	29
-1.5212	113	29
-1.5385	125	29
-1.5094	151	29
-1.5466	118	29
-1.5026	139	29
-1.4898	128	29
-1.5041	140	29
-1.5031	119	29
-1.5026	122	29
-1.5083	155	29
-1.5045	129	29
-1.5117	127	29
-1.508	139	29
-1.5653	121	29
-1.5571	126	29
-1.5559	128	29
-1.5003	115	29
-1.5068	142	29
-1.4973	139	29
-1.5098	164	29
-1.5011	123	29
-1.499	126	29
-1.5061	141	29
-1.5549	125	29
-1.4983	141	29
-1.4991	144	29
-1.5072	134	29
-1.507	135	29
-1.5039	127	29
-1.5674	142	29
-1.5664	129	29
-1.5159	131	29
-1.5028	142	29
-1.5038	119	29
-1.4961	130	29
-1.5013	153	29
-1.5011	153	29
-1.5664	148	29
-1.5026	141	29
-1.4979	134	29
-1.5004	127	29
-1.5412	129	29
-1.4847	156	29
-1.5061	118	29
-1.528	111	29
-1.4993	124	29
-1.5096	131	29
-1.5014	146	29
-1.5325	118	29
-1.5064	149	29
-1.5509	127	29
-1.4944	133	29
-1.5007	136	29
-1.5087	139	29
-1.5066	126	29
-1.4989	135	29
-1.5112	123	29
-1.5111	141	29
-1.5093	123	29
-1.5047	130	29
-1.4997	118	29
-1.538	137	29
-1.5027	118	29
-1.4942	118	29
-1.5065	132	29
-1.5067	118	29
-1.5665	118	29
-1.5075	140	29
-1.5319	144	29
-1.5153	131	29
-1.5606	140	29
-1.5679	125	29
-1.5448	120	29
-1.563	153	29
-1.5239	143	29
-1.5464	106	29
-1.5415	131	29
-1.5052	134	29
-1.506	141	29
-1.5015	142	29
-1.5264	152	29
-1.4967	123	29
-1.4879	112	29
-1.504	119	29
-1.5527	142	29
-1.4989	125	29
-1.5106	134	29
-1.4949	151	29
-1.4978	140	29
-1.5569	132	29
-1.55	134	29
-1.4888	148	29
-1.5026	145	29
-1.533	147	29
-1.5352	133	29
-1.5001	133	29
-1.5024	150	29
-1.5051	142	29
-1.5113	144	29
-1.5048	132	29
-1.5005	155	29
-1.5623	130	29
-1.5069	166	29
-1.494	144	29
-1.5375	122	29
-1.5031	144	29
-1.5625	138	29
-1.5089	121	29
-1.5483	133	29
-1.5076	159	29
-1.4904	117	29
-1.4964	125	29
-1.5513	121	29
-1.5634	121	29
-1.5028	135	29
-1.5202	127	29
-1.5538	121	29
-1.4946	146	29
-1.4997	134	29
-1.4986	112	29
-1.4998	121	29
-1.5092	131	29
-1.4935	140	29
-1.5588	113	29
-1.4904	154	29
-1.5571	115	29
-1.5453	147	29
-1.5035	145	29
-1.5073	133	29
-1.5208	104	29
-1.4918	125	29
-1.5631	139	29
-1.4936	135	29
-1.5275	129	29
-1.4976	125	29
-1.5077	138	29
-1.5086	128	29
-1.5041	115	29
-1.5416	148	29
-1.5497	121	29
-1.5027	113	29
-1.5378	152	29
-1.4921	136	29
-1.5612	121	29
-1.5054	116	29
-1.5673	125	29
-1.504	141	29
-1.5677	163	29
-1.5352	122	29
-1.5581	146	29
-1.5017	161	29
-1.5401	129	29
-1.5364	144	29
-1.508	130	29
-1.5057	126	29
-1.4986	128	29
-1.4984	137	29
-1.5106	108	29
-1.5045	134	29
-1.5666	130	29
-1.5037	119	29
-1.5613	121	29
-1.5211	133	29
-1.5294	121	29
-1.5036	133	29
-1.548	112	29
-1.5024	134	29
-1.5303	129	29
-1.5055	121	29
-1.5056	148	29
-1.5083	137	29
-1.507	132	29
-1.497	138	29
-1.502	157	29
-1.5561	124	29
-1.5675	148	29
-1.5125	126	29
-1.5624	119	29
-1.5413	132	29
-1.5092	128	29
-1.499	130	29
-1.509	135	29
-1.5081	138	29
-1.5025	160	29
-1.5036	125	29
-1.567	113	29
-1.5321	122	29
-1.5693	156	29
-1.5001	157	29
-1.5248	145	29
-1.556	134	29
-1.5609	141	29
-1.5716	113	29
-1.5616	142	29
-1.5005	112	29
-1.5012	142	29
-1.5058	153	29
-1.5027	147	29
-1.5068	140	29
-1.4963	154	29
-1.5545	118	29
-1.5644	97	29
-1.528	137	29
-1.5604	127	29
-1.5363	142	29
-1.5047	136	29
-1.5089	145	29
-1.5639	109	29
-1.5051	133	29
-1.5053	135	29
-1.5046	146	29
-1.5598	129	29
-1.527	144	29
-1.5046	108	29
-1.5334	136	29
-1.4996	156	29
-1.564	107	29
-1.5479	130	29
-1.5094	129	29
-1.5029	139	29
-1.5008	123	29
-1.497	136	29
-1.4993	147	29
-1.4984	138	29
-1.509	148	29
-1.5606	134	29
-1.497	155	29
-1.5127	148	29
-1.5069	114	29
-1.5221	143	29
-1.5044	128	29
-1.4967	172	29
-1.5034	99	29
-1.5109	108	29
-1.563	144	29
-1.4986	158	29
-1.562	101	29
-1.5672	162	29
-1.505	119	29
-1.5092	127	29
-1.5331	145	29
-1.5219	112	29
-1.5038	112	29
-1.5033	134	29
-1.556	135	29
-1.501	135	29
-1.5514	125	29
-1.4892	140	29
-1.4946	128	29
-1.5507	130	29
-1.5037	139	29
-1.5021	108	29
-1.4993	143	29
-1.5041	183	29
-1.5621	125	29
-1.4985	127	29
-1.5022	135	29
-1.5028	136	29
-1.5081	145	29
-1.5451	147	29
-1.5099	141	29
-1.5033	117	29
-1.5653	148	29
-1.5043	123	29
-1.5632	135	29
-1.4951	142	29
-1.5065	131	29
-1.5351	150	29
-1.5045	124	29
-1.5146	112	29
-1.5637	136	29
-1.5367	103	29
-1.501	137	29
-1.5081	154	29
-1.568	128	29
-1.5087	131	29
-1.5505	109	29
-1.5028	144	29
-1.5335	136	29
-1.5099	133	29
-1.5058	137	29
-1.5091	132	29
-1.5075	131	29
-1.5163	143	29
-1.4988	155	29
-1.5072	122	29
-1.5034	152	29
-1.5592	125	29
-1.5095	120	29
-1.4951	147	29
-1.5336	138	29
-1.5013	139	29
-1.51	138	29
-1.4917	160	29
-1.5052	150	29
-1.4991	121	29
-1.561	108	29
-1.509	141	29
-1.5052	134	29
-1.5092	122	29
-1.5086	128	29
-1.5105	127	29
-1.5711	144	29
-1.4986	138	29
-1.5118	126	29
-1.5566	124	29
-1.5669	107	29
-1.5553	112	29
-1.5532	110	29
-1.5093	130	29
-1.5051	138	29
-1.5401	130	29
-1.5015	141	29
-1.4979	145	29
-1.5178	144	29
-1.5419	142	29
-1.5014	142	29
-1.4972	147	29
-1.4985	139	29
-1.5127	108	29
-1.5016	126	29
-1.5082	135	29
-1.5465	137	29
-1.5088	152	29
-1.5025	137	29
-1.5087	148	29
-1.508	118	29
-1.5073	134	29
-1.4964	144	29
-1.5473	123	29
-1.4987	161	29
-1.556	144	29
-1.506	129	29
-1.4993	134	29
-1.5074	146	29
-1.5214	134	29
-1.5043	138	29
-1.5019	121	29
-1.4959	146	29
-1.505	142	29
-1.5031	134	29
-1.5005	131	29
-1.5034	123	29
-1.5108	145	29
-1.5714	145	29
-1.5171	145	29
-1.4975	118	29
-1.4999	142	29
-1.5645	132	29
-1.5463	132	29
-1.5018	125	29
-1.4976	114	29
-1.5079	137	29
-1.5721	130	29
-1.5062	135	29
-1.5067	139	29
-1.5199	156	29
-1.5056	110	29
-1.5075	113	29
-1.4985	155	29
-1.5072	114	29
-1.4939	138	29
-1.5066	146	29
-1.5611	145	29
-1.5468	136	29
-1.4941	147	29
-1.4994	149	29
-1.5048	135	29
-1.5123	108	29
-1.5641	97	29
-1.5042	154	29
-1.5064	150	29
-1.5083	131	29
-1.5596	127	29
-1.5037	145	29
-1.5013	139	29
-1.5047	139	29
-1.5595	130	29
-1.5678	115	29
-1.5079	139	29
-1.4993	130	29
-1.5667	121	29
-1.5038	148	29
-1.5624	147	29
-1.5609	137	29
-1.5065	135	29
-1.5568	145	29
-1.5605	138	29
-1.5493	125	29
-1.5094	123	29
-1.5036	124	29
-1.5234	141	29
-1.4988	159	29
-1.501	132	29
-1.503	139	29
-1.5553	165	29
-1.5022	127	29
-1.5641	133	29
-1.5521	154	29
-1.5066	139	29
-1.5055	130	29
-1.4971	141	29
-1.5087	146	29
-1.5425	116	29
-1.5082	140	29
-1.5088	125	29
-1.547	138	29
-1.5125	147	29
-1.4981	153	29
-1.4944	146	29
-1.5008	142	29
-1.4984	143	29
-1.5016	152	29
-1.5275	139	29
-1.5078	126	29
-1.4978	135	29
-1.5108	160	29
-1.5453	151	29
-1.5673	138	29
-1.5063	122	29
-1.5049	119	29
-1.5005	134	29
-1.5063	134	29
-1.4971	128	29
-1.5011	128	29
-1.5105	140	29
-1.5061	141	29
-1.5112	139	29
-1.5064	143	29
-1.5068	137	29
-1.4935	133	29
-1.5633	156	29
-1.5009	120	29
-1.4907	143	29
-1.5549	123	29
-1.5627	143	29
-1.4969	133	29
-1.5306	122	29
-1.5698	141	29
-1.509	146	29
-1.2124	153	29
-1.5012	125	29
-1.4973	129	29
-1.5093	134	29
-1.5106	120	29
-1.5035	142	29
-1.4951	127	29
-1.519	128	29
-1.5058	135	29
-1.4992	153	29
-1.5071	129	29
-1.4997	137	29
-1.5064	150	29
-1.5536	140	29
-1.5066	140	29
-1.5519	135	29
-1.5669	133	29
-1.5005	147	29
-1.5647	110	29
-1.5008	108	29
-1.4974	125	29
-1.4973	129	29
-1.5629	123	29
-1.5056	147	29
-1.5037	151	29
-1.4953	137	29
-1.5269	141	29
-1.537	133	29
-1.5128	120	29
-1.5024	132	29
-1.5092	107	29
-1.4929	160	29
-1.5014	117	29
-1.5457	141	29
-1.5063	130	29
-1.5142	129	29
-1.5083	129	29
-1.5378	136	29
-1.5041	136	29
-1.4958	132	29
-1.4997	136	29
-1.5536	125	29
-1.5069	96	29
-1.5026	157	29
-1.502	147	29
-1.5078	119	29
-1.5236	147	29
-1.4988	123	29
-1.5533	129	29
-1.4957	131	29
-1.5617	110	29
-1.5114	150	29
-1.5085	98	29
-1.5079	141	29
-1.5133	135	29
-1.5074	126	29
-1.5437	132	29
-1.5665	135	29
-1.4928	124	29
-1.4996	128	29
-1.5567	156	29
-1.5008	132	29
-1.5015	178	29
-1.5045	116	29
-1.5634	119	29
-1.4988	138	29
-1.5078	127	29
-1.5504	122	29
-1.5094	151	29
-1.4982	154	29
-1.5631	140	29
-1.517	153	29
-1.5278	140	29
-1.5467	116	29
-1.5091	118	29
-1.5083	143	29
-1.555	146	29
-1.5116	132	29
-1.5318	145	29
-1.5024	144	29
-1.5139	146	29
-1.4977	108	29
-1.552	137	29
-1.4969	145	29
-1.5199	128	29
-1.506	136	29
-1.5356	116	29
-1.5203	137	29
-1.4992	143	29
-1.5052	139	29
-1.5099	126	29
-1.5118	132	29
-1.5057	137	29
-1.5046	132	29
-1.5023	135	29
-1.5094	145	29
-1.5577	144	29
-1.5516	100	29
-1.5561	136	29
-1.5548	127	29
-1.5082	131	29
-1.5004	136	29
-1.5171	152	29
-1.564	136	29
-1.5649	130	29
-1.4972	128	29
-1.5143	118	29
-1.4983	126	29
-1.5064	131	29
-1.5097	121	29
-1.4987	143	29
-1.5601	125	29
-1.5651	119	29
-1.5013	156	29
-1.498	132	29
-1.5037	142	29
-1.5037	148	29
-1.5575	101	29
-1.5004	150	29
-1.5521	141	29
-1.5493	98	29
-1.5657	132	29
-1.5296	101	29
-1.505	128	29
-1.5084	129	29
-1.5029	143	29
-1.5674	158	29
-1.501	148	29
-1.5097	146	29
-1.5068	135	29
-1.5042	116	29
-1.5691	111	29
-1.5259	143	29
-1.5682	142	29
-1.5076	118	29
-1.5568	115	29
-1.5033	157	29
-1.502	142	29
-1.5407	112	29
-1.5103	151	29
-1.5318	136	29
-1.5668	142	29
-1.573	132	29
-1.5013	138	29
-1.4989	159	29
-1.5649	133	29
-1.4902	119	29
-1.5106	115	29
-1.5067	135	29
-1.5434	104	29
-1.5334	137	29
-1.5325	120	29
-1.5519	132	29
-1.5116	134	29
-1.5307	144	29
-1.5023	152	29
-1.4956	149	29
-1.5012	129	29
-1.5347	130	29
-1.1024	138	29
-1.5425	148	29
-1.5051	119	29
-1.5051	120	29
-1.5089	134	29
-1.5012	128	29
-1.4991	156	29
-1.4943	153	29
-1.4984	130	29
-1.5117	161	29
-1.557	140	29
-1.4968	152	29
-1.4969	126	29
-1.4955	124	29
-1.5062	138	29
-1.5039	129	29
-1.5052	154	29
-1.504	124	29
-1.5485	136	29
-1.5053	113	29
-1.4921	153	29
-1.5019	119	29
-1.5113	142	29
-1.5637	124	29
-1.504	150	29
-1.5581	130	29
-1.5104	132	29
-1.5584	125	29
-1.5009	135	29
-1.5092	140	29
-1.5132	149	29
-1.4985	128	29
-1.5057	145	29
-1.5004	134	29
-1.5339	106	29
-1.5013	144	29
-1.5607	124	29
-1.5505	146	29
-1.4944	134	29
-1.5103	146	29
-1.5009	124	29
-1.4893	146	29
-1.5439	137	29
-1.5052	133	29
-1.5479	131	29
-1.5517	143	29
-1.4966	141	29
-1.5025	124	29
-1.529	126	29
-1.5064	123	29
-1.4953	140	29
-1.5259	116	29
-1.5113	143	29
-1.5024	114	29
-1.5091	134	29
-1.5598	134	29
-1.4885	123	29
-1.4991	138	29
-1.5412	130	29
-1.4976	160	29
-1.4961	133	29
-1.5007	138	29
-1.5048	135	29
-1.5417	114	29
-1.5033	140	29
-1.5301	141	29
-1.4994	128	29
-1.5075	134	29
-1.5018	136	29
-1.5038	155	29
-1.5086	126	29
-1.5044	155	29
-1.5422	135	29
-1.5137	139	29
-1.4969	124	29
-1.543	118	29
-1.5103	134	29
-1.5537	109	29
-1.5519	122	29
-1.5579	129	29
-1.5441	130	29
-1.5058	131	29
-1.5111	143	29
-1.5422	136	29
-1.564	150	29
-1.5071	130	29
-1.5081	143	29
-1.5074	128	29
-1.5028	164	29
-1.5079	134	29
-1.5056	140	29
-1.5438	136	29
-1.5014	132	29
-1.4971	120	29
-1.5011	103	29
-1.5544	105	29
-1.5076	140	29
-1.5117	129	29
-1.5414	117	29
-1.5025	104	29
-1.5204	139	29
-1.5089	115	29
-1.4909	125	29
-1.4991	133	29
-1.5663	114	29
-1.5043	123	29
-1.503	130	29
-1.5061	132	29
-1.5074	133	29
-1.4905	162	29
-1.5173	126	29
-1.4992	124	29
-1.5239	145	29
-1.5081	129	29
-1.4976	151	29
-1.5078	137	29
-1.5019	126	29
-1.5054	141	29
-1.507	143	29
-1.5054	123	29
-1.5061	129	29
-1.5075	130	29
-1.5452	97	29
-1.5696	112	29
-1.5048	139	29
-1.5365	119	29
-1.5543	140	29
-1.5407	124	29
-1.5594	143	29
-1.4967	133	29
-1.4979	137	29
-1.5032	121	29
-1.4952	113	29
-1.4945	138	29
-1.4986	130	29
-1.548	144	29
-1.4932	127	29
-1.4993	116	29
-1.4972	132	29
-1.5076	114	29
-1.4982	126	29
-0.9666	122	29
-1.5095	140	29
-1.5043	104	29
-1.5016	100	29
-1.559	134	29
-1.4981	118	29
-1.4971	152	29
-1.4449	112	29
-1.5011	130	29
-1.4976	129	29
-1.5036	135	29
-1.533	122	29
-1.5389	122	29
-1.5122	160	29
-1.5076	128	29
-1.5105	127	29
-1.4952	142	29
-1.5028	123	29
-1.505	125	29
-1.5024	137	29
-1.5302	118	29
-1.5196	126	29
-1.5073	139	29
-1.501	132	29
-1.5043	124	29
-1.5534	132	29
-1.5049	125	29
-1.5055	152	29
-1.5503	133	29
-1.5109	138	29
-1.5345	140	29
-1.5272	145	29
-1.4952	143	29
-1.5254	116	29
-1.509	159	29
-1.4984	138	29
-1.5646	121	29
-1.5001	125	29
-1.4986	148	29
-1.5058	157	29
-1.504	130	29
-1.5032	114	29
-1.5	193	29
-1.5071	128	29
-1.5037	119	29
-1.5119	141	29
-1.51	144	29
-1.4952	162	29
-1.5578	144	29
-1.5053	136	29
-1.5095	98	29
-1.5516	126	29
-1.4987	141	29
-1.5048	132	29
-1.503	145	29
-1.539	142	29
-1.5576	122	29
-1.5482	127	29
-1.4969	139	29
-1.4934	130	29
-1.5025	127	29
-1.5691	146	29
-1.523	163	29
-1.5039	120	29
-1.5623	142	29
-1.5048	142	29
-1.5005	134	29
-1.5038	155	29
-1.5048	136	29
-1.4922	134	29
-1.4805	136	29
-1.5124	112	29
-1.5017	138	29
-1.5032	148	29
-1.3356	145	29
-1.5013	118	29
-1.5026	121	29
-1.5706	147	29
-1.5101	132	29
-1.5607	139	29
-1.5091	132	29
-1.5552	119	29
-1.544	141	29
-1.501	107	29
-1.4922	152	29
-1.5064	125	29
-1.5002	134	29
-1.5107	126	29
-1.5554	150	29
-1.5635	109	29
-1.5487	147	29
-1.5565	117	29
-1.5111	144	29
-1.5293	126	29
-1.5653	122	29
-1.5499	118	29
-1.5385	125	29
-1.5008	127	29
-1.5538	145	29
-1.5089	130	29
-1.5531	134	29
-1.5111	127	29
-1.5029	129	29
-1.5072	129	29
-1.5581	134	29
-1.5548	136	29
-1.5649	108	29
-1.511	138	29
-1.5423	118	29
-1.5636	124	29
-1.4958	146	29
-1.5214	141	29
-1.5128	168	29
-1.5014	111	29
-1.5136	135	29
-1.5413	105	29
-1.4986	142	29
-1.5301	108	29
-1.5633	141	29
-1.5071	144	29
-1.4947	136	29
-1.5004	158	29
-1.5055	154	29
-1.5057	139	29
-1.5091	133	29
-1.5058	120	29
-1.5595	127	29
-1.5494	144	29
-1.4973	135	29
-1.5338	136	29
-1.5106	140	29
-1.5079	125	29
-1.5635	112	29
-1.5093	126	29
-1.5067	152	29
-1.5083	121	29
-1.5091	115	29
-1.5025	144	29
-1.5486	121	29
-1.5044	104	29
-1.5092	144	29
-1.5197	120	29
-1.4996	126	29
-1.5043	146	29
-1.5594	118	29
-1.4976	153	29
-1.5108	127	29
-1.5061	123	29
-1.5574	142	29
-1.5066	130	29
-1.5002	157	29
-1.5014	148	29
-1.5642	156	29
-1.4948	148	29
-1.5103	129	29
-1.5661	139	29
-1.5092	142	29
-1.5094	106	29
-1.506	145	29
-1.5263	142	29
-1.5027	141	29
-1.5123	133	29
-1.5	128	29
-1.56	133	29
-1.5009	134	29
-1.5103	120	29
-1.5048	121	29
-1.4999	127	29
-1.5505	119	29
-1.5076	143	29
-1.5051	147	29
-1.5558	133	29
-1.5432	130	29
-1.5055	131	29
-1.501	144	29
-1.564	98	29
-1.5299	151	29
-1.5554	110	29
-1.5685	108	29
-1.5486	137	29
-1.5695	135	29
-1.5353	142	29
-1.4973	132	29
-1.507	152	29
-1.532	141	29
-1.5018	145	29
-1.5043	147	29
-1.507	102	29
-1.4966	134	29
-1.4997	135	29
-1.4993	125	29
-1.5105	133	29
-1.5067	155	29
-1.5554	154	29
-1.5063	122	29
-1.5627	104	29
-1.5062	140	29
-1.4992	131	29
-1.5039	132	29
-1.5468	144	29
-1.5685	111	29
-1.5331	125	29
-1.5181	133	29
-1.5166	132	29
-1.5507	141	29
-1.5638	98	29
-1.5017	163	29
-1.4966	160	29
-1.5015	114	29
-1.4951	136	29
-1.5639	141	29
-1.5658	121	29
-1.5494	116	29
-1.5065	121	29
-1.5066	136	29
-1.5476	134	29
-1.511	133	29
-1.5022	158	29
-1.511	155	29
-1.5156	138	29
-1.5149	122	29
-1.5015	131	29
-1.5087	134	29
-1.4977	136	29
-1.5041	141	29
-1.4998	155	29
-1.5614	105	29
-1.5115	139	29
-1.505	139	29
-1.4996	152	29
-1.5009	135	29
-1.5023	134	29
-1.5465	140	29
-1.5033	158	29
-1.5009	83	29
-1.5547	138	29
-1.5087	178	29
-1.509	146	29
-1.5285	129	29
-1.4979	120	29
-1.5089	136	29
-1.5059	134	29
-1.4896	138	29
-1.504	135	29
-1.5652	134	29
-1.5544	123	29
-1.5061	122	29
-1.5334	125	29
-1.5536	118	29
-1.5073	106	29
-1.5455	127	29
-1.5393	130	29
-1.4915	131	29
-1.5045	139	29
-1.5095	136	29
-1.5048	135	29
-1.508	135	29
-1.5069	150	29
-1.5138	130	29
-1.5041	139	29
-1.5058	146	29
-1.4963	134	29
-1.4981	117	29
-1.5006	131	29
-1.5592	135	29
-1.4996	123	29
-1.5053	143	29
-1.5039	145	29
-1.551	128	29
-1.499	129	29
-1.5185	139	29
-1.4963	141	29
-1.5437	133	29
-1.5553	141	29
-1.5073	114	29
-1.5558	138	29
-1.5179	134	29
-1.5486	145	29
-1.5064	122	29
-1.5155	130	29
-1.5618	144	29
-1.5616	151	29
-1.5014	120	29
-1.55	122	29
-1.5091	141	29
-1.4888	147	29
-1.5056	135	29
-1.4919	160	29
-1.4981	146	29
-1.5059	131	29
-1.5156	144	29
-1.4911	162	29
-1.568	122	29
-1.5136	139	29
-1.5031	115	29
-1.5042	135	29
-1.5648	109	29
-1.504	128	29
-1.5114	134	29
-1.5611	145	29
-1.5512	133	29
-1.4971	141	29
-1.5665	121	29
-1.5511	134	29
-1.5703	143	29
-1.5053	131	29
-1.5583	134	29
-1.5104	121	29
-1.5175	126	29
-1.4924	143	29
-1.5594	120	29
-1.5055	115	29
-1.5083	124	29
-1.5387	127	29
-1.509	151	29
-1.4986	137	29
-1.5648	149	29
-1.5475	142	29
-1.5564	137	29
-1.5087	123	29
-1.4953	134	29
-1.5024	120	29
-1.5063	115	29
-1.509	128	29
-1.5006	112	29
-1.5137	140	29
-1.5092	141	29
-1.5627	141	29
-1.5432	140	29
-1.5037	128	29
-1.5011	137	29
-1.5108	118	29
-1.5056	124	29
-1.5118	149	29
-1.5056	143	29
-1.5063	138	29
-1.5196	131	29
-1.5116	137	29
-1.5135	128	29
-1.504	127	29
-1.5096	153	29
-1.5442	137	29
-1.5077	139	29
-1.5416	135	29
-1.5004	140	29
-1.5031	131	29
-1.5018	130	29
-1.5384	161	29
-1.512	120	29
-1.5004	140	29
-1.5	138	29
-1.4978	128	29
-1.5022	125	29
-1.506	127	29
-1.502	132	29
-1.5062	122	29
-1.5026	161	29
-1.5017	138	29
-1.4968	132	29
-1.5059	114	29
-1.5422	130	29
-1.5608	118	29
-1.5041	126	29
-1.5017	134	29
-1.5631	139	29
-1.5122	121	29
-1.5605	147	29
-1.5098	159	29
-1.5068	132	29
-1.5112	159	29
-1.5511	129	29
-1.5055	140	29
-1.5035	132	29
-1.5096	106	29
-1.5022	118	29
-1.508	114	29
-1.5546	128	29
-1.4929	143	29
-1.4975	144	29
-1.5718	93	29
-1.5576	118	29
-1.5067	134	29
-1.562	125	29
-1.5127	156	29
-1.4975	122	29
-1.5027	113	29
-1.5089	117	29
-1.5122	134	29
-1.5046	157	29
-1.5641	119	29
-1.5527	135	29
-1.5039	154	29
-1.5529	138	29
-1.5011	146	29
-1.5537	126	29
-1.5088	138	29
-1.5058	133	29
-1.5604	111	29
-1.5028	123	29
-1.5039	115	29
-1.5735	137	29
-1.5028	119	29
-1.5033	139	29
-1.4998	156	29
-1.5652	96	29
-1.4997	117	29
-1.5587	126	29
-1.5019	149	29
-1.528	129	29
-1.5316	114	29
-1.5067	138	29
-1.568	128	29
-1.509	124	29
-1.5043	126	29
-1.5348	147	29
-1.5634	102	29
-1.5674	167	29
-1.5049	133	29
-1.5149	138	29
-1.5749	101	29
-1.5424	142	29
-1.5516	132	29
-1.5744	162	29
-1.5035	137	29
-1.5253	134	29
-1.5552	107	29
-1.5065	126	29
-1.5056	129	29
-1.5703	134	29
-1.5674	135	29
-1.5018	133	29
-1.5327	137	29
-1.5004	154	29
-1.5132	128	29
-1.509	125	29
-1.5609	138	29
-1.5102	130	29
-1.5564	109	29
-1.4986	147	29
-1.5693	124	29
-1.5019	149	29
-1.5579	123	29
-1.499	118	29
-1.5662	139	29
-1.503	130	29
-1.5049	138	29
-1.5024	132	29
-1.5377	145	29
-1.5552	127	29
-1.4938	138	29
-1.5686	134	29
-1.5621	141	29
-1.5739	116	29
-1.4938	131	29
-1.5302	113	29
-1.5062	100	29
-1.5502	123	29
-1.5013	139	29
-1.5282	138	29
-1.5057	141	29
-1.562	130	29
-1.5048	112	29
-1.5056	131	29
-1.5582	148	29
-1.5086	140	29
-1.556	143	29
-1.5595	112	29
-1.5022	149	29
-1.5075	119	29
-1.5643	145	29
-1.4967	162	29
-1.5149	138	29
-1.502	178	29
-1.5086	128	29
-1.5036	146	29
-1.4954	141	29
-1.5335	130	29
-1.5009	111	29
-1.5093	125	29
-1.5069	127	29
-1.5109	133	29
-1.57	147	29
-1.5014	133	29
-1.5168	131	29
-1.5075	135	29
-1.5067	116	29
-1.557	114	29
-1.5633	100	29
-1.5609	123	29
-1.5044	129	29
-1.5098	133	29
-1.5642	117	29
-1.5116	138	29
-1.5578	133	29
-1.5518	136	29
-1.5026	174	29
-1.5611	137	29
-1.4991	138	29
-1.4965	135	29
-1.5453	144	29
-1.5697	126	29
-1.501	132	29
-1.5011	136	29
-1.5045	135	29
-1.5434	141	29
-1.5059	114	29
-1.5408	139	29
-1.513	136	29
-1.5035	153	29
-1.506	119	29
-1.507	134	29
-1.5099	128	29
-1.5028	130	29
-1.5613	100	29
-1.5105	128	29
-1.5125	129	29
-1.5595	122	29
-1.5114	116	29
-1.5064	111	29
-1.5074	125	29
-1.5048	119	29
-1.5095	120	29
-1.5043	159	29
-1.5489	143	29
-1.5644	136	29
-1.5272	146	29
-1.5422	144	29
-1.4971	150	29
-1.5051	134	29
-1.4997	146	29
-1.5515	124	29
-1.4959	147	29
-1.5524	139	29
-1.5678	119	29
-1.5011	164	29
-1.5064	117	29
-1.5667	148	29
-1.4958	153	29
-1.512	128	29
-1.5071	143	29
-1.4944	138	29
-1.5056	134	29
-1.5103	142	29
-1.533	134	29
-1.558	138	29
-1.4982	116	29
-1.5113	166	29
-1.5	154	29
-1.4975	117	29
-1.5043	125	29
-1.4976	109	29
-1.5015	117	29
-1.5015	147	29
-1.5403	162	29
-1.51	111	29
-1.5624	161	29
-1.5714	119	29
-1.5077	132	29
-1.5086	131	29
-1.5085	141	29
-1.5038	159	29
-1.5521	154	29
-1.5114	132	29
-1.5611	144	29
-1.5111	132	29
-1.511	131	29
-1.5345	119	29
-1.552	127	29
-1.5072	98	29
-1.497	130	29
-1.5717	119	29
-1.4961	148	29
-1.5644	136	29
-1.5136	85	29
-1.5466	135	29
-1.5603	116	29
-1.5106	161	29
-1.5125	150	29
-1.5245	137	29
-1.5038	124	29
-1.509	137	29
-1.5531	155	29
-1.5367	124	29
-1.5015	142	29
-1.5055	131	29
-1.5028	125	29
-1.4976	147	29
-1.5007	122	29
-1.5544	126	29
-1.5011	115	29
-1.5133	116	29
-1.5138	137	29
-1.5061	122	29
-1.5038	152	29
-1.5047	132	29
-1.5023	117	29
-1.5026	135	29
-1.5647	143	29
-1.5024	94	29
-1.5678	122	29
-1.5033	127	29
-1.4933	152	29
-1.5031	131	29
-1.5411	118	29
-1.5204	138	29
-1.4957	123	29
-1.5352	144	29
-1.4976	147	29
-1.5108	130	29
-1.5151	128	29
-1.5077	124	29
-1.5062	152	29
-1.5052	125	29
-1.4878	125	29
-1.5117	130	29
-1.5104	136	29
-1.496	118	29
-1.5035	135	29
-1.4983	151	29
-1.5086	122	29
-1.5039	156	29
-1.4967	164	29
-1.5017	115	29
-1.4978	157	29
-1.5023	137	29
-1.5072	141	29
-1.5571	128	29
-1.5075	151	29
-1.5597	125	29
-1.5619	126	29
-1.5449	106	29
-1.4922	140	29
-1.5026	134	29
-1.5038	143	29
-1.5479	146	29
-1.5065	122	29
-1.5107	116	29
-1.5049	132	29
-1.4975	138	29
-1.4958	136	29
-1.5298	137	29
-1.5596	133	29
-1.5666	135	29
-1.5024	142	29
-1.4877	143	29
-1.5031	167	29
-1.5507	107	29
-1.5627	126	29
-1.5491	137	29
-1.5495	168	29
-1.5559	145	29
-1.503	146	29
-1.5032	148	29
-1.5063	122	29
-1.5007	144	29
-1.5635	112	29
-1.4932	130	29
-1.4952	131	29
-1.5519	129	29
-1.5148	129	29
-1.5055	124	29
-1.5643	139	29
-1.501	118	29
-1.496	142	29
-1.5223	145	29
-1.4907	150	29
-1.5241	137	29
-1.571	141	29
-1.5061	135	29
-1.5104	120	29
-1.5621	134	29
-1.5047	123	29
-1.4883	178	29
-1.5065	145	29
-1.502	141	29
-1.5068	136	29
-1.494	132	29
-1.5055	142	29
-1.5645	114	29
-1.5492	107	29
-1.4717	116	29
-1.4934	103	29
-1.5051	124	29
-1.5051	138	29
-1.5066	150	29
-1.5039	118	29
-1.5065	147	29
-1.5155	137	29
-1.5136	135	29
-1.5042	140	29
-1.4958	142	29
-1.5033	141	29
-1.5055	108	29
-1.4928	151	29
-1.5028	113	29
-1.5352	149	29
-1.5512	120	29
-1.5	128	29
-1.4986	100	29
-1.5045	166	29
-1.5129	186	29
-1.5153	153	29
-1.4947	141	29
-1.4928	132	29
-1.4983	149	29
-1.5045	126	29
-1.5027	156	29
-1.5067	119	29
-1.5044	136	29
-1.4956	141	29
-1.5515	134	29
-1.5017	157	29
-1.5056	131	29
-1.5041	169	29
-1.5057	129	29
-1.5162	131	29
-1.5085	134	29
-1.572	147	29
-1.5053	143	29
-1.4961	149	29
-1.5581	147	29
-1.5683	132	29
-1.5018	154	29
-1.5569	135	29
-1.5393	146	29
-1.5071	148	29
-1.5652	124	29
-1.5084	140	29
-1.4982	158	29
-1.5167	143	29
-1.574	157	29
-1.5053	126	29
-1.5356	113	29
-1.5112	148	29
-1.5701	101	29
-1.5661	125	29
-1.5048	128	29
-1.4893	126	29
-1.5031	148	29
-1.5563	127	29
-1.5044	131	29
-1.5008	124	29
-1.509	150	29
-1.4943	122	29
-1.5252	116	29
-1.5043	148	29
-1.5457	123	29
-1.5354	110	29
-1.5019	146	29
-1.5081	129	29
-1.5089	152	29
-1.506	128	29
-1.5007	156	29
-1.5198	130	29
-1.5028	129	29
-1.5515	136	29
-1.5037	141	29
-1.4973	122	29
-1.5523	127	29
-1.5065	131	29
-1.5057	121	29
-1.505	134	29
-1.5634	106	29
-1.5061	142	29
-1.5058	143	29
-1.5481	121	29
-1.5052	130	29
-1.4896	141	29
-1.5534	128	29
-1.4997	125	29
-1.5645	146	29
-1.5446	125	29
-1.5234	127	29
-1.4981	152	29
-1.5033	140	29
-1.5079	137	29
-1.5013	120	29
-1.5164	168	29
-1.5606	129	29
-1.5005	109	29
-1.5037	132	29
-1.4653	100	29
-1.4944	132	29
-1.5173	148	29
-1.5042	145	29
-1.562	116	29
-1.5569	131	29
-1.5144	156	29
-1.4996	135	29
-1.4993	148	29
-1.5304	114	29
-1.5488	139	29
-1.5043	118	29
-1.4885	131	29
-1.5412	153	29
-1.5106	129	29
-1.4856	133	29
-1.5053	150	29
-1.5026	160	29
-1.503	139	29
-1.5284	132	29
-1.5063	128	29
-1.498	117	29
-1.4995	127	29
-1.4983	163	29
-1.5089	135	29
-1.5066	144	29
-1.5072	136	29
-1.4933	117	29
-1.5043	151	29
-1.5018	141	29
-1.5055	119	29
-1.519	130	29
-1.5345	131	29
-1.5563	123	29
-1.5051	126	29
-1.4996	150	29
-1.5033	149	29
-1.5039	131	29
-1.5598	107	29
-1.5077	140	29
-1.5064	127	29
-1.5553	116	29
-1.5313	112	29
-1.5509	123	29
-1.5102	130	29
-1.4976	121	29
-1.5059	142	29
-1.555	144	29
-1.506	141	29
-1.5694	131	29
-1.5264	158	29
-1.5097	126	29
-1.5381	121	29
-1.5636	138	29
-1.5436	108	29
-1.5525	118	29
-1.5035	141	29
-1.4924	139	29
-1.4992	126	29
-1.5049	140	29
-1.5049	146	29
-1.5348	157	29
-1.501	143	29
-1.5218	129	29
-1.4974	115	29
-1.5059	139	29
-1.5014	111	29
-1.5003	164	29
-1.5484	118	29
-1.5013	124	29
-1.5303	134	29
-1.5024	132	29
-1.5433	117	29
-1.5514	111	29
-1.5093	134	29
-1.5121	128	29
-1.5525	146	29
-1.553	123	29
-1.5079	140	29
-1.5109	155	29
-1.5093	145	29
-1.5608	113	29
-1.5566	136	29
-1.5327	161	29
-1.4975	163	29
-1.5672	130	29
-1.5583	143	29
-1.5059	137	29
-1.5655	136	29
-1.5699	108	29
-1.5511	155	29
-1.4953	134	29
-1.5011	135	29
-1.5264	140	29
-1.5675	101	29
-1.546	146	29
-1.5055	127	29
-1.5057	129	29
-1.5057	133	29
-1.5054	134	29
-1.5027	129	29
-1.5246	154	29
-1.5082	122	29
-1.495	120	29
-1.4971	143	29
-1.5038	131	29
-1.5034	139	29
-1.5102	137	29
-1.5014	142	29
-1.5567	125	29
-1.5705	140	29
-1.5118	142	29
-1.5696	109	29
-1.5095	139	29
-1.5588	145	29
-1.4927	134	29
-1.517	157	29
-1.5019	134	29
-1.5034	119	29
-1.5023	149	29
-1.5057	135	29
-1.5097	147	29
-1.5032	139	29
-1.4982	140	29
-1.5068	96	29
-1.4949	151	29
-1.514	147	29
-1.5007	147	29
-1.5056	129	29
-1.5021	133	29
-1.5033	133	29
-1.5058	128	29
-1.5059	138	29
-1.5049	125	29
-1.5054	140	29
-1.5051	117	29
-1.5081	132	29
-1.5156	134	29
-1.5569	110	29
-1.5495	134	29
-1.0955	114	29
-1.555	169	29
-1.5077	126	29
-1.5316	109	29
-1.5051	128	29
-1.559	128	29
-1.5475	134	29
-1.4973	155	29
-1.5023	135	29
-1.4997	163	29
-1.5601	122	29
-1.5122	136	29
-1.4947	128	29
-1.498	138	29
-1.5064	127	29
-1.5025	132	29
-1.5051	119	29
-1.4978	127	29
-1.4984	135	29
-1.5404	124	29
-1.5442	120	29
-1.5118	159	29
-1.5565	137	29
-1.5053	138	29
-1.4983	179	29
-1.528	141	29
-1.5034	129	29
-1.4971	140	29
-1.4962	143	29
-1.5096	120	29
-1.5125	120	29
-1.5113	145	29
-1.5099	123	29
-1.5571	146	29
-1.4931	121	29
-1.5042	128	29
-1.4994	144	29
-1.5074	137	29
-1.4978	157	29
-1.5509	144	29
-1.5083	128	29
-1.5725	122	29
-1.5563	146	29
-1.557	136	29
-1.5058	111	29
-1.5058	135	29
-1.5068	131	29
-1.5086	122	29
-1.5578	134	29
-1.5506	129	29
-1.5084	133	29
-1.4999	127	29
-1.508	129	29
-1.5044	140	29
-1.4895	137	29
-1.5023	115	29
-1.4947	145	29
-1.5026	147	29
-1.5003	110	29
-1.5068	123	29
-1.4935	140	29
-1.5143	132	29
-1.4994	133	29
-1.5073	131	29
-1.5048	124	29
-1.5051	147	29
-1.5024	116	29
-1.5058	132	29
-1.5127	167	29
-1.5042	135	29
-1.4955	135	29
-1.5118	139	29
-1.5085	139	29
-1.5054	133	29
-1.5224	118	29
-1.5004	141	29
-1.4915	124	29
-1.5059	116	29
-1.5003	154	29
-1.5073	155	29
-1.5408	124	29
-1.5514	131	29
-1.5032	131	29
-1.5061	128	29
-1.5621	125	29
-1.5068	157	29
-1.5665	126	29
-1.5036	144	29
-1.5062	129	29
-1.4892	150	29
-1.5046	135	29
-1.5037	148	29
-1.5042	158	29
-1.5017	168	29
-1.4993	118	29
-1.502	139	29
-1.4942	140	29
-1.5099	106	29
-1.5513	106	29
-1.5526	158	29
-1.5107	121	29
-1.5738	127	29
-1.5041	111	29
-1.5522	95	29
-1.5492	143	29
-1.5502	95	29
-1.5585	134	29
-1.4634	118	29
-1.5039	130	29
-1.4982	139	29
-1.5058	139	29
-1.4905	144	29
-1.4956	125	29
-1.4964	118	29
-1.5667	109	29
-1.5082	131	29
-1.5018	121	29
-1.5077	128	29
-1.5578	135	29
-1.5735	144	29
-1.4999	111	29
-1.4996	145	29
-1.5534	136	29
-1.5023	127	29
-1.506	137	29
-1.5593	120	29
-1.5034	129	29
-1.5238	153	29
-1.5607	101	29
-1.5064	129	29
-1.4927	132	29
-1.5089	144	29
-1.5588	121	29
-1.5065	154	29
-1.4946	145	29
-1.501	132	29
-1.5018	136	29
-1.5047	139	29
-1.506	132	29
-1.4936	126	29
-1.5686	120	29
-1.5009	134	29
-1.5019	154	29
-1.5064	146	29
-1.5075	127	29
-1.4987	113	29
-1.5065	112	29
-1.5071	105	29
-1.4981	150	29
-1.5026	148	29
-1.5123	142	29
-1.508	167	29
-1.4986	158	29
-1.5022	130	29
-1.5076	140	29
-1.5046	133	29
-1.5035	143	29
-1.5495	152	29
-1.5681	107	29
-1.5057	114	29
-1.5078	129	29
-1.5042	118	29
-1.5651	121	29
-1.4983	127	29
-1.5031	142	29
-1.4969	119	29
-1.5706	133	29
-1.5012	140	29
-1.503	143	29
-1.5015	130	29
-1.5084	142	29
-1.5592	138	29
-1.561	160	29
-1.5121	132	29
-1.4704	138	29
-1.5067	140	29
-1.5091	121	29
-1.4985	150	29
-1.5653	127	29
-1.4951	117	29
-1.5028	129	29
-1.5512	133	29
-1.5062	129	29
-1.5045	140	29
-1.5103	138	29
-1.5041	109	29
-1.5013	136	29
-1.5058	126	29
-1.57	155	29
-1.559	113	29
-1.4996	122	29
-1.4875	130	29
-1.5016	121	29
-1.5024	106	29
-1.5114	117	29
-1.5166	140	29
-1.5104	153	29
-1.4972	150	29
-1.5059	139	29
-1.5062	117	29
-1.5321	118	29
-1.5076	136	29
-1.5034	139	29
-1.5087	120	29
-1.5643	98	29
-1.5632	133	29
-1.5007	157	29
-1.4988	155	29
-1.4987	125	29
-1.5024	147	29
-1.5084	135	29
-1.5584	153	29
-1.5121	136	29
-1.559	148	29
-1.4896	147	29
-1.4981	113	29
-1.5039	127	29
-1.5058	139	29
-1.4935	150	29
-1.5011	133	29
-1.5066	129	29
-1.5091	132	29
-1.5625	139	29
-1.5052	131	29
-1.547	117	29
-1.4932	133	29
-1.4978	130	29
-1.5026	158	29
-1.5012	159	29
-1.5566	128	29
-1.5005	118	29
-1.5036	132	29
-1.5666	125	29
-1.5126	132	29
-1.5489	126	29
-1.5409	121	29
-1.5005	136	29
-1.5067	120	29
-1.5073	138	29
-1.5376	132	29
-1.4975	115	29
-1.5576	142	29
-1.4928	139	29
-1.5574	133	29
-1.5058	160	29
-1.503	155	29
-1.502	125	29
-1.5551	134	29
-1.5253	141	29
-1.5611	118	29
-1.5101	138	29
-1.5019	133	29
-1.56	130	29
-1.5152	134	29
-1.5162	128	29
-1.4929	122	29
-1.5432	128	29
-1.5057	120	29
-1.5014	150	29
-1.4915	114	29
-1.5047	144	29
-1.5027	132	29
-1.5082	131	29
-1.5477	139	29
-1.5069	127	29
-1.5521	126	29
-1.5615	154	29
-1.5036	150	29
-1.5515	150	29
-1.5526	137	29
-1.5027	102	29
-1.5548	128	29
-1.5746	117	29
-1.5682	123	29
-1.5585	127	29
-1.5701	109	29
-1.5007	144	29
-1.5351	154	29
-1.4933	138	29
-1.5411	130	29
-1.5633	155	29
-1.5313	128	29
-1.5042	129	29
-1.5457	153	29
-1.501	113	29
-1.5172	106	29
-1.5628	149	29
-1.5401	151	29
-1.5011	146	29
-1.5048	106	29
-1.5096	128	29
-1.5031	155	29
-1.5074	149	29
-1.564	125	29
-1.5706	107	29
-1.5059	155	29
-1.494	137	29
-1.5561	115	29
-1.5728	140	29
-1.5079	152	29
-1.5685	137	29
-1.5045	133	29
-1.5605	113	29
-1.5158	159	29
-1.5014	130	29
-1.5039	131	29
-1.5038	124	29
-1.5443	121	29
-1.4984	123	29
-1.498	152	29
-1.51	122	29
-1.5391	137	29
-1.5051	138	29
-1.5016	138	29
-1.5599	122	29
-1.5065	126	29
-1.506	127	29
-1.5322	130	29
-1.5107	133	29
-1.5099	146	29
-1.4982	145	29
-1.5671	135	29
-1.506	155	29
-1.5625	131	29
-1.5434	128	29
-1.5097	140	29
-1.5065	122	29
-1.4985	159	29
-1.5617	145	29
-1.5014	129	29
-1.5231	129	29
-1.499	129	29
-1.5103	137	29
-1.496	125	29
-1.4956	136	29
-1.5626	134	29
-1.5004	134	29
-1.5626	150	29
-1.51	146	29
-1.5407	133	29
-1.5042	129	29
-1.5571	113	29
-1.511	139	29
-1.5024	126	29
-1.4923	151	29
-1.5669	127	29
-1.5327	147	29
-1.4946	116	29
-1.509	135	29
-1.5037	162	29
-1.5591	146	29
-1.5088	159	29
-1.5063	171	29
-1.5013	131	29
-1.496	131	29
-1.4992	123	29
-1.5286	141	29
-1.5038	124	29
-1.5003	139	29
-1.5632	129	29
-1.5086	160	29
-1.5064	136	29
-1.5028	133	29
-1.5092	125	29
-1.4999	123	29
-1.5482	126	29
-1.5593	107	29
-1.5019	117	29
-1.5011	138	29
-1.4999	116	29
-1.5031	115	29
-1.4978	139	29
-1.5014	123	29
-1.513	119	29
-1.5135	121	29
-1.5098	137	29
-1.5113	152	29
-1.5347	129	29
-1.4972	127	29
-1.494	123	29
-1.5056	153	29
-1.5076	125	29
-1.5013	138	29
-1.4904	175	29
-1.5054	129	29
-1.5105	139	29
-1.5084	147	29
-1.5054	119	29
-1.5054	131	29
-1.5167	134	29
-1.5463	143	29
-1.5302	130	29
-1.5227	126	29
-1.5032	141	29
-1.5062	125	29
-1.5066	138	29
-1.5051	122	29
-1.4998	133	29
-1.505	136	29
-1.5011	124	29
-1.5062	135	29
-1.5125	143	29
-1.5669	135	29
-1.513	124	29
-1.5014	136	29
-1.5532	143	29
-1.5604	145	29
-1.4979	144	29
-1.5088	125	29
-1.5555	120	29
-1.5	124	29
-1.5036	121	29
-1.5029	145	29
-1.5483	126	29
-1.5021	110	29
-1.5041	117	29
-1.5625	140	29
-1.5395	129	29
-1.4997	134	29
-1.5063	134	29
-1.5002	140	29
-1.5459	136	29
-1.5071	163	29
-1.5069	155	29
-1.5645	141	29
-1.5582	155	29
-1.5637	151	29
-1.5524	118	29
-1.5535	147	29
-1.4906	183	29
-1.509	145	29
-1.5031	123	29
-1.512	140	29
-1.5717	129	29
-1.5026	126	29
-1.5061	127	29
-1.5508	111	29
-1.4992	166	29
-1.5065	128	29
-1.5739	140	29
-1.5056	145	29
-1.5028	151	29
-1.56	114	29
-1.5672	111	29
-1.5087	137	29
-1.5059	156	29
-1.5065	127	29
-1.5113	155	29
-1.5062	129	29
-1.5045	124	29
-1.5093	126	29
-1.506	172	29
-1.4991	152	29
-1.5049	146	29
-1.5257	127	29
-1.543	138	29
-1.515	143	29
-1.4914	156	29
-1.5071	142	29
-1.514	157	29
-1.497	126	29
-1.5094	131	29
-1.5154	126	29
-1.4985	120	29
-1.5045	152	29
-1.5576	128	29
-1.5061	143	29
-1.5076	129	29
-1.4979	140	29
-1.5021	119	29
-1.525	156	29
-1.507	143	29
-1.5024	158	29
-1.5001	178	29
-1.5073	101	29
-1.5084	124	29
-1.4994	150	29
-1.5509	138	29
-1.5116	130	29
-1.4994	136	29
-1.5036	112	29
-1.5026	135	29
-1.5004	125	29
-1.5079	110	29
-1.566	124	29
-1.5155	134	29
-1.5602	122	29
-1.5642	125	29
-1.5544	128	29
-1.5471	139	29
-1.5044	132	29
-1.5579	138	29
-1.5485	142	29
-1.5001	115	29
-1.5157	137	29
-1.5039	126	29
-1.5492	131	29
-1.5616	115	29
-1.5644	138	29
-1.4989	138	29
-1.5582	108	29
-1.5457	110	29
-1.5027	127	29
-1.532	132	29
-1.5033	135	29
-1.5043	102	29
-1.5064	124	29
-1.5111	132	29
-1.5009	140	29
-1.512	111	29
-1.5106	138	29
-1.5055	145	29
-1.499	121	29
-1.5434	139	29
-1.527	121	29
-1.5015	144	29
-1.5541	142	29
-1.5078	142	29
-1.5119	145	29
-1.5001	144	29
-1.5022	96	29
-1.5203	151	29
-1.5052	125	29
-1.5752	126	29
-1.5556	120	29
-1.5566	148	29
-1.5575	102	29
-1.2493	148	29
-1.5109	122	29
-1.5046	118	29
-1.5478	132	29
-1.5112	138	29
-1.5121	120	29
-1.5063	127	29
-1.5576	108	29
-1.5479	112	29
-1.5285	149	29
-1.5057	157	29
-1.4987	143	29
-1.5594	133	29
-1.5412	124	29
-1.5028	143	29
-1.5296	131	29
-1.5216	137	29
-1.551	156	29
-1.5037	143	29
-1.5015	143	29
-1.5037	155	29
-1.5039	140	29
-1.5084	122	29
-1.5608	133	29
-1.5109	142	29
-1.5056	131	29
-1.5062	140	29
-1.5596	150	29
-1.5513	122	29
-1.511	124	29
-1.5038	150	29
-1.5053	121	29
-1.5015	130	29
-1.5012	138	29
-1.5037	125	29
-1.5324	111	29
-1.509	159	29
-1.4997	130	29
-1.5553	127	29
-1.5066	136	29
-1.4781	121	29
-1.5081	126	29
-1.5081	128	29
-1.5078	134	29
-1.5665	133	29
-1.5062	122	29
-1.5117	131	29
-1.5002	149	29
-1.5634	116	29
-1.5562	147	29
-1.5457	136	29
-1.5088	119	29
-1.5004	145	29
-1.5109	150	29
-1.496	138	29
-1.5027	129	29
-1.5126	137	29
-1.5549	147	29
-1.5027	142	29
-1.5154	123	29
-1.565	107	29
-1.5329	134	29
-1.497	169	29
-1.5007	147	29
-1.5568	117	29
-1.5078	129	29
-1.4948	159	29
-1.5082	113	29
-1.511	143	29
-1.5666	129	29
-1.497	152	29
-1.5472	137	29
-1.5001	123	29
-1.5001	128	29
-1.505	179	29
-1.5011	124	29
-1.5482	141	29
-1.5235	123	29
-1.5669	122	29
-1.504	124	29
-1.5416	95	29
-1.5014	144	29
-1.5574	140	29
-1.5119	135	29
-1.5147	141	29
-1.5492	133	29
-1.4902	152	29
-1.5599	147	29
-1.5076	150	29
-1.5436	112	29
-1.5087	99	29
-1.5509	142	29
-1.5663	146	29
-1.5048	119	29
-1.5481	120	29
-1.4999	140	29
-1.5039	149	29
-1.5058	151	29
-1.4976	144	29
-1.508	124	29
-1.5013	156	29
-1.559	134	29
-1.4979	140	29
-1.505	165	29
-1.4968	151	29
-1.5536	136	29
-1.5018	137	29
-1.5124	124	29
-1.5383	125	29
-1.5018	136	29
-1.503	134	29
-1.4998	111	29
-1.5556	108	29
-1.5066	126	29
-1.5435	132	29
-1.5603	141	29
-1.499	132	29
-1.5081	119	29
-1.4982	138	29
-1.522	151	29
-1.507	150	29
-1.4984	133	29
-1.5041	108	29
-1.5008	165	29
-1.5133	160	29
-1.537	147	29
-1.4994	148	29
-1.492	125	29
-1.5623	116	29
-1.5112	123	29
-1.5039	148	29
-1.5097	145	29
-1.5544	128	29
-1.4985	151	29
-1.4954	139	29
-1.5039	141	29
-1.5248	114	29
-1.5081	145	29
-1.5079	142	29
-1.4959	129	29
-1.5629	147	29
-1.5169	114	29
-1.5613	137	29
-1.5095	116	29
-1.5006	138	29
-1.5018	118	29
-1.4998	146	29
-1.4933	163	29
-1.5004	134	29
-1.5087	128	29
-1.5043	141	29
-1.562	122	29
-1.5529	107	29
-1.5064	140	29
-1.5548	126	29
-1.4986	119	29
-1.5098	108	29
-1.5085	149	29
-1.4962	124	29
-1.506	140	29
-1.5076	140	29
-1.4973	133	29
-1.5591	115	29
-1.5084	151	29
-1.5126	131	29
-1.5633	130	29
-1.5048	149	29
-1.5057	122	29
-1.5041	140	29
-1.5531	116	29
-1.5089	128	29
-1.5096	150	29
-1.5101	134	29
-1.5561	123	29
-1.5071	152	29
-1.4982	141	29
-1.5114	114	29
-1.556	138	29
-1.5044	136	29
-1.5003	125	29
-1.5268	138	29
-1.554	136	29
-1.504	132	29
-1.5556	140	29
-1.5242	128	29
-1.5401	159	29
-1.5731	133	29
-1.5107	119	29
-1.5023	160	29
-1.5072	129	29
-1.5663	130	29
-1.5017	136	29
-1.5682	119	29
-1.5036	112	29
-1.5095	138	29
-1.5031	161	29
-1.5011	123	29
-1.5036	112	29
-1.5017	107	29
-1.5506	121	29
-1.4964	130	29
-1.5034	116	29
-1.5506	121	29
-1.5331	123	29
-1.503	145	29
-1.5611	138	29
-1.5104	144	29
-1.5019	130	29
-1.5024	151	29
-1.5019	145	29
-1.5118	177	29
-1.503	124	29
-1.5113	129	29
-1.5212	122	29
-1.4989	145	29
-1.5517	113	29
-1.5531	123	29
-1.4969	125	29
-1.5676	118	29
-1.5269	124	29
-1.5472	119	29
-1.5675	138	29
-1.552	133	29
-1.5005	145	29
-1.5072	143	29
-1.498	134	29
-1.5043	139	29
-1.5465	150	29
-1.4979	143	29
-1.5557	109	29
-1.5025	149	29
-1.5002	146	29
-1.5098	140	29
-1.5541	118	29
-1.5103	142	29
-1.5035	123	29
-1.4941	155	29
-1.5243	140	29
-1.5676	155	29
-1.5035	110	29
-1.5396	130	29
-1.5164	147	29
-1.4871	145	29
-1.4938	128	29
-1.4935	145	29
-1.5645	123	29
-1.5063	141	29
-1.5101	164	29
-1.4988	126	29
-1.5093	141	29
-1.4954	152	29
-1.4987	148	29
-1.5059	139	29
-1.5063	158	29
-1.4963	152	29
-1.5066	130	29
-1.5057	145	29
-1.5467	137	29
-1.5043	125	29
-1.509	136	29
-1.5092	176	29
-1.499	94	29
-1.5088	115	29
-1.5032	160	29
-1.5071	140	29
-1.5525	102	29
-1.5565	145	29
-1.5071	128	29
-1.4999	97	29
-1.4921	120	29
-1.5585	134	29
-1.4886	148	29
-1.503	139	29
-1.5068	127	29
-1.4988	147	29
-1.5471	125	29
-1.5235	128	29
-1.5055	120	29
-1.5091	113	29
-1.5094	141	29
-1.5059	107	29
-1.5432	130	29
-1.5002	124	29
-1.5077	125	29
-1.5081	120	29
-1.5076	127	29
-1.5202	163	29
-1.5625	131	29
-1.505	127	29
-1.5048	127	29
-1.5369	139	29
-1.5632	111	29
-1.5408	129	29
-1.5492	130	29
-1.5571	136	29
-1.4973	147	29
-1.4912	135	29
-1.5086	111	29
-1.5075	113	29
-1.5177	149	29
-1.4998	129	29
-1.5611	149	29
-1.5023	120	29
-1.5505	135	29
-1.5513	125	29
-1.4994	128	29
-1.5004	130	29
-1.491	158	29
-1.5036	132	29
-1.4945	140	29
-1.4971	120	29
-1.4971	138	29
-1.4995	134	29
-1.5678	138	29
-1.5615	132	29
-1.5091	108	29
-1.5026	116	29
-1.4972	148	29
-1.5073	129	29
-1.5706	164	29
-1.4995	131	29
-1.4912	130	29
-1.5019	107	29
-1.5284	148	29
-1.5406	133	29
-1.5083	130	29
-1.5065	133	29
-1.5663	127	29
-1.502	125	29
-1.5645	148	29
-1.4937	126	29
-1.5387	117	29
-1.4993	158	29
-1.5613	132	29
-1.4953	145	29
-1.4968	143	29
-1.5567	146	29
-1.5587	128	29
-1.5021	130	29
-1.5021	130	29
-1.5147	139	29
-1.4938	136	29
-1.5061	124	29
-1.5043	129	29
-1.5085	131	29
-1.5093	94	29
-1.5525	118	29
-1.5123	117	29
-1.505	151	29
-1.56	152	29
-1.5045	141	29
-1.5108	131	29
-1.4997	139	29
-1.5076	135	29
-1.502	116	29
-1.5067	149	29
-1.5559	123	29
-1.5069	149	29
-1.4946	140	29
-1.504	125	29
-1.5687	125	29
-1.5024	119	29
-1.5023	125	29
-1.5022	157	29
-1.5043	139	29
-1.5023	154	29
-1.4958	121	29
-1.5626	128	29
-1.502	119	29
-1.5055	133	29
-1.4972	146	29
-1.5089	147	29
-1.528	130	29
-1.5003	136	29
-1.498	128	29
-1.5041	170	29
-1.4931	127	29
-1.5121	138	29
-1.5093	136	29
-1.5346	148	29
-1.5362	118	29
-1.5467	143	29
-1.5644	153	29
-1.5104	134	29
-1.5194	144	29
-1.498	115	29
-1.495	150	29
-1.5019	161	29
-1.5538	109	29
-1.5688	147	29
-1.5024	125	29
-1.5068	127	29
-1.4909	162	29
-1.5609	143	29
-1.5023	150	29
-1.5073	125	29
-1.558	151	29
-1.5084	143	29
-1.5668	124	29
-1.5036	135	29
-1.4918	137	29
-1.5067	121	29
-1.4967	147	29
-1.5079	127	29
-1.498	121	29
-1.5044	154	29
-1.506	115	29
-1.5017	144	29
-1.4968	157	29
-1.5091	132	29
-1.5045	137	29
-1.488	141	29
-1.5548	127	29
-1.4933	128	29
-1.4968	134	29
-1.5043	142	29
-1.5065	135	29
-1.5036	126	29
-1.5035	150	29
-1.5292	156	29
-1.5495	110	29
-1.5724	132	29
-1.4968	150	29
-1.5383	140	29
-1.5432	145	29
-1.4984	111	29
-1.4952	129	29
-1.5046	163	29
-1.4911	147	29
-1.4925	140	29
-1.5179	123	29
-1.4962	138	29
-1.4987	141	29
-1.5017	148	29
-1.506	128	29
-1.5051	110	29
-1.4982	163	29
-1.5071	146	29
-1.4978	132	29
-1.4931	146	29
-1.5534	137	29
-1.5134	174	29
-1.5047	138	29
-1.4976	142	29
-1.5064	122	29
-1.5413	129	29
-1.5481	138	29
-1.5051	115	29
-1.5003	121	29
-1.536	130	29
-1.4923	147	29
-1.5651	111	29
-1.5138	134	29
-1.5717	125	29
-1.4927	117	29
-1.4948	124	29
-1.4982	135	29
-1.5008	159	29
-1.4807	128	29
-1.502	112	29
-1.4966	124	29
-1.5029	127	29
-1.5712	159	29
-1.5043	111	29
-1.5563	120	29
-1.5617	134	29
-1.5006	143	29
-1.5499	106	29
-1.5039	149	29
-1.5037	135	29
-1.5082	145	29
-1.5004	149	29
-1.5209	135	29
-1.488	134	29
-1.5044	131	29
-1.5196	148	29
-0.9	160	29
-1.5548	126	29
-1.5073	137	29
-1.5635	119	29
-1.4982	147	29
-1.5024	115	29
-1.5419	117	29
-1.5039	107	29
-1.5035	157	29
-1.5069	130	29
-1.5149	135	29
-1.5032	126	29
-1.5068	123	29
-1.5019	135	29
-1.5052	112	29
-1.5586	131	29
-1.5605	133	29
-1.4927	143	29
-1.5383	139	29
-1.505	128	29
-1.5557	133	29
-1.5691	126	29
-1.4995	134	29
-1.504	134	29
-1.5032	151	29
-1.5429	117	29
-1.4997	129	29
-1.4903	145	29
-1.5658	142	29
-1.5678	128	29
-1.5553	124	29
-1.5488	149	29
-1.5037	137	29
-1.5409	93	29
-1.5366	147	29
-1.5562	137	29
-1.4926	141	29
-1.5583	122	29
-1.491	127	29
-1.5092	134	29
-1.5008	138	29
-1.5099	148	29
-1.5327	139	29
-1.5059	117	29
-1.5654	118	29
-1.5101	107	29
-1.5064	129	29
-1.5686	139	29
-1.5672	113	29
-1.5051	123	29
-1.578	145	29
-1.5665	140	29
-1.5039	148	29
-1.5337	127	29
-1.5033	114	29
-1.5084	126	29
-1.5003	132	29
-1.5028	128	29
-1.4993	118	29
-1.5267	105	29
-1.5002	142	29
-1.4981	117	29
-1.507	122	29
-1.5499	101	29
-1.503	133	29
-1.5053	126	29
-1.5065	112	29
-1.567	134	29
-1.502	153	29
-1.5068	131	29
-1.5007	129	29
-1.5312	139	29
-1.5556	142	29
-1.5088	118	29
-1.5045	145	29
-1.5469	154	29
-1.5073	133	29
-1.5042	131	29
-1.4942	137	29
-1.4948	127	29
-1.4883	130	29
-1.5463	130	29
-1.4948	134	29
-1.5521	129	29
-1.5042	147	29
-1.5074	146	29
-1.5083	122	29
-1.5014	121	29
-1.5084	121	29
-1.5038	140	29
-1.5644	130	29
-1.5089	142	29
-1.5193	127	29
-1.529	145	29
-1.501	143	29
-1.501	149	29
-1.4928	136	29
-1.5041	129	29
-1.4931	113	29
-1.4939	140	29
-1.5079	135	29
-1.5266	143	29
-1.5062	130	29
-1.5091	133	29
-1.5562	125	29
-1.5029	134	29
-1.505	134	29
-1.5497	166	29
-1.4966	140	29
-1.4929	136	29
-1.5211	132	29
-1.5134	126	29
-1.4973	124	29
-1.51	153	29
-1.5119	122	29
-1.5215	134	29
-1.5177	137	29
-1.5676	123	29
-1.5032	144	29
-1.5445	151	29
-1.5728	103	29
-1.4925	152	29
-1.4991	151	29
-1.5064	133	29
-1.573	131	29
-1.5094	137	29
-1.5075	146	29
-1.5024	120	29
-1.5569	157	29
-1.5043	115	29
-1.5551	147	29
-1.5061	134	29
-1.5	147	29
-1.5698	134	29
-1.4979	149	29
-1.5042	120	29
-1.5029	174	29
-1.5346	139	29
-1.5026	139	29
-1.5217	137	29
-1.5049	138	29
-1.5175	135	29
-1.505	125	29
-1.5636	129	29
-1.5457	150	29
-1.5081	120	29
-1.5094	117	29
-1.5057	150	29
-1.5582	133	29
-1.5004	144	29
-1.507	143	29
-1.5665	153	29
-1.5011	132	29
-1.5342	122	29
-1.5687	132	29
-1.5121	144	29
-1.4985	134	29
-1.4996	126	29
-1.5074	141	29
-1.5292	138	29
-1.5055	122	29
-1.5007	131	29
-1.5063	149	29
-1.5056	146	29
-1.5062	119	29
-1.5667	131	29
-1.541	132	29
-1.505	122	29
-1.5149	145	29
-1.1756	133	29
-1.505	141	29
-1.5437	160	29
-1.5665	119	29
-1.2718	146	29
-1.5094	114	29
-1.5615	119	29
-1.5021	139	29
-1.5045	122	29
-1.5075	144	29
-1.5542	112	29
-1.5239	157	29
-1.5679	132	29
-1.507	160	29
-1.5064	143	29
-1.5041	126	29
-1.4942	156	29
-1.5049	130	29
-1.5034	146	29
-1.5059	174	29
-1.5048	130	29
-1.5355	142	29
-1.5161	141	29
-1.5087	142	29
-1.5142	133	29
-1.5073	143	29
-1.5038	150	29
-1.4983	120	29
-1.4957	124	29
-1.5108	127	29
-1.5051	128	29
-1.5091	117	29
-1.5454	131	29
-1.5045	136	29
-1.5015	148	29
-1.5519	134	29
-1.5351	115	29
-1.5192	133	29
-1.5106	134	29
-1.4996	152	29
-1.5373	138	29
-1.507	157	29
-1.5063	118	29
-1.5013	147	29
-1.5002	125	29
-1.5144	144	29
-1.5642	134	29
-1.5	130	29
-1.5352	131	29
-1.5574	129	29
-1.5613	125	29
-1.571	137	29
-1.4907	143	29
-1.5045	135	29
-1.5041	149	29
-1.5089	126	29
-1.548	108	29
-1.5587	136	29
-1.5008	136	29
-1.5596	121	29
-1.5526	127	29
-1.5657	127	29
-1.5035	129	29
-1.4991	121	29
-1.5069	128	29
-1.5532	126	29
-1.5089	139	29
-1.502	126	29
-1.5149	145	29
-1.5072	136	29
-1.5071	133	29
-1.5102	134	29
-1.505	129	29
-1.5578	131	29
-1.5031	138	29
-1.5081	128	29
-1.4999	136	29
-1.5071	122	29
-1.4994	123	29
-1.5666	110	29
-1.4959	152	29
-1.5657	154	29
-1.5054	114	29
-1.4967	127	29
-1.5686	104	29
-1.5123	137	29
-1.5082	145	29
-1.502	139	29
-1.5043	144	29
-1.5625	126	29
-1.5064	126	29
-1.4961	136	29
-1.5738	142	29
-1.4986	130	29
-1.5011	119	29
-1.5103	135	29
-1.4996	149	29
-1.4895	125	29
-1.5047	121	29
-1.5031	133	29
-1.5079	140	29
-1.5441	135	29
-1.5155	136	29
-1.5055	111	29
-1.507	155	29
-1.5053	173	29
-1.5033	121	29
-1.535	132	29
-1.5031	134	29
-1.5012	141	29
-1.5038	135	29
-1.5084	111	29
-1.5039	128	29
-1.5043	110	29
-1.5028	151	29
-1.5142	143	29
-1.5079	126	29
-1.5001	113	29
-1.4961	140	29
-1.505	127	29
-1.5001	129	29
-1.5106	124	29
-1.5044	143	29
-1.5276	162	29
-1.5282	128	29
-1.5039	121	29
-1.5014	149	29
-1.562	147	29
-1.4989	163	29
-1.5026	113	29
-1.4987	119	29
-0.0209	96	29
-1.5677	125	29
-1.5082	113	29
-1.5046	136	29
-1.5012	122	29
-1.5039	139	29
-1.5039	121	29
-1.5018	142	29
-1.5007	129	29
-1.5056	125	29
-1.5069	142	29
-1.5212	149	29
-1.4999	155	29
-1.5007	131	29
-1.5025	143	29
-1.5005	139	29
-1.499	137	29
-1.5204	116	29
-1.5058	135	29
-1.5511	146	29
-1.4957	121	29
-1.4989	129	29
-1.5315	127	29
-1.5002	146	29
-1.5102	142	29
-1.4869	134	29
-1.5249	143	29
-1.5099	134	29
-1.5566	106	29
-1.5032	132	29
-1.567	127	29
-1.5074	141	29
-1.5608	143	29
-1.5628	140	29
-1.5025	119	29
-1.5136	132	29
-1.5467	123	29
-1.5627	122	29
-1.5025	149	29
-1.5029	132	29
-1.4988	119	29
-1.5001	145	29
-1.5076	148	29
-1.5079	102	29
-1.4965	147	29
-1.5624	122	29
-1.4996	137	29
-1.5039	139	29
-1.5033	121	29
-1.5129	125	29
-1.5568	117	29
-1.4962	131	29
-1.5052	158	29
-1.5409	105	29
-1.4974	158	29
-1.4943	147	29
-1.5036	137	29
-1.5116	125	29
-1.5099	122	29
-1.5047	133	29
-1.4977	146	29
-1.5068	133	29
-1.4983	137	29
-1.5551	119	29
-1.4967	149	29
-1.5029	149	29
-1.5033	128	29
-1.528	98	29
-1.4975	132	29
-1.5033	158	29
-1.5005	137	29
-1.5003	121	29
-1.5578	129	29
-1.5032	147	29
-1.5047	126	29
-1.5594	121	29
-1.4969	156	29
-1.5067	117	29
-1.5527	150	29
-1.5623	125	29
-1.4992	124	29
-1.5398	128	29
-1.5102	154	29
-1.5079	133	29
-1.5047	135	29
-1.5115	122	29
-1.5066	136	29
-1.5035	144	29
-1.5428	103	29
-1.5006	143	29
-1.5652	134	29
-1.5112	117	29
-1.4958	141	29
-1.5642	149	29
-1.5596	139	29
-1.5066	132	29
-1.5067	131	29
-1.559	121	29
-1.5071	149	29
-1.5004	149	29
-1.4993	118	29
-1.5055	142	29
-1.5653	129	29
-1.5638	142	29
-1.5553	122	29
-1.5053	138	29
-1.5623	129	29
-1.5053	138	29
-1.5117	148	29
-1.5639	127	29
-1.5583	148	29
-1.5076	132	29
-1.5062	130	29
-1.504	142	29
-1.5022	123	29
-1.5081	128	29
-1.5038	143	29
-1.5087	129	29
-1.5	152	29
-1.4966	139	29
-1.5085	113	29
-1.5308	121	29
-1.4925	123	29
-1.4976	116	29
-1.5027	108	29
-1.5293	143	29
-1.5577	125	29
-1.5001	141	29
-1.5033	148	29
-1.5089	116	29
-1.5014	149	29
-1.5697	120	29
-1.5626	131	29
-1.5036	119	29
-1.5093	138	29
-1.5489	131	29
-1.508	130	29
-1.5079	110	29
-1.5065	130	29
-1.4929	139	29
-1.4957	122	29
-1.5113	137	29
-1.501	155	29
-1.5586	126	29
-1.5036	122	29
-1.5088	129	29
-1.5041	135	29
-1.5048	132	29
-1.5501	109	29
-1.0247	127	29
-1.5035	124	29
-1.4957	132	29
-1.501	137	29
-1.5027	132	29
-1.4913	127	29
-1.4917	155	29
-1.512	128	29
-1.5617	132	29
-1.5084	151	29
-1.5004	123	29
-1.5039	136	29
-1.5596	145	29
-1.5007	128	29
-1.4925	144	29
-1.5043	135	29
-1.5141	127	29
-1.546	141	29
-1.4966	135	29
-1.5002	141	29
-1.4953	144	29
-1.504	174	29
-1.5006	123	29
-1.4971	149	29
-1.4985	161	29
-1.5553	136	29
-1.545	160	29
-1.5274	148	29
-1.5466	109	29
-1.5038	136	29
-1.5183	134	29
-1.5065	134	29
-1.5036	131	29
-1.5091	154	29
-1.5172	142	29
-1.5207	149	29
-1.5043	125	29
-1.4957	147	29
-1.4949	146	29
-1.5687	121	29
-1.499	127	29
-1.5066	149	29
-1.5011	156	29
-1.4984	133	29
-1.501	130	29
-1.4972	138	29
-1.5473	115	29
-1.5116	117	29
-1.5672	118	29
-1.5327	130	29
-1.5064	129	29
-1.5577	120	29
-1.5085	108	29
-1.552	149	29
-1.4993	139	29
-1.5653	117	29
-1.504	125	29
-1.5578	114	29
-1.519	130	29
-1.5024	99	29
-1.5019	117	29
-1.496	112	29
-1.5457	128	29
-1.506	140	29
-1.5092	129	29
-1.5618	118	29
-1.5624	126	29
-1.5026	160	29
-1.5131	134	29
-1.5498	121	29
-1.5061	153	29
-1.5612	151	29
-1.5027	127	29
-1.5151	144	29
-1.5082	134	29
-1.5643	137	29
-1.5078	138	29
-1.562	135	29
-1.5036	142	29
-1.5009	155	29
-1.5088	111	29
-1.5507	127	29
-1.503	144	29
-1.504	129	29
-1.5063	131	29
-1.5517	122	29
-1.5071	144	29
-1.5046	124	29
-1.5071	150	29
-1.5024	125	29
-1.504	156	29
-1.5366	138	29
-1.4984	143	29
-1.5571	128	29
-1.5311	134	29
-1.5062	136	29
-1.5635	166	29
-1.499	135	29
-1.4922	144	29
-1.5091	147	29
-1.4966	126	29
-1.504	116	29
-1.5701	112	29
-1.5075	133	29
-1.5048	156	29
-1.5727	97	29
-1.5078	127	29
-1.5611	108	29
-1.5034	136	29
-1.4929	146	29
-1.5059	108	29
-1.5118	116	29
-1.511	128	29
-1.5515	127	29
-1.5382	120	29
-1.5577	124	29
-1.5055	141	29
-1.498	144	29
-1.5068	121	29
-1.5087	140	29
-1.5036	140	29
-1.5698	127	29
-1.5008	140	29
-1.4936	127	29
-1.5055	136	29
-1.5109	120	29
-1.543	129	29
-1.5727	133	29
-1.5035	119	29
-1.4999	183	29
-1.5104	152	29
-1.5626	132	29
-1.496	142	29
-1.5714	114	29
-1.5034	130	29
-1.5105	126	29
-1.5517	126	29
-1.5079	129	29
-1.5024	136	29
-1.5116	116	29
-1.5426	118	29
-1.4995	131	29
-1.5551	99	29
-1.4983	116	29
-1.5131	142	29
-1.54	138	29
-1.5064	153	29
-1.5014	115	29
-1.5051	135	29
-1.5079	136	29
-1.5561	127	29
-1.5547	158	29
-1.4993	149	29
-1.4918	128	29
-1.5011	150	29
-1.5633	123	29
-1.5114	133	29
-1.5625	141	29
-1.4949	151	29
-1.5041	141	29
-1.5064	134	29
-1.5024	128	29
-1.5087	141	29
-1.5527	147	29
-1.5103	136	29
-1.5042	129	29
-1.4922	145	29
-1.5631	157	29
-1.5029	146	29
-1.5377	123	29
-1.5469	121	29
-1.5051	135	29
-1.5429	130	29
-1.5005	122	29
-1.5554	133	29
-1.5584	112	29
-1.5033	145	29
-1.5045	129	29
-1.5035	131	29
-1.51	156	29
-1.5026	135	29
-1.5008	123	29
-1.5341	145	29
-1.5096	134	29
-1.5116	129	29
-1.4995	132	29
-1.5296	149	29
-1.5267	160	29
-1.4971	120	29
-1.5063	130	29
-1.5362	134	29
-1.4914	171	29
-1.4987	124	29
-1.505	133	29
-1.5326	148	29
-1.4971	175	29
-1.4972	116	29
-1.5044	141	29
-1.5562	129	29
-1.5089	133	29
-1.4956	135	29
-1.5581	136	29
-1.5721	136	29
-1.5057	138	29
-1.4991	132	29
-1.4999	128	29
-1.506	115	29
-1.5055	149	29
-1.4973	126	29
-1.4953	156	29
-1.5048	136	29
-1.5027	139	29
-1.5034	118	29
-1.5614	111	29
-1.5399	132	29
-1.5011	141	29
-1.5429	124	29
-1.5056	113	29
-1.5498	124	29
-1.5372	143	29
-1.4982	126	29
-1.5011	140	29
-1.5058	115	29
-1.5018	131	29
-1.5522	152	29
-1.5412	138	29
-1.4922	123	29
-1.5016	152	29
-1.4935	145	29
-1.5032	144	29
-1.5515	126	29
-1.5042	123	29
-1.4973	114	29
-1.5088	127	29
-1.5051	152	29
-1.5255	128	29
-1.504	121	29
-1.498	145	29
-1.5045	140	29
-1.5279	145	29
-1.5077	131	29
-1.5601	142	29
-1.5629	136	29
-1.5079	137	29
-1.5042	147	29
-1.5021	136	29
-1.5025	156	29
-1.5068	142	29
-1.5184	99	29
-1.5083	122	29
-1.5036	124	29
-1.5033	132	29
-1.5034	141	29
-1.5538	132	29
-1.5041	142	29
-1.5045	145	29
-1.5066	142	29
-1.5429	134	29
-1.5574	113	29
-1.5218	160	29
-1.5025	148	29
-1.5043	145	29
-1.5238	140	29
-1.4999	137	29
-1.5066	132	29
-1.5045	146	29
-1.5525	106	29
-1.5015	130	29
-1.507	149	29
-1.5009	129	29
-1.5009	143	29
-1.5121	120	29
-1.5074	150	29
-1.5037	151	29
-1.5478	122	29
-1.5077	130	29
-1.4939	144	29
-1.5214	122	29
-1.5052	133	29
-1.5471	142	29
-1.4986	131	29
-1.561	120	29
-1.5002	155	29
-1.5138	116	29
-1.505	165	29
-0.9731	121	29
-1.5045	138	29
-1.4981	118	29
-1.5375	130	29
-1.498	149	29
-1.5094	148	29
-1.5043	147	29
-1.5129	129	29
-1.5577	129	29
-1.5262	150	29
-1.5512	130	29
-1.5412	150	29
-1.5076	132	29
-1.5027	136	29
-1.5053	123	29
-1.526	124	29
-1.501	133	29
-1.5013	121	29
-1.5056	122	29
-1.5101	128	29
-1.5387	135	29
-1.509	120	29
-1.5618	125	29
-1.5484	167	29
-1.5525	128	29
-1.5351	143	29
-1.502	129	29
-1.495	149	29
-1.501	128	29
-1.5313	144	29
-1.5056	129	29
-1.5475	114	29
-1.5703	128	29
-1.4992	143	29
-1.5056	162	29
-1.5096	135	29
-1.5158	114	29
-1.5663	106	29
-1.5103	125	29
-1.5549	151	29
-1.5622	119	29
-1.5068	133	29
-1.5053	159	29
-1.5553	115	29
-1.5538	133	29
-1.5259	151	29
-1.5024	136	29
-1.5017	150	29
-1.5062	128	29
-1.5097	129	29
-1.5642	146	29
-1.4951	119	29
-1.5092	126	29
-1.5118	98	29
-1.5113	132	29
-1.4997	144	29
-1.5095	121	29
-1.5589	148	29
-1.5055	157	29
-1.5505	146	29
-1.5087	158	29
-1.5197	146	29
-1.4976	122	29
-1.5051	123	29
-1.5025	102	29
-1.5326	153	29
-1.4953	163	29
-1.497	142	29
-1.5587	154	29
-1.4908	128	29
-1.5095	128	29
-1.5015	135	29
-1.5605	125	29
-1.5461	119	29
-1.5044	135	29
-1.5552	141	29
-1.5066	139	29
-1.4997	121	29
-1.5022	136	29
-1.5057	132	29
-1.5083	121	29
-1.5182	150	29
-1.5079	125	29
-1.5042	135	29
-1.4992	137	29
-1.5105	138	29
-1.4962	140	29
-1.509	158	29
-1.5143	147	29
-1.4994	138	29
-1.5102	131	29
-1.5125	130	29
-1.4978	147	29
-1.51	111	29
-1.5012	153	29
-1.5046	139	29
-1.556	147	29
-1.503	140	29
-1.5582	140	29
-1.5387	142	29
-1.5383	143	29
-1.4979	135	29
-1.4982	138	29
-1.5043	147	29
-1.4951	142	29
-1.4963	146	29
-1.5419	107	29
-1.5549	111	29
-1.5779	124	29
-1.5072	124	29
-1.5323	108	29
-1.5099	138	29
-1.5207	143	29
-1.5021	119	29
-1.5047	134	29
-1.4958	145	29
-1.558	155	29
-1.5034	146	29
-1.4985	133	29
-1.5533	133	29
-1.5452	140	29
-1.5078	128	29
-1.5029	116	29
-1.4991	152	29
-1.5513	134	29
-1.5041	128	29
-1.4963	143	29
-1.527	133	29
-1.5045	129	29
-1.5016	136	29
-1.5064	157	29
-1.4957	113	29
-1.4992	144	29
-1.4978	144	29
-1.5556	163	29
-1.5228	149	29
-1.5559	112	29
-1.5091	132	29
-1.4988	161	29
-1.5291	174	29
-1.5195	117	29
-1.5687	154	29
-1.5613	121	29
-1.5597	122	29
-1.5066	132	29
-1.5478	143	29
-1.4988	156	29
-1.5584	125	29
-1.5316	115	29
-1.5029	133	29
-1.4926	141	29
-1.5039	121	29
-1.4996	119	29
-1.5622	121	29
-1.5277	137	29
-1.5154	131	29
-1.5628	137	29
-1.5508	119	29
-1.5527	149	29
-1.5049	139	29
-1.5042	137	29
-1.5453	114	29
-1.5332	145	29
-1.515	123	29
-1.5432	111	29
-1.5624	106	29
-1.5093	139	29
-1.4973	152	29
-1.5035	136	29
-1.5613	128	29
-1.5473	147	29
-1.5005	153	29
-1.5122	132	29
-1.5057	133	29
-1.5614	116	29
-1.4978	120	29
-1.4958	133	29
-1.5063	125	29
-1.5584	116	29
-1.5615	176	29
-1.5659	138	29
-1.5016	149	29
-1.5036	128	29
-1.5024	127	29
-1.5342	120	29
-1.5434	136	29
-1.4974	145	29
-1.5692	147	29
-1.5028	118	29
-1.5094	136	29
-1.5034	151	29
-1.5002	126	29
-1.5064	137	29
-1.4821	137	29
-1.5662	124	29
-1.527	137	29
-1.4938	129	29
-1.5642	133	29
-1.5024	149	29
-1.5061	151	29
-1.5018	140	29
-1.5055	123	29
-1.5133	137	29
-1.4992	153	29
-1.4976	130	29
-1.5488	112	29
-1.5036	118	29
-1.5462	134	29
-1.5727	114	29
-1.4958	137	29
-1.505	123	29
-1.4911	138	29
-1.5033	117	29
-1.5677	163	29
-1.5064	130	29
-1.5316	135	29
-1.5607	115	29
-1.5571	125	29
-1.5669	115	29
-1.498	143	29
-1.5014	131	29
-1.4988	123	29
-1.4871	133	29
-1.508	112	29
-1.5579	124	29
-1.5082	135	29
-1.5611	124	29
-1.4981	149	29
-1.4979	139	29
-1.493	140	29
-1.4997	139	29
-1.5105	128	29
-1.5023	138	29
-1.519	136	29
-1.4866	139	29
-1.4933	152	29
-1.5479	115	29
-1.5012	141	29
-1.495	144	29
-1.5528	151	29
-1.5051	153	29
-1.5206	128	29
-1.5434	145	29
-1.5013	136	29
-1.5654	136	29
-1.5056	153	29
-1.5038	150	29
-1.5616	111	29
-1.4963	133	29
-1.497	128	29
-1.5018	126	29
-1.5238	123	29
-1.5044	146	29
-1.5555	158	29
-1.5642	118	29
-1.5657	113	29
-1.5018	133	29
-1.5624	119	29
-1.5048	135	29
-1.5304	161	29
-1.5007	153	29
-1.5014	128	29
-1.562	128	29
-1.5126	136	29
-1.5038	140	29
-1.5103	138	29
-1.5621	128	29
-1.5026	127	29
-1.4991	137	29
-1.504	144	29
-1.532	141	29
-1.4922	144	29
-1.5064	148	29
-1.5037	137	29
-1.5036	126	29
-1.5076	131	29
-1.4987	153	29
-1.5324	136	29
-1.502	122	29
-1.5551	112	29
-1.4976	135	29
-1.5501	138	29
-1.5641	136	29
-1.4984	133	29
-1.503	124	29
-1.5031	110	29
-1.5525	144	29
-1.5064	145	29
-1.5138	111	29
-1.5049	138	29
-1.5007	147	29
-1.5016	139	29
-1.4929	134	29
-1.5669	127	29
-1.5092	139	29
-1.5602	131	29
-1.4994	122	29
-1.5055	122	29
-1.5093	121	29
-1.5035	139	29
-1.5648	131	29
-1.5042	139	29
-1.4973	161	29
-1.4967	130	29
-1.5567	177	29
-1.5077	133	29
-1.4968	114	29
-1.5058	140	29
-1.5191	120	29
-1.4964	143	29
-1.499	133	29
-1.5083	143	29
-1.4963	136	29
-1.4971	134	29
-1.4979	144	29
-1.5025	127	29
-1.5681	128	29
-1.5093	147	29
-1.5033	139	29
-1.4956	143	29
-1.5042	132	29
-1.5312	139	29
-1.4989	104	29
-1.5076	154	29
-1.4969	147	29
-1.5165	128	29
-1.5037	126	29
-1.5106	151	29
-1.5076	125	29
-1.5041	135	29
-1.5134	161	29
-1.5064	132	29
-1.5013	119	29
-1.5042	127	29
-1.531	124	29
-1.5028	161	29
-1.5081	166	29
-1.5706	130	29
-1.5015	134	29
-1.5739	126	29
-1.4972	129	29
-1.5275	168	29
-1.4978	128	29
-1.5021	119	29
-1.5512	108	29
-1.5084	124	29
-1.5372	121	29
-1.5732	114	29
-1.5066	124	29
-1.4941	138	29
-1.4281	89	29
-1.5039	111	29
-1.498	133	29
-1.5336	129	29
-1.5029	149	29
-1.4988	117	29
-1.4954	118	29
-1.5657	121	29
-1.4997	135	29
-1.504	136	29
-1.5065	146	29
-1.5056	128	29
-1.5685	121	29
-1.5656	132	29
-1.505	133	29
-1.5612	119	29
-1.5227	131	29
-1.5019	161	29
-1.5025	114	29
-1.5007	122	29
-1.502	148	29
-1.5516	134	29
-1.5092	143	29
-1.5066	120	29
-1.5556	137	29
-1.5073	135	29
-1.5575	124	29
-1.5497	162	29
-1.5584	129	29
-1.4926	138	29
-1.5713	136	29
-1.5089	124	29
-1.4953	137	29
-1.4974	128	29
-1.5551	107	29
-1.5215	160	29
-1.5756	129	29
-1.5017	123	29
-1.5066	130	29
-1.5087	121	29
-1.5667	148	29
-1.5398	124	29
-1.5041	136	29
-1.5011	141	29
-1.569	115	29
-1.559	124	29
-1.5092	139	29
-1.5007	109	29
-1.5284	131	29
-1.5075	142	29
-1.4975	139	29
-1.5673	110	29
-1.4957	141	29
-1.5037	155	29
-1.5379	128	29
-1.5603	93	29
-1.504	137	29
-1.5006	143	29
-1.5079	159	29
-1.5033	119	29
-1.5009	136	29
-1.5044	121	29
-1.5311	114	29
-1.5673	142	29
-1.5632	114	29
-1.539	124	29
-1.504	130	29
-1.5071	149	29
-1.5089	139	29
-1.509	119	29
-1.5074	119	29
-1.5034	110	29
-1.491	149	29
-1.5694	143	29
-1.5672	122	29
-1.5639	141	29
-1.5034	134	29
-1.5532	122	29
-1.5576	124	29
-1.5053	138	29
-1.5672	147	29
-1.5041	141	29
-1.4968	152	29
-1.4987	136	29
-1.505	128	29
-1.557	124	29
-1.495	148	29
-1.4978	128	29
-1.5061	152	29
-1.5013	120	29
-1.5587	122	29
-1.5476	118	29
-1.5113	124	29
-1.5042	123	29
-1.5083	132	29
-1.5353	141	29
-1.5032	138	29
-1.4965	118	29
-1.5452	123	29
-1.5017	134	29
-1.506	142	29
-1.5062	150	29
-1.5326	145	29
-1.5598	160	29
-1.5054	121	29
-1.5005	150	29
-1.5649	111	29
-1.5019	136	29
-1.4947	142	29
-1.53	136	29
-1.5654	126	29
-1.5417	106	29
-1.5684	142	29
-1.5044	120	29
-1.5046	119	29
-1.5015	103	29
-1.4991	142	29
-1.4967	142	29
-1.5063	131	29
-1.513	160	29
-1.5045	135	29
-1.5592	105	29
-1.5006	127	29
-1.5071	116	29
-1.5014	161	29
-1.5043	143	29
-1.5044	153	29
-1.556	125	29
-1.5121	153	29
-1.5666	129	29
-1.5649	132	29
-1.5044	132	29
-1.5095	132	29
-1.5068	135	29
-1.5009	125	29
-1.559	144	29
-1.4982	149	29
-1.504	122	29
-1.509	136	29
-1.5094	131	29
-1.5398	126	29
-1.5017	129	29
-1.5537	146	29
-1.5073	141	29
-1.5148	131	29
-1.5001	145	29
-1.5553	108	29
-1.5048	98	29
-1.538	108	29
-1.5299	146	29
-1.523	131	29
-1.5095	121	29
-1.5051	143	29
-1.5526	151	29
-1.5073	125	29
-1.4996	144	29
-1.5262	161	29
-1.5101	129	29
-1.5102	105	29
-1.5681	118	29
-1.5041	132	29
-1.507	134	29
-1.5559	138	29
-1.5075	124	29
-1.5525	139	29
-1.5036	167	29
-1.4987	139	29
-1.5037	121	29
-1.5425	119	29
-1.5316	138	29
-1.5694	98	29
-1.5147	140	29
-1.5052	134	29
-1.5054	143	29
-1.5545	124	29
-1.5559	104	29
-1.5663	103	29
-1.5539	127	29
-1.5462	131	29
-1.5019	149	29
-1.5045	121	29
-1.5059	144	29
-1.4991	126	29
-1.5482	146	29
-1.55	137	29
-1.5026	141	29
-1.5078	115	29
-1.513	173	29
-1.5036	125	29
-1.5231	136	29
-1.5125	127	29
-1.5066	126	29
-1.5203	138	29
-1.4994	136	29
-1.5616	127	29
-1.5519	136	29
-1.501	128	29
-1.5063	125	29
-1.5262	138	29
-1.5136	153	29
-1.4938	129	29
-1.5029	144	29
-1.5718	124	29
-1.5459	99	29
-1.5656	106	29
-1.5113	141	29
-1.501	132	29
-1.5021	131	29
-1.4975	133	29
-1.57	142	29
-1.5059	129	29
-1.511	123	29
-1.5386	124	29
-1.4989	110	29
-1.4964	161	29
-1.5181	144	29
-1.5001	132	29
-1.553	140	29
-1.5608	143	29
-1.5062	149	29
-1.5093	155	29
-1.5111	114	29
-1.5476	131	29
-1.5606	128	29
-1.5022	126	29
-1.4904	146	29
-1.5089	144	29
-1.5632	136	29
-1.4972	130	29
-1.5703	95	29
-1.4933	151	29
-1.5065	162	29
-1.5006	134	29
-1.4827	112	29
-1.4938	153	29
-1.559	146	29
-1.4962	132	29
-1.5475	147	29
-1.5015	129	29
-1.5457	123	29
-1.5022	133	29
-1.5032	140	29
-1.5656	141	29
-1.5041	126	29
-1.4989	140	29
-1.4989	141	29
-1.5125	136	29
-1.5017	127	29
-1.506	141	29
-1.5019	139	29
-1.5041	138	29
-1.498	146	29
-1.5626	92	29
-1.5045	141	29
-1.495	144	29
-1.565	141	29
-1.5422	142	29
-1.5054	134	29
-1.5573	145	29
-1.5009	131	29
-1.4991	145	29
-1.5619	135	29
-1.5052	128	29
-1.5097	141	29
-1.5112	118	29
-1.5442	124	29
-1.5047	145	29
-1.504	118	29
-1.5088	143	29
-1.5278	129	29
-1.4996	117	29
-1.5039	160	29
-1.5068	154	29
-1.5621	144	29
-1.5006	120	29
-1.5526	150	29
-1.4947	147	29
-1.5143	144	29
-1.4931	140	29
-1.5043	114	29
-1.5572	102	29
-1.5031	103	29
-1.507	130	29
-1.4903	120	29
-1.5149	131	29
-1.5014	148	29
-1.5005	138	29
-1.5619	138	29
-1.514	127	29
-1.5055	134	29
-1.5	129	29
-1.556	129	29
-1.4995	132	29
-1.5123	131	29
-1.5031	119	29
-1.5244	138	29
-1.5022	124	29
-1.5048	112	29
-1.5067	126	29
-1.5055	164	29
-1.5071	132	29
-1.4921	120	29
-1.5104	161	29
-1.5164	120	29
-1.5026	118	29
-1.5185	126	29
-1.5645	101	29
-1.5033	143	29
-1.503	130	29
-1.5019	164	29
-1.5054	150	29
-1.5005	130	29
-1.5008	114	29
-1.4966	119	29
-1.5166	136	29
-1.498	140	29
-1.5027	151	29
-1.5033	143	29
-1.5008	142	29
-1.5611	158	29
-1.4988	131	29
-1.562	137	29
-1.5079	147	29
-1.5069	165	29
-1.5035	132	29
-1.5059	114	29
-1.5054	152	29
-1.5595	124	29
-1.507	130	29
-1.5493	161	29
-1.5006	131	29
-1.5146	123	29
-1.4925	124	29
-1.5607	133	29
-1.5007	142	29
-1.4943	146	29
-1.5072	157	29
-1.5509	167	29
-1.5087	150	29
-1.5065	126	29
-1.4985	108	29
-1.4881	131	29
-1.4952	137	29
-1.5165	146	29
-1.5017	124	29
-1.5026	106	29
-1.5051	132	29
-1.5096	143	29
-1.5068	154	29
-1.5441	124	29
-1.5058	115	29
-1.5072	149	29
-1.5658	121	29
-1.4958	144	29
-1.4943	136	29
-1.5604	137	29
-1.5432	138	29
-1.5466	145	29
-1.5272	132	29
-1.5705	116	29
-1.5043	134	29
-1.5567	129	29
-1.5102	120	29
-1.5065	118	29
-1.5649	113	29
-1.4966	131	29
-1.5544	142	29
-1.5107	146	29
-1.5726	146	29
-1.4999	124	29
-1.5057	124	29
-1.5312	111	29
-1.5354	135	29
-1.5069	147	29
-1.5613	121	29
-1.512	124	29
-1.4822	136	29
-1.5077	124	29
-1.4957	110	29
-1.5071	134	29
-1.506	158	29
-1.5021	134	29
-1.5116	122	29
-1.5394	133	29
-1.568	125	29
-1.5022	122	29
-1.525	137	29
-1.5015	146	29
-1.5017	163	29
-1.5115	171	29
-1.5037	133	29
-1.5662	121	29
-1.5023	140	29
-1.5068	125	29
-1.5124	115	29
-1.5117	142	29
-1.5041	115	29
-1.5328	120	29
-1.505	121	29
-1.508	125	29
-1.5582	139	29
-1.5482	102	29
-1.5765	113	29
-1.5072	123	29
-1.5032	126	29
-1.5049	147	29
-1.5361	136	29
-1.5054	153	29
-1.493	121	29
-1.5713	131	29
-1.5489	143	29
-1.5019	155	29
-1.5239	135	29
-1.5724	113	29
-1.5023	126	29
-1.5376	129	29
-1.5069	119	29
-1.4991	158	29
-1.4892	144	29
-1.5052	133	29
-1.5627	107	29
-1.4945	144	29
-1.5057	138	29
-1.5039	122	29
-1.5068	144	29
-1.5104	115	29
-1.5572	140	29
-1.5016	136	29
-1.5039	132	29
-1.4979	138	29
-1.5223	149	29
-1.5041	140	29
-1.4929	135	29
-1.5044	166	29
-1.5007	146	29
-1.5146	149	29
-1.5104	158	29
-1.5032	137	29
-1.4992	123	29
-1.5017	144	29
-1.4983	145	29
-1.5049	152	29
-1.5006	154	29
-1.5024	135	29
-1.5054	127	29
-1.5048	170	29
-1.5418	147	29
-1.5702	130	29
-1.5166	128	29
-1.5036	145	29
-1.5549	118	29
-1.4928	137	29
-1.5037	127	29
-1.5164	113	29
-1.5678	142	29
-1.5717	141	29
-1.5048	122	29
-1.5576	131	29
-1.4985	135	29
-1.5089	144	29
-1.4978	132	29
-1.504	132	29
-1.5159	144	29
-1.5033	128	29
-1.5011	126	29
-1.5422	123	29
-1.5543	139	29
-1.5144	130	29
-1.5658	112	29
-1.5021	130	29
-1.4919	140	29
-1.5537	132	29
-1.4965	152	29
-1.4872	126	29
-1.5648	110	29
-1.5109	131	29
-1.5037	156	29
-1.5012	148	29
-1.5024	130	29
-1.5657	139	29
-1.5019	125	29
-1.4998	130	29
-1.5659	112	29
-1.5007	152	29
-1.5472	125	29
-1.5049	139	29
-1.4994	141	29
-1.4999	139	29
-1.5087	140	29
-1.4938	108	29
-1.5083	125	29
-1.4913	144	29
-1.5631	122	29
-1.4931	158	29
-1.5058	142	29
-1.4988	145	29
-1.5052	145	29
-1.5622	150	29
-1.4422	156	29
-1.5268	119	29
-1.5554	143	29
-1.501	145	29
-1.5495	134	29
-1.4753	105	29
-1.5024	154	29
-1.488	119	29
-1.5094	121	29
-1.5053	125	29
-1.5036	132	29
-1.5578	130	29
-1.5025	144	29
-1.5074	135	29
-1.4987	129	29
-1.5604	129	29
-1.5219	134	29
-1.5022	113	29
-1.5074	141	29
-1.5036	130	29
-1.5064	149	29
-1.5464	128	29
-1.5046	131	29
-1.5492	115	29
-1.5008	142	29
-1.5463	134	29
-1.5059	145	29
-1.5026	157	29
-1.504	134	29
-1.5054	126	29
-1.5588	122	29
-1.5046	131	29
-1.4999	120	29
-1.5528	141	29
-1.5037	157	29
-1.5653	144	29
-1.5134	125	29
-1.5043	134	29
-1.5674	153	29
-1.5019	122	29
-1.499	132	29
-1.5045	126	29
-1.5581	136	29
-1.4937	112	29
-1.4959	144	29
-1.505	153	29
-1.4952	121	29
-1.5015	141	29
-1.5578	131	29
-1.4961	159	29
-1.5715	116	29
-1.543	143	29
-1.4885	137	29
-1.5049	142	29
-1.4966	138	29
-1.506	136	29
-1.5149	118	29
-1.5115	148	29
-1.5125	134	29
-1.5445	129	29
-1.5358	118	29
-1.4969	128	29
-1.5056	131	29
-1.5045	141	29
-1.4863	153	29
-1.497	140	29
-1.534	147	29
-1.506	144	29
-1.4953	149	29
-1.5457	128	29
-1.509	136	29
-1.5019	135	29
-1.509	132	29
-1.4986	125	29
-1.5692	139	29
-1.5422	142	29
-1.566	130	29
-1.505	128	29
-1.5023	138	29
-1.5024	138	29
-1.5367	170	29
-1.5098	124	29
-1.5076	119	29
-1.5091	134	29
-1.5056	120	29
-1.5045	127	29
-1.5313	151	29
-1.512	133	29
-1.4994	128	29
-1.5565	143	29
-1.5704	126	29
-1.521	144	29
-1.5034	137	29
-1.5494	122	29
-1.5003	107	29
-1.5548	137	29
-1.5311	109	29
-1.5634	132	29
-1.5577	130	29
-1.5092	134	29
-1.5641	138	29
-1.5078	143	29
-1.51	131	29
-1.5323	130	29
-1.5643	119	29
-1.5088	102	29
-1.5092	146	29
-1.499	128	29
-1.5599	122	29
-1.5097	139	29
-1.5502	139	29
-1.5585	135	29
-1.4986	128	29
-1.5578	104	29
-1.5667	92	29
-1.5058	139	29
-1.507	104	29
-1.5583	122	29
-1.5589	137	29
-1.5087	129	29
-1.5107	127	29
-1.4978	124	29
-1.5082	149	29
-1.5555	134	29
-1.4987	142	29
-1.5108	153	29
-1.5109	110	29
-1.4983	128	29
-1.5007	133	29
-1.5018	138	29
-1.5111	154	29
-1.5071	127	29
-1.5009	128	29
-1.5462	143	29
-1.509	136	29
-1.51	140	29
-1.5016	144	29
-1.5052	153	29
-1.5556	92	29
-1.5052	143	29
-1.4978	147	29
-1.5384	122	29
-1.5516	122	29
-1.5071	131	29
-1.4997	131	29
-1.4977	136	29
-1.4884	143	29
-1.5069	127	29
-1.5496	119	29
-1.5077	133	29
-1.5055	115	29
-1.4923	149	29
-1.5009	136	29
-1.5088	137	29
-1.4995	135	29
-1.5188	119	29
-1.5553	131	29
-1.51	133	29
-1.5036	136	29
-1.5564	136	29
-1.5319	129	29
-1.5068	128	29
-1.5068	144	29
-1.5121	153	29
-1.4977	112	29
-1.5047	135	29
-1.5417	135	29
-1.5006	134	29
-1.5573	185	29
-1.5016	155	29
-1.4936	115	29
-1.5043	135	29
-1.5083	121	29
-1.5336	139	29
-1.5481	116	29
-1.501	119	29
-1.5145	122	29
-1.5619	141	29
-1.5042	145	29
-1.5334	116	29
-1.5281	147	29
-1.5057	127	29
-1.5052	130	29
-1.5063	126	29
-1.566	124	29
-1.4892	153	29
-1.5027	144	29
-1.5015	117	29
-1.4981	133	29
-1.5002	150	29
-1.5053	136	29
-1.5299	128	29
-1.5003	145	29
-1.5028	146	29
-1.5047	149	29
-1.493	153	29
-1.5045	134	29
-1.5056	107	29
-1.5093	117	29
-1.5619	155	29
-1.5518	153	29
-1.5048	119	29
-1.5117	148	29
-1.5155	140	29
-1.5004	149	29
-1.493	139	29
-1.4952	157	29
-1.5335	138	29
-1.5352	149	29
-1.5074	136	29
-1.5493	125	29
-1.4977	161	29
-1.553	169	29
-1.5365	120	29
-1.5098	136	29
-1.5441	116	29
-1.5445	134	29
-1.5608	138	29
-1.5026	131	29
-1.5049	134	29
-1.5523	113	29
-1.4975	133	29
-1.5588	141	29
-1.5622	150	29
-1.5038	151	29
-1.5629	140	29
-1.5509	134	29
-1.5067	139	29
-1.5025	123	29
-1.5037	125	29
-1.5092	124	29
-1.5033	132	29
-1.5012	122	29
-1.4973	148	29
-1.5052	127	29
-1.4953	133	29
-1.5019	138	29
-1.5095	131	29
-1.5064	111	29
-1.5058	131	29
-1.5473	156	29
-1.5017	131	29
-1.503	139	29
-1.5082	125	29
-1.5097	143	29
-1.5337	141	29
-1.5472	136	29
-1.5602	118	29
-1.5546	154	29
-1.5134	139	29
-1.5019	156	29
-1.4971	140	29
-1.5059	125	29
-1.502	136	29
-1.5383	111	29
-1.5345	123	29
-1.5006	140	29
-1.5004	147	29
-1.5078	146	29
-1.5525	124	29
-1.5053	126	29
-1.5018	134	29
-1.5614	128	29
-1.5053	124	29
-1.4992	136	29
-1.4971	155	29
-1.565	121	29
-1.5462	109	29
-1.5079	124	29
-1.566	112	29
-1.5028	130	29
-1.543	122	29
-1.564	140	29
-1.5547	124	29
-1.5462	153	29
-1.5038	159	29
-1.5037	138	29
-1.4958	153	29
-1.5038	113	29
-1.5449	126	29
-1.5084	118	29
-1.5063	136	29
-1.5629	117	29
-1.5071	133	29
-1.5049	142	29
-1.5445	120	29
-1.5063	124	29
-1.5065	134	29
-1.5111	162	29
-1.5043	156	29
-1.494	129	29
-1.5031	133	29
-1.5299	106	29
-1.55	150	29
-1.5046	142	29
-1.5071	141	29
-1.502	113	29
-1.507	143	29
-1.5413	94	29
-1.5092	128	29
-1.514	145	29
-1.5076	155	29
-1.4928	129	29
-1.5041	117	29
-1.5742	133	29
-1.5603	124	29
-1.5054	130	29
-1.5113	128	29
-1.5017	128	29
-1.4875	160	29
-1.5062	125	29
-1.4984	150	29
-1.5027	109	29
-1.4969	143	29
-1.5143	142	29
-1.5068	144	29
-1.5044	141	29
-1.544	133	29
-1.4949	126	29
-1.5671	132	29
-1.5035	142	29
-1.5055	137	29
-1.497	141	29
-1.4814	161	29
-1.5083	146	29
-1.4984	138	29
-1.5546	127	29
-1.5398	154	29
-1.4914	128	29
-1.5063	128	29
-1.5141	141	29
-1.5076	120	29
-1.5438	135	29
-1.5104	123	29
-1.5137	124	29
-1.5491	129	29
-1.5167	114	29
-1.5028	138	29
-1.5075	126	29
-1.4985	118	29
-1.568	130	29
-1.5016	151	29
-1.5617	132	29
-1.5127	124	29
-1.5422	122	29
-1.5036	122	29
-1.5041	124	29
-1.5601	125	29
-1.5733	147	29
-1.5156	134	29
-1.5034	163	29
-1.4996	118	29
-1.5083	140	29
-1.5504	134	29
-1.5003	119	29
-1.5569	116	29
-1.5565	127	29
-1.5051	141	29
-1.5578	139	29
-1.4982	143	29
-1.5398	146	29
-1.506	162	29
-1.538	119	29
-1.5401	150	29
-1.4936	138	29
-1.5467	133	29
-1.5262	130	29
-1.5199	156	29
-1.5275	141	29
-1.5108	157	29
-1.5194	128	29
-1.5006	115	29
-1.5119	164	29
-1.5477	162	29
-1.4986	140	29
-1.506	132	29
-1.4969	155	29
-1.5011	148	29
-1.5099	143	29
-1.5035	131	29
-1.511	130	29
-1.572	107	29
-1.5199	136	29
-1.5515	140	29
-1.5586	121	29
-1.4999	141	29
-1.5012	132	29
-1.5496	130	29
-1.5139	110	29
-1.5044	113	29
-1.5016	142	29
-1.5413	141	29
-1.5112	136	29
-1.557	153	29
-1.5043	154	29
-1.5136	164	29
-1.4991	155	29
-1.5134	124	29
-1.5034	142	29
-1.5032	139	29
-1.5671	148	29
-1.5066	128	29
-1.4967	142	29
-1.5575	151	29
-1.5021	120	29
-1.5029	137	29
-1.5066	151	29
-1.496	142	29
-1.4983	140	29
-1.5101	130	29
-1.5148	125	29
-1.5434	140	29
-1.507	136	29
-1.507	130	29
-1.5024	116	29
-1.4984	155	29
-1.5522	117	29
-1.5002	158	29
-1.5623	125	29
-1.5591	136	29
-1.4999	141	29
-1.5043	116	29
-1.5669	121	29
-1.5118	127	29
-1.5023	144	29
-1.5388	134	29
-1.5478	127	29
-1.5047	154	29
-1.5066	131	29
-1.5275	141	29
-1.5053	142	29
-1.5017	130	29
-1.5092	113	29
-1.5057	105	29
-1.5637	128	29
-1.5549	142	29
-1.5122	145	29
-1.5395	144	29
-1.5128	121	29
-1.5463	140	29
-1.5551	156	29
-1.5189	107	29
-1.5053	153	29
-1.5397	143	29
-1.5696	144	29
-1.5647	132	29
-1.5141	143	29
-1.4985	153	29
-1.53	124	29
-1.5341	131	29
-1.5048	119	29
-1.5075	140	29
-1.4947	150	29
-1.5022	141	29
-1.5455	125	29
-1.508	152	29
-1.5107	125	29
-1.5017	164	29
-1.5029	118	29
-1.4858	153	29
-1.5063	126	29
-1.4992	134	29
-1.491	137	29
-1.5043	133	29
-1.4942	132	29
-1.5072	128	29
-1.5044	146	29
-1.5145	142	29
-1.5035	146	29
-1.5091	126	29
-1.5703	142	29
-1.53	118	29
-1.5128	127	29
-1.5099	123	29
-1.5533	125	29
-1.5039	126	29
-1.5045	133	29
-1.5654	115	29
-1.5726	114	29
